1.43671347927456	0.167344933383334	15.7974551751355	
3.44724419823675	1.66048584746665	15.8363384623328	
5.45952092532813	3.15205576357207	15.8567796153991	
7.47158823756259	4.64534556826127	15.8477456386864	
9.48274182408304	6.1391002433527	15.849775283608	
11.4942878075503	7.63048965330466	15.8497752802009	
13.5052981512584	9.1221579438605	15.8198559521587	
10.0557600545872	1.16055773110645	15.7974551716902	
12.0664133923258	2.65532484117593	15.8198559603878	
3.1602603551903	4.14791227320552	15.8477456398176	
5.17392184595657	5.64052348986746	15.8363384563856	
7.18541401824309	7.13485213628782	15.8198559575938	
9.19563663367769	8.62815210900455	15.8349400509079	
5.74671418379678	0.662909452124444	15.8477456382147	
7.75739673463096	2.15515795331476	15.8363384564635	
9.76806637719463	3.64957870115243	15.8349400493847	
11.7800959241018	5.1427450332234	15.8497752825131	
13.7934225480312	6.63460411468011	15.8349400440922	
4.88608925083184	8.12826462228986	15.797455169417	
