Number of atoms: 76

Lattice vectors:
a:    10.919041854     0.000000000     0.000000000
b:     5.459520927     9.456167630     0.000000000
c:     0.000000000     0.000000000    35.000000000

Cartesian coordinates:
1      0.000000     0.000000    19.175000
2      6.896237     9.290270    19.175000
1      2.298746     0.995386    19.175000
2      3.735462     0.829488    19.175000
1      4.597491     1.990772    19.175000
2      6.034207     1.824874    19.175000
1      6.896237     2.986158    19.175000
2      8.332953     2.820261    19.175000
1      9.194983     3.981544    19.175000
2     10.631699     3.815647    19.175000
1     11.493728     4.976930    19.175000
2     12.930444     4.811033    19.175000
1     13.792474     5.972316    19.175000
2      4.310148     5.806419    19.175000
1      5.172178     6.967702    19.175000
2      6.608894     6.801805    19.175000
1      7.470923     7.963089    19.175000
2      8.907639     7.797191    19.175000
1      9.769669     8.958475    19.175000
2     11.206385     8.792577    19.175000
1      6.608894     0.497693    19.175000
2      8.045610     0.331795    19.175000
1      8.907639     1.493079    19.175000
2     10.344355     1.327181    19.175000
1     11.206385     2.488465    19.175000
2      1.724059     2.322567    19.175000
1      2.586089     3.483851    19.175000
2      4.022805     3.317954    19.175000
1      4.884835     4.479237    19.175000
2      6.321551     4.313340    19.175000
1      7.183580     5.474623    19.175000
2      8.620296     5.308726    19.175000
1      9.482326     6.470009    19.175000
2     10.919042     6.304112    19.175000
1     11.781071     7.465395    19.175000
2     13.217788     7.299498    19.175000
1     14.079817     8.460782    19.175000
2     15.516533     8.294884    19.175000
1      0.000000     0.000000    15.825000
2      1.436716     0.165898    15.825000
1      2.011402     1.493079    15.825000
2      3.448118     1.658977    15.825000
1      4.022805     2.986158    15.825000
2      5.459521     3.152056    15.825000
1      6.034207     4.479237    15.825000
2      7.470923     4.645135    15.825000
1      8.045610     5.972316    15.825000
2      9.482326     6.138214    15.825000
1     10.057012     7.465395    15.825000
2     11.493728     7.631293    15.825000
1     12.068415     8.958475    15.825000
2     13.505131     9.124372    15.825000
1      8.620296     0.995386    15.825000
2     10.057012     1.161284    15.825000
1     10.631699     2.488465    15.825000
2     12.068415     2.654363    15.825000
1     12.643101     3.981544    15.825000
2      3.160775     4.147442    15.825000
1      3.735462     5.474623    15.825000
2      5.172178     5.640521    15.825000
1      5.746864     6.967702    15.825000
2      7.183580     7.133600    15.825000
1      7.758267     8.460782    15.825000
2      9.194983     8.626679    15.825000
1      4.310148     0.497693    15.825000
2      5.746864     0.663591    15.825000
1      6.321551     1.990772    15.825000
2      7.758267     2.156670    15.825000
1      8.332953     3.483851    15.825000
2      9.769669     3.649749    15.825000
1     10.344355     4.976930    15.825000
2     11.781071     5.142828    15.825000
1     12.355758     6.470009    15.825000
2     13.792474     6.635907    15.825000
1     14.367160     7.963089    15.825000
2      4.884835     8.128986    15.825000

