6.999999999999999816e-09 -5.000000000000000105e-09 0.000000000000000000e+00 -2.000000000000000125e-09 1.000000000000000062e-09 2.000000000000000042e-08 -5.999999999999999960e-09 -8.999999999999999527e-09 0.000000000000000000e+00 1.000000000000000062e-09 1.000000000000000062e-09 -5.999999999999999960e-09 2.999999999999999980e-09 1.499999999999999866e-08 5.000000000000000105e-09 1.099999999999999924e-08 1.000000000000000062e-09 2.999999999999999980e-09 3.099999999999999966e-08
-8.457299999999999540e-02 -1.314099999999999990e-01 -1.697299999999999920e-01 -1.880600000000000049e-01 -1.812600000000000044e-01 -1.489600000000000091e-01 -9.709399999999999975e-02 -3.287199999999999844e-02 3.529399999999999898e-02 9.832299999999999374e-02 1.489499999999999991e-01 1.837199999999999944e-01 1.965899999999999870e-01 1.846599999999999908e-01 1.484900000000000109e-01 9.538199999999999457e-02 3.293399999999999800e-02 -2.958900000000000072e-02 -8.484999999999999487e-02
-1.446699999999999930e-01 -2.265300000000000091e-01 -2.878299999999999748e-01 -3.085200000000000164e-01 -2.946500000000000230e-01 -2.412100000000000077e-01 -1.567099999999999882e-01 -5.324099999999999666e-02 5.446899999999999659e-02 1.535499999999999921e-01 2.345399999999999985e-01 2.912699999999999734e-01 3.138299999999999979e-01 2.969399999999999817e-01 2.414900000000000102e-01 1.564699999999999980e-01 5.395300000000000096e-02 -5.068999999999999895e-02 -1.443300000000000138e-01
-1.534699999999999953e-01 -2.349499999999999922e-01 -2.912000000000000144e-01 -3.137599999999999834e-01 -2.966799999999999993e-01 -2.414600000000000080e-01 -1.564200000000000035e-01 -5.353200000000000319e-02 5.053699999999999859e-02 1.444499999999999951e-01 2.253000000000000003e-01 2.829099999999999948e-01 3.084100000000000175e-01 2.946699999999999875e-01 2.411899999999999877e-01 1.567900000000000127e-01 5.321700000000000041e-02 -5.449299999999999977e-02 -1.535700000000000121e-01
-9.833300000000000374e-02 -1.489600000000000091e-01 -1.837199999999999944e-01 -1.965699999999999947e-01 -1.846299999999999886e-01 -1.485200000000000131e-01 -9.542100000000000581e-02 -3.279200000000000170e-02 2.961199999999999943e-02 8.419599999999999307e-02 1.313799999999999968e-01 1.695899999999999908e-01 1.880400000000000127e-01 1.812000000000000000e-01 1.489099999999999868e-01 9.703799999999999926e-02 3.286700000000000038e-02 -3.530300000000000105e-02 -9.839299999999999435e-02
-1.008199999999999941e-10 2.575400000000000226e-10 -5.547099999999999591e-09 1.368900000000000102e-09 1.389000000000000063e-08 4.463299999999999673e-09 1.575899999999999904e-08 -2.012800000000000018e-10 -1.980499999999999933e-09 1.962400000000000089e-08 -2.669900000000000055e-09 4.951400000000000086e-09 3.331099999999999798e-09 5.330700000000000214e-09 2.442199999999999859e-08 1.464099999999999938e-09 -5.892899999999999782e-09 1.892200000000000145e-09 2.787600000000000176e-09
9.840400000000000535e-02 1.489499999999999991e-01 1.837499999999999967e-01 1.965600000000000125e-01 1.846399999999999986e-01 1.485299999999999954e-01 9.595199999999999563e-02 3.278500000000000164e-02 -2.962700000000000056e-02 -8.511900000000000022e-02 -1.316599999999999993e-01 -1.701600000000000057e-01 -1.883299999999999974e-01 -1.811899999999999900e-01 -1.489000000000000046e-01 -9.702299999999999813e-02 -3.288200000000000151e-02 3.530799999999999911e-02 9.830999999999999461e-02
1.536800000000000110e-01 2.346300000000000052e-01 2.912100000000000244e-01 3.137499999999999734e-01 2.966900000000000093e-01 2.414699999999999902e-01 1.564800000000000080e-01 5.369600000000000067e-02 -5.067900000000000182e-02 -1.443599999999999883e-01 -2.249599999999999933e-01 -2.836099999999999732e-01 -3.086200000000000054e-01 -2.946799999999999975e-01 -2.411699999999999955e-01 -1.566800000000000137e-01 -5.323399999999999660e-02 5.446999999999999759e-02 1.539399999999999935e-01
1.444100000000000106e-01 2.252200000000000035e-01 2.830900000000000083e-01 3.084200000000000275e-01 2.947000000000000175e-01 2.412300000000000000e-01 1.567000000000000060e-01 5.323800000000000060e-02 -5.445099999999999940e-02 -1.545700000000000129e-01 -2.346199999999999952e-01 -2.912100000000000244e-01 -3.138400000000000079e-01 -2.968700000000000228e-01 -2.416099999999999914e-01 -1.564399999999999957e-01 -5.353999999999999732e-02 5.115100000000000202e-02 1.444900000000000073e-01
8.422100000000000419e-02 1.312000000000000111e-01 1.694900000000000018e-01 1.888100000000000056e-01 1.811699999999999977e-01 1.489499999999999991e-01 9.705900000000000638e-02 3.286300000000000332e-02 -3.528799999999999992e-02 -9.830099999999999949e-02 -1.489699999999999913e-01 -1.837900000000000089e-01 -1.966299999999999992e-01 -1.846399999999999986e-01 -1.484900000000000109e-01 -9.548900000000000443e-02 -3.278799999999999770e-02 2.959699999999999831e-02 8.510800000000000309e-02
8.428200000000000322e-09 -9.505999999999999227e-09 1.472400000000000003e-09 1.403100000000000045e-09 2.359099999999999846e-09 2.290400000000000114e-08 -3.865999999999999678e-09 -1.295200000000000077e-08 9.595500000000000624e-10 2.552800000000000118e-09 -7.228600000000000246e-10 -5.601099999999999611e-09 1.881000000000000019e-09 1.436899999999999949e-08 5.106500000000000099e-09 8.833599999999999770e-09 2.156400000000000122e-09 6.443099999999999805e-09 2.661500000000000043e-08
