1.122360000000000058e-16 -8.305999999999999495e-02 -1.364799999999999902e-01 -1.549000000000000099e-01 -1.364799999999999902e-01 -8.304999999999999882e-02 -2.664319999999999865e-07 1.040399999999999936e-01 2.175799999999999956e-01 3.272100000000000009e-01 4.188399999999999901e-01 4.798399999999999888e-01 5.012299999999999534e-01 4.798399999999999888e-01 4.188100000000000156e-01 3.271800000000000264e-01 2.175799999999999956e-01 1.040599999999999997e-01 -4.868570000000000043e-05
2.923999999999999863e-02 -3.726000000000000145e-02 -7.988000000000000655e-02 -9.453999999999999904e-02 -7.988000000000000655e-02 -3.726000000000000145e-02 2.923999999999999863e-02 1.129600000000000048e-01 2.048200000000000021e-01 2.939599999999999991e-01 3.687799999999999967e-01 4.187299999999999911e-01 4.362699999999999911e-01 4.187299999999999911e-01 3.687500000000000222e-01 2.939399999999999791e-01 2.048200000000000021e-01 1.129799999999999971e-01 2.920000000000000026e-02
1.078000000000000069e-01 8.475000000000000588e-02 7.055000000000000160e-02 6.576999999999999513e-02 7.055000000000000160e-02 8.475000000000000588e-02 1.078000000000000069e-01 1.382400000000000018e-01 1.733300000000000118e-01 2.089100000000000124e-01 2.398500000000000076e-01 2.610000000000000098e-01 2.685199999999999809e-01 2.610000000000000098e-01 2.398299999999999876e-01 2.089000000000000024e-01 1.733300000000000118e-01 1.382500000000000118e-01 1.077899999999999969e-01
2.089100000000000124e-01 2.398500000000000076e-01 2.610000000000000098e-01 2.685199999999999809e-01 2.610000000000000098e-01 2.398399999999999976e-01 2.089100000000000124e-01 1.733200000000000018e-01 1.382400000000000018e-01 1.078000000000000069e-01 8.475000000000000588e-02 7.055000000000000160e-02 6.576999999999999513e-02 7.055000000000000160e-02 8.476000000000000201e-02 1.078100000000000031e-01 1.382400000000000018e-01 1.733200000000000018e-01 2.089300000000000046e-01
2.939599999999999991e-01 3.687799999999999967e-01 4.187199999999999811e-01 4.362699999999999911e-01 4.187199999999999811e-01 3.687799999999999967e-01 2.939599999999999991e-01 2.048099999999999921e-01 1.129600000000000048e-01 2.923999999999999863e-02 -3.726000000000000145e-02 -7.989000000000000268e-02 -9.453999999999999904e-02 -7.989000000000000268e-02 -3.724000000000000227e-02 2.926000000000000129e-02 1.129499999999999948e-01 2.047899999999999998e-01 2.939999999999999836e-01
3.272100000000000009e-01 4.188500000000000001e-01 4.798200000000000243e-01 5.012299999999999534e-01 4.798200000000000243e-01 4.188399999999999901e-01 3.272100000000000009e-01 2.175799999999999956e-01 1.040299999999999975e-01 -4.549100000000000203e-06 -8.305999999999999495e-02 -1.364900000000000002e-01 -1.549000000000000099e-01 -1.364900000000000002e-01 -8.301999999999999658e-02 2.407849999999999994e-05 1.040299999999999975e-01 2.175499999999999934e-01 3.272599999999999953e-01
2.939599999999999991e-01 3.687799999999999967e-01 4.187199999999999811e-01 4.362699999999999911e-01 4.187199999999999811e-01 3.687799999999999967e-01 2.939599999999999991e-01 2.048099999999999921e-01 1.129600000000000048e-01 2.923999999999999863e-02 -3.726000000000000145e-02 -7.989000000000000268e-02 -9.453999999999999904e-02 -7.989000000000000268e-02 -3.724000000000000227e-02 2.926000000000000129e-02 1.129499999999999948e-01 2.047899999999999998e-01 2.939999999999999836e-01
2.089100000000000124e-01 2.398500000000000076e-01 2.610000000000000098e-01 2.685199999999999809e-01 2.610000000000000098e-01 2.398399999999999976e-01 2.089100000000000124e-01 1.733200000000000018e-01 1.382400000000000018e-01 1.078000000000000069e-01 8.475000000000000588e-02 7.055000000000000160e-02 6.576999999999999513e-02 7.055000000000000160e-02 8.476000000000000201e-02 1.078100000000000031e-01 1.382400000000000018e-01 1.733200000000000018e-01 2.089300000000000046e-01
1.078000000000000069e-01 8.475000000000000588e-02 7.055000000000000160e-02 6.576999999999999513e-02 7.055000000000000160e-02 8.475000000000000588e-02 1.078000000000000069e-01 1.382400000000000018e-01 1.733300000000000118e-01 2.089100000000000124e-01 2.398500000000000076e-01 2.610000000000000098e-01 2.685199999999999809e-01 2.610000000000000098e-01 2.398299999999999876e-01 2.089000000000000024e-01 1.733300000000000118e-01 1.382500000000000118e-01 1.077899999999999969e-01
2.923999999999999863e-02 -3.726000000000000145e-02 -7.988000000000000655e-02 -9.453999999999999904e-02 -7.988000000000000655e-02 -3.726000000000000145e-02 2.923999999999999863e-02 1.129600000000000048e-01 2.048200000000000021e-01 2.939599999999999991e-01 3.687799999999999967e-01 4.187299999999999911e-01 4.362699999999999911e-01 4.187299999999999911e-01 3.687500000000000222e-01 2.939399999999999791e-01 2.048200000000000021e-01 1.129799999999999971e-01 2.920000000000000026e-02
1.122360000000000058e-16 -8.305999999999999495e-02 -1.364799999999999902e-01 -1.549000000000000099e-01 -1.364799999999999902e-01 -8.304999999999999882e-02 -2.664319999999999865e-07 1.040399999999999936e-01 2.175799999999999956e-01 3.272100000000000009e-01 4.188399999999999901e-01 4.798399999999999888e-01 5.012299999999999534e-01 4.798399999999999888e-01 4.188100000000000156e-01 3.271800000000000264e-01 2.175799999999999956e-01 1.040599999999999997e-01 -4.868570000000000043e-05
