6.999999989942299994e-09 -5.000000025220500408e-09 -7.463030000000000263e-18 -2.000000065982100271e-09 9.999999675404999728e-10 2.000000001783140053e-08 -5.999999988107199950e-09 -9.000000041419698889e-09 -3.156299999999999760e-17 9.999999921483601221e-10 9.999999983520399743e-10 -6.000000009806189726e-09 3.000000002639769888e-09 1.499999999622018031e-08 4.999999981409699827e-09 1.099999998955679934e-08 1.000000000185307131e-09 2.999999988122399827e-09 3.099999994821900285e-08
8.667000000000008031e-03 1.289999999999999480e-02 7.980000000000014859e-03 1.269999999999993356e-03 -3.540000000000015357e-03 -4.650000000000015232e-03 -3.853999999999996318e-03 -2.201999999999999097e-03 -6.659999999999999254e-04 -4.370000000000068274e-04 -1.239999999999991109e-03 -2.000000000000057288e-04 9.299999999999863931e-04 7.399999999999906652e-04 -1.679999999999987059e-03 -3.368000000000009875e-03 -3.026000000000000911e-03 1.070999999999999036e-03 8.420000000000010809e-03
8.959999999999995746e-03 9.910000000000002141e-03 2.810000000000034692e-03 9.899999999999908873e-04 -4.000000000000003553e-03 -4.780000000000006466e-03 -3.079999999999999405e-03 -9.709999999999996412e-04 -1.071000000000002506e-03 -3.490000000000020863e-03 -5.530000000000007132e-03 -3.220000000000000639e-03 4.100000000000214584e-04 2.450000000000007727e-03 1.450000000000006839e-03 -5.400000000000126921e-04 -1.586999999999998134e-03 1.550000000000002764e-03 9.339999999999987201e-03
3.570000000000017604e-03 5.120000000000013429e-03 3.280000000000005134e-03 -3.400000000000069633e-04 -2.199999999999979750e-03 -1.390000000000002345e-03 6.200000000000094325e-04 1.997999999999999776e-03 -1.732999999999998431e-03 -9.179999999999993721e-03 -1.114000000000001100e-02 -7.740000000000024638e-03 -1.099999999999989875e-03 4.019999999999968043e-03 4.789999999999988711e-03 3.190000000000026148e-03 9.470000000000033946e-04 1.016999999999997073e-03 3.509999999999985354e-03
4.269999999999968265e-04 1.229999999999981108e-03 2.000000000000057288e-04 -9.099999999999941469e-04 -7.099999999999884182e-04 1.669999999999977058e-03 3.338999999999994750e-03 3.158000000000001084e-03 -1.057999999999999913e-03 -9.044000000000010364e-03 -1.292999999999999705e-02 -8.129999999999998339e-03 -1.289999999999985603e-03 3.480000000000010862e-03 4.619999999999985230e-03 3.808000000000005825e-03 2.197000000000001035e-03 6.369999999999986784e-04 3.970000000000084572e-04
-1.008200209976999982e-10 2.575400145436000328e-10 -5.547100007360779595e-09 1.368900006215180039e-09 1.388999999782916107e-08 4.463299998052249892e-09 1.575899999820686999e-08 -2.012799781859000042e-10 -1.980499979412800044e-09 1.962399997327200197e-08 -2.669900000829129919e-09 4.951399996984600017e-09 3.331099988758399793e-09 5.330699953241900517e-09 2.442200001736679783e-08 1.464100049174999996e-09 -5.892900006910939944e-09 1.892200011023999951e-09 2.787599998950330312e-09
-3.559999999999952092e-04 -1.239999999999991109e-03 -1.700000000000034817e-04 9.000000000000119016e-04 7.199999999999984190e-04 -1.659999999999994813e-03 -2.808000000000004936e-03 -3.165000000000001146e-03 1.042999999999998789e-03 8.121000000000003216e-03 1.264999999999999458e-02 7.559999999999983400e-03 1.000000000000000888e-03 -3.470000000000000862e-03 -4.610000000000002984e-03 -3.793000000000004701e-03 -2.212000000000002159e-03 -6.320000000000006168e-04 -4.800000000000081979e-04
-3.360000000000001874e-03 -5.440000000000000391e-03 -3.269999999999995133e-03 3.299999999999969624e-04 2.209999999999989750e-03 1.399999999999984590e-03 -5.600000000000049383e-04 -1.834000000000002295e-03 1.590999999999995196e-03 9.270000000000000462e-03 1.148000000000001797e-02 7.040000000000046221e-03 8.900000000000019007e-04 -4.029999999999978044e-03 -4.769999999999996465e-03 -3.080000000000027160e-03 -9.639999999999995794e-04 -1.039999999999999258e-03 -3.140000000000003899e-03
-9.219999999999978213e-03 -1.122000000000000774e-02 -7.550000000000001155e-03 -1.089999999999979874e-03 4.049999999999998046e-03 4.799999999999998712e-03 3.070000000000017160e-03 9.680000000000035798e-04 1.088999999999999690e-03 2.469999999999999973e-03 5.450000000000010392e-03 3.279999999999949623e-03 -4.200000000000314593e-04 -2.380000000000048743e-03 -1.569999999999988072e-03 5.700000000000149392e-04 2.000000000000001776e-03 -1.088999999999999690e-03 -9.179999999999993721e-03
-9.018999999999999240e-03 -1.310999999999998278e-02 -8.220000000000005080e-03 -5.199999999999926903e-04 3.450000000000008615e-03 4.640000000000005231e-03 3.819000000000002948e-03 2.193000000000003974e-03 6.719999999999989870e-04 4.590000000000010738e-04 1.219999999999998863e-03 1.299999999999912337e-04 -9.699999999999986411e-04 -7.199999999999984190e-04 1.679999999999987059e-03 3.261000000000000010e-03 3.172000000000001207e-03 -1.063000000000001444e-03 -8.162000000000002586e-03
8.428199989942299674e-09 -9.506000025220499530e-09 1.472399992536969928e-09 1.403099934017900105e-09 2.359099967540499963e-09 2.290400001783140126e-08 -3.865999988107199668e-09 -1.295200004141970013e-08 9.595499684369999751e-10 2.552799992148359971e-09 -7.228600016479600092e-10 -5.601100009806189377e-09 1.881000002639769927e-09 1.436899999622017949e-08 5.106499981409699821e-09 8.833599989556799869e-09 2.156400000185307191e-09 6.443099988122400066e-09 2.661499994821900031e-08
