1.11623E-16
0.10403
0.21758
0.32721
0.41884
0.47983
0.50123
0.47982
0.41885
0.3272
0.21758
0.104
5.32864E-7
-0.08304
-0.1365
-0.1549
-0.13648
-0.08307
4.86912E-5
0.02924
0.11295
0.20482
0.29396
0.36878
0.41872
0.43627
0.41872
0.36878
0.29395
0.20482
0.11293
0.02924
-0.03725
-0.0799
-0.09454
-0.07988
-0.03728
0.02928
0.1078
0.13824
0.17333
0.20891
0.23985
0.261
0.26852
0.26099
0.23985
0.20891
0.17333
0.13823
0.1078
0.08476
0.07055
0.06577
0.07055
0.08475
0.10781
0.20891
0.17333
0.13824
0.1078
0.08475
0.07055
0.06577
0.07055
0.08475
0.1078
0.13824
0.17333
0.20891
0.23984
0.261
0.26852
0.261
0.23985
0.20889
0.29396
0.20482
0.11296
0.02924
-0.03726
-0.07988
-0.09454
-0.07988
-0.03726
0.02925
0.11295
0.20484
0.29396
0.36876
0.41873
0.43627
0.41872
0.3688
0.29391
0.32721
0.21758
0.10403
-4.81553E-6
-0.08306
-0.13648
-0.1549
-0.13648
-0.08306
4.54915E-6
0.10403
0.21761
0.32721
0.41882
0.47985
0.50123
0.47982
0.41887
0.32716
0.29396
0.20482
0.11296
0.02924
-0.03726
-0.07988
-0.09454
-0.07988
-0.03726
0.02925
0.11295
0.20484
0.29396
0.36876
0.41873
0.43627
0.41872
0.3688
0.29391
0.20891
0.17333
0.13824
0.1078
0.08475
0.07055
0.06577
0.07055
0.08475
0.1078
0.13824
0.17333
0.20891
0.23984
0.261
0.26852
0.261
0.23985
0.20889
0.1078
0.13824
0.17333
0.20891
0.23985
0.261
0.26852
0.26099
0.23985
0.20891
0.17333
0.13823
0.1078
0.08476
0.07055
0.06577
0.07055
0.08475
0.10781
0.02924
0.11295
0.20482
0.29396
0.36878
0.41872
0.43627
0.41872
0.36878
0.29395
0.20482
0.11293
0.02924
-0.03725
-0.0799
-0.09454
-0.07988
-0.03728
0.02928
1.11623E-16
0.10403
0.21758
0.32721
0.41884
0.47983
0.50123
0.47982
0.41885
0.3272
0.21758
0.104
5.32864E-7
-0.08304
-0.1365
-0.1549
-0.13648
-0.08307
4.86912E-5