0.62986
0.60297
0.52636
0.41121
0.27346
0.13075
3.34887E-7
-0.1044
-0.17156
-0.19471
-0.17156
-0.10438
-6.69773E-7
0.13072
0.27353
0.41125
0.52636
0.60296
0.62986
0.54824
0.52619
0.46345
0.36943
0.25743
0.14197
0.03676
-0.04684
-0.10042
-0.11885
-0.10042
-0.04682
0.03676
0.14195
0.25749
0.36946
0.46345
0.52618
0.54824
0.33744
0.32799
0.30143
0.26257
0.21786
0.17376
0.1355
0.10652
0.08865
0.08264
0.08865
0.10653
0.1355
0.17375
0.21789
0.26258
0.30143
0.32799
0.33744
0.08264
0.08865
0.10652
0.1355
0.17377
0.21787
0.26257
0.30143
0.32799
0.33744
0.32799
0.30142
0.26257
0.21788
0.17374
0.13549
0.10652
0.08866
0.08264
-0.11885
-0.10042
-0.04684
0.03676
0.14198
0.25743
0.36944
0.46345
0.52619
0.54824
0.52619
0.46343
0.36944
0.25746
0.14192
0.03673
-0.04684
-0.10041
-0.11885
-0.19471
-0.17156
-0.1044
6.05287E-6
0.13075
0.27347
0.41122
0.52636
0.60297
0.62986
0.60297
0.52633
0.41122
0.2735
0.13068
-3.02633E-5
-0.1044
-0.17155
-0.19471
-0.11885
-0.10042
-0.04684
0.03676
0.14198
0.25743
0.36944
0.46345
0.52619
0.54824
0.52619
0.46343
0.36944
0.25746
0.14192
0.03673
-0.04684
-0.10041
-0.11885
0.08264
0.08865
0.10652
0.1355
0.17377
0.21787
0.26257
0.30143
0.32799
0.33744
0.32799
0.30142
0.26257
0.21788
0.17374
0.13549
0.10652
0.08866
0.08264
0.33744
0.32799
0.30143
0.26257
0.21786
0.17376
0.1355
0.10652
0.08865
0.08264
0.08865
0.10653
0.1355
0.17375
0.21789
0.26258
0.30143
0.32799
0.33744
0.54824
0.52619
0.46345
0.36943
0.25743
0.14197
0.03676
-0.04684
-0.10042
-0.11885
-0.10042
-0.04682
0.03676
0.14195
0.25749
0.36946
0.46345
0.52618
0.54824
0.62986
0.60297
0.52636
0.41121
0.27346
0.13075
3.34887E-7
-0.1044
-0.17156
-0.19471
-0.17156
-0.10438
-6.69773E-7
0.13072
0.27353
0.41125
0.52636
0.60296
0.62986