0.30444
0.29143
0.25437
0.19868
0.1321
0.06315
1.61705E-7
-0.05041
-0.08282
-0.09399
-0.08282
-0.05039
-3.23409E-7
0.06313
0.13213
0.1987
0.25437
0.29142
0.30444
0.26497
0.2543
0.22395
0.17848
0.12433
0.06855
0.01774
-0.02261
-0.04847
-0.05736
-0.04847
-0.0226
0.01774
0.06854
0.12436
0.17849
0.22395
0.2543
0.26497
0.16308
0.1585
0.14563
0.12681
0.10519
0.08388
0.06542
0.05145
0.04285
0.03996
0.04285
0.05146
0.06542
0.08388
0.1052
0.12682
0.14563
0.1585
0.16308
0.03996
0.04285
0.05145
0.06542
0.08388
0.10519
0.12681
0.14563
0.1585
0.16308
0.1585
0.14563
0.12681
0.10519
0.08387
0.06541
0.05145
0.04286
0.03996
-0.05736
-0.04847
-0.02261
0.01774
0.06855
0.12434
0.17848
0.22395
0.2543
0.26497
0.2543
0.22394
0.17848
0.12435
0.06853
0.01773
-0.02261
-0.04846
-0.05736
-0.09399
-0.08282
-0.0504
2.92271E-6
0.06315
0.1321
0.19869
0.25437
0.29143
0.30444
0.29143
0.25435
0.19869
0.13212
0.06311
-1.46131E-5
-0.0504
-0.08281
-0.09399
-0.05736
-0.04847
-0.02261
0.01774
0.06855
0.12434
0.17848
0.22395
0.2543
0.26497
0.2543
0.22394
0.17848
0.12435
0.06853
0.01773
-0.02261
-0.04846
-0.05736
0.03996
0.04285
0.05145
0.06542
0.08388
0.10519
0.12681
0.14563
0.1585
0.16308
0.1585
0.14563
0.12681
0.10519
0.08387
0.06541
0.05145
0.04286
0.03996
0.16308
0.1585
0.14563
0.12681
0.10519
0.08388
0.06542
0.05145
0.04285
0.03996
0.04285
0.05146
0.06542
0.08388
0.1052
0.12682
0.14563
0.1585
0.16308
0.26497
0.2543
0.22395
0.17848
0.12433
0.06855
0.01774
-0.02261
-0.04847
-0.05736
-0.04847
-0.0226
0.01774
0.06854
0.12436
0.17849
0.22395
0.2543
0.26497
0.30444
0.29143
0.25437
0.19868
0.1321
0.06315
1.61705E-7
-0.05041
-0.08282
-0.09399
-0.08282
-0.05039
-3.23409E-7
0.06313
0.13213
0.1987
0.25437
0.29142
0.30444