1.00577E-17
2.52205E-17
7.46303E-18
6.59821E-17
3.24595E-17
-1.78314E-17
-1.18928E-17
4.14197E-17
3.1563E-17
7.85164E-18
1.64796E-18
9.80619E-18
-2.63977E-18
3.77982E-18
1.85903E-17
1.04432E-17
-1.85307E-19
1.18776E-17
5.1781E-17
-0.09324
-0.14431
-0.17771
-0.18933
-0.17772
-0.14431
-0.09324
-0.03067
0.03596
0.09876
0.15019
0.18392
0.19566
0.18392
0.15017
0.09875
0.03596
-0.03066
-0.09327
-0.15363
-0.23644
-0.29064
-0.30951
-0.29065
-0.23643
-0.15363
-0.05227
0.05554
0.15704
0.24007
0.29449
0.31342
0.29449
0.24004
0.15701
0.05554
-0.05224
-0.15367
-0.15704
-0.24007
-0.29448
-0.31342
-0.29448
-0.24007
-0.15704
-0.05553
0.05227
0.15363
0.23644
0.29065
0.30951
0.29065
0.2364
0.1536
0.05227
-0.05551
-0.15708
-0.09876
-0.15019
-0.18392
-0.19566
-0.18392
-0.15019
-0.09876
-0.03595
0.03067
0.09324
0.14431
0.17772
0.18933
0.17772
0.14429
0.09323
0.03067
-0.03594
-0.09879
2.09977E-17
-1.45436E-17
7.36078E-18
-6.21518E-18
2.17084E-18
1.94775E-18
1.79313E-18
-2.18141E-17
-2.05872E-17
2.6728E-17
8.2913E-19
3.0154E-18
1.12416E-17
4.67581E-17
-1.73668E-17
-4.9175E-17
6.91094E-18
-1.1024E-17
1.04967E-18
0.09876
0.15019
0.18392
0.19566
0.18392
0.15019
0.09876
0.03595
-0.03067
-0.09324
-0.14431
-0.17772
-0.18933
-0.17772
-0.14429
-0.09323
-0.03067
0.03594
0.09879
0.15704
0.24007
0.29448
0.31342
0.29448
0.24007
0.15704
0.05553
-0.05227
-0.15363
-0.23644
-0.29065
-0.30951
-0.29065
-0.2364
-0.1536
-0.05227
0.05551
0.15708
0.15363
0.23644
0.29064
0.30951
0.29065
0.23643
0.15363
0.05227
-0.05554
-0.15704
-0.24007
-0.29449
-0.31342
-0.29449
-0.24004
-0.15701
-0.05554
0.05224
0.15367
0.09324
0.14431
0.17771
0.18933
0.17772
0.14431
0.09324
0.03067
-0.03596
-0.09876
-0.15019
-0.18392
-0.19566
-0.18392
-0.15017
-0.09875
-0.03596
0.03066
0.09327
1.00577E-17
2.52205E-17
7.46303E-18
6.59821E-17
3.24595E-17
-1.78314E-17
-1.18928E-17
4.14197E-17
3.1563E-17
7.85164E-18
1.64796E-18
9.80619E-18
-2.63977E-18
3.77982E-18
1.85903E-17
1.04432E-17
-1.85307E-19
1.18776E-17
5.1781E-17