1.3103E-18
4.03427E-18
2.72987E-19
-1.3289E-18
-8.32215E-19
3.37969E-18
-2.22843E-17
-4.81872E-17
-1.00035E-17
2.56522E-18
1.44239E-17
-2.34974E-17
-1.76208E-17
-4.09378E-18
-1.62665E-17
2.37999E-19
4.67337E-19
4.77919E-19
-2.28826E-18
0.12327
0.11587
0.09463
0.06223
0.02267
-0.0193
-0.05871
-0.09088
-0.11192
-0.11924
-0.11192
-0.09088
-0.05871
-0.01931
0.02269
0.06224
0.09463
0.11587
0.12327
0.19744
0.18551
0.15124
0.09893
0.03499
-0.03292
-0.09676
-0.14892
-0.18307
-0.19495
-0.18307
-0.14891
-0.09676
-0.03293
0.03503
0.09894
0.15124
0.1855
0.19744
0.19495
0.18307
0.14892
0.09675
0.03291
-0.035
-0.09893
-0.15124
-0.18551
-0.19744
-0.18551
-0.15123
-0.09893
-0.03501
0.03295
0.09677
0.14892
0.18306
0.19495
0.11924
0.11192
0.09088
0.05871
0.0193
-0.02267
-0.06223
-0.09463
-0.11587
-0.12327
-0.11587
-0.09462
-0.06223
-0.02268
0.01932
0.05872
0.09088
0.11192
0.11924
4.40373E-18
8.03107E-18
3.99967E-17
-1.77924E-17
-5.13901E-19
-3.41695E-18
8.1636E-18
-3.29286E-18
4.39731E-18
1.20386E-18
1.95321E-18
6.32696E-18
1.28472E-17
1.6551E-17
1.34638E-17
3.02458E-18
-3.68301E-17
-1.67766E-17
-2.35274E-17
-0.11924
-0.11192
-0.09088
-0.05871
-0.0193
0.02267
0.06223
0.09463
0.11587
0.12327
0.11587
0.09462
0.06223
0.02268
-0.01932
-0.05872
-0.09088
-0.11192
-0.11924
-0.19495
-0.18307
-0.14892
-0.09675
-0.03291
0.035
0.09893
0.15124
0.18551
0.19744
0.18551
0.15123
0.09893
0.03501
-0.03295
-0.09677
-0.14892
-0.18306
-0.19495
-0.19744
-0.18551
-0.15124
-0.09893
-0.03499
0.03292
0.09676
0.14892
0.18307
0.19495
0.18307
0.14891
0.09676
0.03293
-0.03503
-0.09894
-0.15124
-0.1855
-0.19744
-0.12327
-0.11587
-0.09463
-0.06223
-0.02267
0.0193
0.05871
0.09088
0.11192
0.11924
0.11192
0.09088
0.05871
0.01931
-0.02269
-0.06224
-0.09463
-0.11587
-0.12327
1.3103E-18
4.03427E-18
2.72987E-19
-1.3289E-18
-8.32215E-19
3.37969E-18
-2.22843E-17
-4.81872E-17
-1.00035E-17
2.56522E-18
1.44239E-17
-2.34974E-17
-1.76208E-17
-4.09378E-18
-1.62665E-17
2.37999E-19
4.67337E-19
4.77919E-19
-2.28826E-18