28.210000000000008 26.78061224489796 26.85448979591837
28.2095918367347 26.783061224489803 26.8530612244898
28.20918367346939 26.785918367346937 26.85122448979592
28.20938775510204 26.787551020408166 26.85
28.208775510204088 26.788979591836732 26.84877551020408
28.20877551020408 26.789795918367354 26.84755102040816
28.209591836734692 26.790204081632652 26.84673469387755
28.210408163265306 26.788979591836732 26.845714285714283
28.212040816326535 26.78714285714286 26.84591836734694
28.213265306122455 26.784489795918372 26.846326530612245
28.2134693877551 26.781224489795918 26.847346938775512
28.21489795918367 26.779591836734696 26.848163265306123
28.215102040816326 26.77857142857143 26.850204081632654
28.21530612244898 26.777959183673467 26.850816326530612
28.215714285714288 26.77857142857143 26.85061224489796
28.215714285714288 26.77979591836735 26.85020408163265
28.215714285714284 26.781020408163265 26.849999999999994
28.215714285714284 26.783469387755105 26.84877551020408
28.215918367346937 26.786326530612246 26.8469387755102
28.215918367346937 26.788775510204083 26.844897959183672
28.215918367346944 26.79183673469388 26.84448979591837
27.68551020408163 31.038775510204086 30.77632653061225
27.687551020408165 31.041224489795923 30.76938775510204
27.691224489795918 31.042857142857144 30.765102040816334
27.692857142857143 31.04265306122449 30.759591836734696
27.695918367346938 31.042448979591843 30.75551020408163
27.70326530612245 31.041632653061217 30.750408163265302
27.709795918367348 31.038163265306117 30.74714285714286
27.71714285714286 31.031428571428577 30.747551020408164
27.726326530612244 31.02285714285714 30.749795918367344
27.732653061224493 31.013061224489796 30.75510204081633
27.737142857142853 31.00306122448979 30.762653061224487
27.73918367346939 30.99775510204082 30.77061224489796
27.73816326530612 30.98897959183673 30.780408163265307
27.73877551020409 30.985102040816333 30.789591836734697
27.733877551020402 30.985918367346937 30.792653061224485
27.728163265306122 30.988571428571426 30.79510204081633
27.723265306122453 30.994285714285713 30.79632653061225
27.71734693877551 31.000204081632653 30.795714285714283
27.71387755102041 31.009183673469387 30.79510204081633
27.711428571428563 31.01571428571428 30.794897959183672
27.708775510204088 31.0230612244898 30.793469387755106
29.436530612244894 30.812448979591835 30.713061224489792
29.450816326530614 30.81 30.706938775510206
29.463469387755097 30.80306122448979 30.69428571428571
29.47285714285714 30.801632653061223 30.684285714285714
29.48265306122449 30.799183673469386 30.677346938775507
29.490408163265307 30.796530612244894 30.6704081632653
29.50122448979592 30.790816326530607 30.668163265306127
29.51183673469388 30.78102040816326 30.66387755102041
29.520612244897965 30.77530612244898 30.665306122448982
29.532857142857143 30.770408163265312 30.66632653061225
29.538571428571426 30.766326530612243 30.664285714285715
29.541020408163266 30.764693877551025 30.669591836734693
29.537959183673472 30.767142857142858 30.671428571428578
29.53122448979592 30.767142857142854 30.677755102040816
29.523877551020405 30.775714285714283 30.682653061224485
29.51204081632653 30.780204081632657 30.68755102040816
29.507755102040818 30.78673469387755 30.689795918367345
29.50142857142857 30.793469387755096 30.692448979591834
29.491020408163266 30.80408163265306 30.69346938775511
29.48122448979591 30.810816326530606 30.696122448979583
29.47183673469388 30.8204081632653 30.698571428571427
29.1769387755102 30.46673469387755 30.69081632653062
29.194081632653063 30.459999999999997 30.681632653061225
29.20387755102041 30.456326530612248 30.669999999999998
29.213061224489795 30.453877551020405 30.657755102040817
29.225714285714282 30.454489795918366 30.647959183673468
29.240408163265304 30.458775510204084 30.631428571428565
29.250204081632653 30.46489795918368 30.61979591836735
29.256938775510203 30.473469387755102 30.605714285714285
29.266122448979598 30.485714285714288 30.5830612244898
29.270204081632656 30.505306122448978 30.55551020408163
29.272244897959187 30.527346938775512 30.52918367346939
29.271632653061232 30.549387755102043 30.50469387755102
29.27775510204082 30.565306122448987 30.48387755102041
29.274081632653058 30.586122448979587 30.467551020408155
29.270408163265298 30.606938775510194 30.457551020408157
29.26489795918367 30.630816326530606 30.452040816326527
29.259387755102047 30.646122448979597 30.44897959183674
29.250816326530614 30.657142857142855 30.448979591836732
29.23510204081633 30.66755102040817 30.451428571428572
29.221020408163263 30.679795918367336 30.45142857142857
29.20142857142858 30.69326530612245 30.461836734693875
28.30673469387755 30.431224489795916 30.97673469387755
28.32877551020408 30.426938775510205 30.955306122448977
28.339183673469385 30.43 30.934285714285707
28.347755102040818 30.435510204081627 30.915102040816322
28.355102040816327 30.45081632653061 30.89775510204082
28.361224489795923 30.466122448979593 30.877551020408166
28.36551020408164 30.486938775510207 30.845714285714294
28.361224489795916 30.522448979591836 30.81816326530612
28.368571428571425 30.56285714285714 30.77163265306122
28.365510204081634 30.611836734693874 30.718367346938773
28.36795918367347 30.668163265306127 30.66204081632653
28.36979591836734 30.722653061224488 30.611836734693874
28.375918367346937 30.773469387755103 30.56102040816327
28.379591836734697 30.813265306122457 30.522448979591843
28.378367346938777 30.845102040816325 30.488163265306124
28.379591836734697 30.87326530612245 30.462448979591837
28.375918367346937 30.89530612244898 30.44469387755102
28.368571428571432 30.911836734693882 30.432448979591836
28.358775510204083 30.933877551020412 30.42755102040816
28.34775510204081 30.955306122448977 30.425102040816327
28.329387755102044 30.97244897959183 30.430612244897958
27.694897959183674 30.567755102040817 31.568775510204084
27.70591836734694 30.576938775510204 31.545918367346935
27.7169387755102 30.589795918367347 31.52
27.721224489795915 30.610612244897954 31.49591836734694
27.72122448979592 30.63877551020408 31.463877551020403
27.715714285714295 30.678571428571427 31.41204081632653
27.71163265306123 30.727551020408168 31.368775510204085
27.71265306122449 30.80040816326531 31.30979591836735
27.70469387755102 30.875714285714288 31.226734693877546
27.70285714285714 30.956530612244897 31.146938775510208
27.699795918367347 31.048367346938775 31.054489795918368
27.7034693877551 31.142040816326528 30.961428571428574
27.718775510204086 31.236122448979597 30.868979591836737
27.726734693877546 31.30795918367347 30.792448979591835
27.726734693877553 31.360612244897958 30.732448979591837
27.73102040816326 31.41612244897959 30.684693877551016
27.73938775510204 31.457551020408165 30.64122448979592
27.73938775510204 31.49204081632653 30.60387755102041
27.73448979591837 31.519183673469385 30.577551020408166
27.72959183673469 31.539795918367343 30.56714285714286
27.705306122448974 31.566530612244893 30.562857142857137
27.081020408163266 30.690816326530612 32.266734693877545
27.090816326530607 30.70734693877551 32.218775510204075
27.096938775510203 30.740408163265307 32.178775510204076
27.09632653061224 30.778367346938772 32.1430612244898
27.086122448979594 30.84265306122449 32.10183673469388
27.073265306122448 30.905714285714282 32.0373469387755
27.056122448979593 30.988979591836735 31.968163265306117
27.034081632653056 31.09489795918367 31.874897959183674
27.027959183673467 31.211836734693883 31.76469387755102
27.01816326530612 31.349591836734692 31.624081632653063
27.01265306122449 31.495306122448973 31.49591836734694
27.02244897959184 31.622244897959185 31.345918367346943
27.032857142857143 31.760408163265314 31.21244897959184
27.04877551020408 31.871020408163268 31.098571428571425
27.067755102040813 31.965510204081625 30.983469387755104
27.092040816326534 32.03367346938775 30.913061224489795
27.099999999999998 32.09285714285714 30.84204081632653
27.11040816326531 32.13918367346938 30.789387755102037
27.11040816326531 32.17551020408164 30.743469387755106
27.108775510204087 32.21 30.714693877551024
27.09224489795919 32.25795918367347 30.688367346938783
26.342448979591843 30.766734693877552 33.01204081632654
26.35163265306123 30.8034693877551 32.958571428571425
26.350408163265303 30.86408163265306 32.908979591836726
26.33510204081632 30.927142857142854 32.84836734693878
26.31122448979592 31.00673469387755 32.78836734693877
26.290408163265305 31.11510204081632 32.71061224489796
26.257142857142856 31.235102040816333 32.60591836734694
26.231428571428573 31.38755102040816 32.47204081632653
26.214897959183673 31.557142857142857 32.327346938775506
26.18979591836735 31.748163265306122 32.14775510204081
26.18979591836735 31.94530612244898 31.948979591836736
26.19040816326531 32.142857142857146 31.754285714285718
26.222653061224488 32.3230612244898 31.56326530612245
26.24469387755102 32.47142857142857 31.39244897959183
26.269795918367343 32.60040816326531 31.236326530612242
26.294897959183672 32.69653061224489 31.116938775510206
26.32163265306123 32.78 31.003673469387756
26.35102040816327 32.84346938775511 30.932653061224492
26.36204081632653 32.90530612244898 30.8634693877551
26.364489795918367 32.94714285714285 30.80897959183673
26.355306122448987 33.00367346938776 30.770408163265312
25.50061224489796 30.823061224489795 33.8465306122449
25.49632653061225 30.881224489795922 33.78326530612245
25.49020408163265 30.970612244897954 33.70040816326531
25.472040816326537 31.056938775510208 33.630204081632655
25.435306122448974 31.178775510204076 33.54408163265306
25.400612244897957 31.317755102040817 33.43938775510204
25.35591836734694 31.487346938775516 33.30020408163266
25.320408163265306 31.690612244897963 33.130204081632655
25.291020408163266 31.91591836734694 32.93020408163265
25.265918367346934 32.16510204081632 32.69734693877551
25.263469387755105 32.432653061224485 32.435102040816325
25.26836734693878 32.69265306122449 32.16265306122449
25.297755102040814 32.930204081632645 31.923877551020404
25.32897959183673 33.1265306122449 31.691836734693872
25.364285714285717 33.295918367346935 31.48428571428572
25.41448979591836 33.43448979591837 31.3134693877551
25.44265306122449 33.53326530612245 31.178775510204083
25.485510204081635 33.62285714285714 31.063061224489797
25.504285714285718 33.691428571428574 30.970000000000002
25.507959183673464 33.77959183673469 30.884285714285713
25.511632653061223 33.84204081632653 30.822448979591837
24.60326530612245 30.879387755102044 34.775510204081634
24.591020408163267 30.96632653061225 34.69285714285714
24.572653061224486 31.076530612244895 34.597346938775516
24.545918367346943 31.208163265306123 34.502653061224485
24.500000000000004 31.361836734693878 34.387346938775515
24.449795918367347 31.546734693877553 34.24714285714286
24.39714285714286 31.772040816326534 34.0665306122449
24.348979591836738 32.02673469387755 33.86367346938775
24.301224489795917 32.316326530612244 33.61183673469388
24.27326530612245 32.63775510204081 33.30489795918368
24.26387755102041 32.97204081632653 32.97142857142857
24.27306122448979 33.30469387755102 32.635306122448974
24.307959183673468 33.606530612244896 32.31938775510204
24.354489795918365 33.8595918367347 32.027346938775516
24.410204081632656 34.066530612244904 31.77020408163266
24.457142857142856 34.24489795918367 31.547346938775505
24.514693877551018 34.37877551020408 31.36428571428571
24.557959183673468 34.49897959183673 31.208163265306123
24.586734693877553 34.59244897959184 31.08081632653062
24.604489795918372 34.68551020408163 30.96326530612245
24.61795918367347 34.77367346938775 30.878775510204083
23.637346938775508 30.927755102040816 35.820204081632646
23.617142857142856 31.048979591836734 35.70836734693877
23.597755102040814 31.19102040816327 35.58469387755102
23.55122448979592 31.36244897959184 35.46448979591837
23.496938775510202 31.54795918367347 35.325102040816326
23.432040816326534 31.779387755102046 35.149795918367346
23.365306122448978 32.07142857142857 34.93489795918367
23.307142857142857 32.38979591836735 34.66857142857143
23.25102040816327 32.755306122448985 34.35489795918368
23.216734693877548 33.155102040816324 33.98510204081632
23.205102040816328 33.5604081632653 33.564081632653064
23.2204081632653 33.981428571428566 33.15326530612245
23.252857142857145 34.34959183673469 32.75959183673469
23.313469387755102 34.66265306122448 32.38734693877551
23.376938775510204 34.928163265306125 32.06897959183674
23.443673469387754 35.14551020408163 31.78428571428571
23.502244897959184 35.31918367346939 31.549795918367344
23.564081632653064 35.460204081632654 31.36183673469388
23.606938775510205 35.58163265306122 31.1965306122449
23.633061224489797 35.70285714285715 31.050816326530615
23.647142857142857 35.8134693877551 30.933265306122447
22.6165306122449 30.961428571428574 36.946938775510205
22.60061224489796 31.11938775510204 36.81551020408163
22.558571428571426 31.29755102040816 36.674285714285716
22.49673469387755 31.492857142857144 36.51897959183674
22.430816326530607 31.743265306122442 36.34020408163265
22.3634693877551 32.03653061224489 36.12306122448979
22.28571428571429 32.3695918367347 35.85938775510204
22.208367346938772 32.764489795918365 35.53775510204081
22.144081632653055 33.21448979591836 35.151224489795915
22.108571428571427 33.691428571428574 34.70020408163265
22.095714285714287 34.18734693877551 34.192244897959185
22.11163265306123 34.70102040816327 33.69020408163266
22.15 35.150000000000006 33.212040816326535
22.214285714285715 35.52857142857144 32.76571428571429
22.295102040816328 35.85775510204082 32.36897959183674
22.374489795918365 36.11755102040816 32.03408163265306
22.443469387755105 36.33408163265307 31.736530612244902
22.504081632653058 36.51591836734694 31.493469387755095
22.56775510204082 36.66979591836735 31.29510204081633
22.60938775510204 36.81469387755102 31.121224489795917
22.63122448979592 36.941428571428574 30.962653061224493
21.561020408163266 30.965714285714284 38.17081632653061
21.529183673469387 31.162857142857142 38.004285714285714
21.474693877551022 31.377142857142857 37.830000000000005
21.404489795918366 31.63367346938775 37.643265306122444
21.33530612244898 31.91897959183673 37.42530612244898
21.250408163265305 32.274081632653065 37.17204081632653
21.16122448979592 32.686122448979596 36.85551020408164
21.0834693877551 33.1538775510204 36.46836734693877
21.005102040816332 33.67857142857144 35.99306122448981
20.96183673469388 34.26081632653061 35.45918367346938
20.950816326530614 34.84979591836734 34.854693877551014
20.96673469387755 35.45489795918367 34.26204081632653
21.01142857142857 35.986938775510204 33.67857142857143
21.086530612244896 36.460612244897966 33.15510204081633
21.16408163265306 36.85408163265306 32.68489795918367
21.253469387755096 37.16306122448979 32.27408163265306
21.344081632653058 37.41795918367347 31.922653061224494
21.417755102040818 37.63897959183674 31.634285714285713
21.480816326530615 37.828979591836735 31.379591836734694
21.5365306122449 38.002040816326534 31.165306122448982
21.566530612244897 38.1665306122449 30.969387755102044
20.46816326530612 30.958367346938775 39.468775510204075
20.43387755102041 31.185510204081634 39.26632653061225
20.368979591836734 31.44265306122449 39.06510204081633
20.290204081632652 31.74938775510204 38.849387755102036
20.210816326530608 32.10020408163265 38.57836734693877
20.11469387755102 32.51163265306122 38.2769387755102
20.00755102040816 32.98673469387756 37.90387755102041
19.923469387755098 33.53469387755102 37.43816326530612
19.847551020408165 34.162244897959184 36.88224489795918
19.804081632653062 34.83020408163265 36.25224489795918
19.780408163265303 35.53551020408163 35.53857142857143
19.803673469387753 36.25 34.83387755102041
19.8530612244898 36.8822448979592 34.16285714285714
19.928775510204076 37.438163265306116 33.53591836734694
20.01387755102041 37.89551020408163 32.98673469387756
20.12510204081633 38.273877551020405 32.51408163265307
20.221020408163266 38.57163265306122 32.102653061224494
20.297551020408164 38.83959183673469 31.753061224489805
20.378367346938777 39.06142857142857 31.4469387755102
20.440408163265303 39.26326530612245 31.1904081632653
20.4795918367347 39.46142857142858 30.958367346938775
19.36122448979592 30.913061224489795 40.830408163265304
19.320204081632653 31.181224489795916 40.59673469387755
19.254285714285714 31.491020408163262 40.3638775510204
19.170408163265307 31.846122448979592 40.10877551020408
19.06836734693878 32.25204081632654 39.80285714285715
18.968775510204082 32.72897959183673 39.43408163265306
18.85918367346939 33.27816326530612 38.993877551020404
18.76530612244898 33.9204081632653 38.45795918367346
18.68265306122449 34.64469387755101 37.803061224489795
18.629999999999995 35.42836734693877 37.070204081632646
18.613469387755103 36.234081632653066 36.23591836734693
18.632448979591835 37.06836734693877 35.43142857142857
18.68857142857143 37.80183673469387 34.64469387755102
18.770612244897958 38.45122448979591 33.9234693877551
18.86673469387755 38.97816326530612 33.27938775510204
18.974693877551022 39.42693877551021 32.73142857142857
19.078163265306124 39.79244897959184 32.252040816326534
19.178571428571423 40.09795918367347 31.846734693877547
19.265102040816323 40.354489795918354 31.484285714285708
19.333061224489796 40.588163265306115 31.18673469387755
19.373469387755097 40.819387755102035 30.9204081632653
18.254489795918364 30.837755102040816 42.257551020408165
18.200612244897957 31.146326530612246 41.99877551020408
18.13265306122449 31.48795918367347 41.72224489795918
18.041632653061225 31.903673469387755 41.40816326530612
17.94020408163265 32.37326530612245 41.05489795918367
17.82775510204081 32.91081632653061 40.63122448979591
17.71816326530612 33.550612244897955 40.10959183673469
17.612040816326534 34.280408163265314 39.49836734693878
17.526326530612245 35.11183673469388 38.75244897959183
17.470000000000002 36.01367346938776 37.9130612244898
17.451224489795916 36.952857142857134 36.951632653061225
17.468367346938777 37.91061224489796 36.011224489795914
17.529183673469387 38.74836734693878 35.11795918367347
17.617346938775512 39.48979591836734 34.28224489795919
17.72204081632653 40.10714285714286 33.55489795918367
17.83551020408163 40.623877551020406 32.91510204081632
17.949999999999996 41.048367346938775 32.377551020408156
18.05530612244898 41.40367346938775 31.90918367346939
18.13938775510204 41.715102040816326 31.489795918367346
18.210408163265306 41.998163265306125 31.153061224489797
18.266122448979594 42.25020408163267 30.837142857142858
17.15204081632653 30.70612244897959 43.74591836734694
17.106734693877552 31.078979591836735 43.42836734693877
17.030816326530616 31.465306122448983 43.10489795918368
16.93367346938775 31.932448979591832 42.74836734693877
16.831632653061224 32.46020408163265 42.335918367346935
16.71 33.09204081632654 41.85693877551021
16.598571428571425 33.80959183673469 41.2638775510204
16.487551020408162 34.651428571428575 40.56448979591838
16.399387755102044 35.58571428571429 39.718163265306124
16.337551020408164 36.60877551020408 38.75285714285714
16.317551020408164 37.659387755102046 37.660000000000004
16.33714285714286 38.75285714285715 36.60632653061225
16.403061224489797 39.71224489795919 35.585102040816324
16.487959183673464 40.55959183673469 34.652040816326526
16.604897959183674 41.260000000000005 33.81755102040816
16.719591836734697 41.853469387755105 33.09877551020408
16.83591836734694 42.33204081632653 32.464489795918375
16.94612244897959 42.74714285714285 31.940408163265303
17.035714285714285 43.09979591836735 31.47632653061224
17.111632653061225 43.42530612244898 31.076530612244895
17.16183673469388 43.739183673469384 30.714081632653063
16.096122448979592 30.56163265306122 45.225918367346935
16.037346938775514 30.960204081632654 44.88755102040816
15.957755102040815 31.411428571428573 44.51877551020409
15.864285714285714 31.928163265306114 44.111836734693874
15.751224489795918 32.54408163265306 43.634693877551015
15.634489795918368 33.237755102040815 43.085306122448976
15.51816326530612 34.04469387755102 42.41816326530611
15.399183673469388 34.96734693877552 41.619591836734706
15.309795918367348 36.02836734693878 40.68163265306123
15.246122448979591 37.167755102040815 39.58224489795918
15.223061224489795 38.36224489795919 38.36285714285714
15.245714285714286 39.58183673469387 37.170204081632654
15.311632653061228 40.67551020408163 36.03020408163265
15.409999999999998 41.61530612244898 34.97102040816327
15.521428571428572 42.417346938775516 34.04836734693878
15.641020408163264 43.078163265306124 33.223673469387755
15.76408163265306 43.64 32.545918367346935
15.869387755102043 44.09857142857143 31.94163265306123
15.967551020408163 44.513673469387754 31.424897959183678
16.048367346938775 44.8869387755102 30.966326530612243
16.102244897959185 45.21918367346938 30.55489795918367
15.07081632653061 30.357755102040805 46.722653061224484
15.009591836734693 30.818775510204084 46.33408163265306
14.937346938775512 31.326326530612242 45.92775510204081
14.837755102040814 31.912244897959184 45.4661224489796
14.721632653061226 32.570408163265306 44.9334693877551
14.603061224489796 33.33204081632653 44.32469387755103
14.481836734693879 34.23448979591837 43.581632653061234
14.366530612244896 35.2673469387755 42.67836734693877
14.272857142857143 36.4434693877551 41.62244897959184
14.211020408163266 37.70897959183673 40.40877551020407
14.178163265306122 39.044285714285714 39.04551020408162
14.208163265306123 40.405102040816324 37.70775510204082
14.278979591836736 41.62285714285715 36.44163265306123
14.37061224489796 42.670408163265314 35.25938775510205
14.485714285714286 43.57734693877551 34.24489795918368
14.608979591836732 44.319387755102035 33.34551020408163
14.73020408163265 44.92979591836735 32.58938775510204
14.840204081632654 45.465306122448986 31.903673469387762
14.945918367346941 45.91816326530612 31.314693877551026
15.015714285714285 46.32612244897958 30.801020408163264
15.082448979591836 46.71836734693877 30.351020408163265
14.105510204081634 30.1465306122449 48.20979591836734
14.039387755102043 30.642448979591837 47.78081632653062
13.966530612244895 31.187346938775505 47.32489795918367
13.858367346938774 31.856530612244892 46.8134693877551
13.747142857142855 32.57530612244898 46.22285714285714
13.625510204081634 33.41163265306123 45.52714285714286
13.506122448979593 34.38755102040816 44.70591836734694
13.387142857142855 35.53551020408164 43.72020408163265
13.295306122448977 36.811428571428564 42.54959183673469
13.232857142857144 38.23183673469388 41.2069387755102
13.20795918367347 39.69510204081633 39.69632653061224
13.240816326530613 41.20326530612245 38.23612244897959
13.295714285714286 42.54530612244898 36.80469387755102
13.391836734693877 43.72081632653061 35.548367346938775
13.510000000000003 44.70346938775511 34.418775510204085
13.627142857142854 45.52653061224489 33.4
13.753877551020407 46.219591836734686 32.582653061224484
13.862040816326532 46.809183673469384 31.83877551020408
13.97081632653061 47.31265306122449 31.209999999999997
14.044285714285712 47.774693877551016 30.653469387755106
14.112244897959183 48.20428571428571 30.154489795918366
13.189183673469387 29.89244897959184 49.65673469387756
13.12489795918367 30.42755102040816 49.1934693877551
13.044081632653059 31.052040816326524 48.687346938775505
12.93938775510204 31.756122448979585 48.12571428571428
12.831836734693876 32.53734693877551 47.49448979591836
12.705306122448981 33.46612244897959 46.72714285714286
12.587346938775509 34.515510204081636 45.817142857142855
12.47408163265306 35.781632653061216 44.73408163265306
12.366122448979594 37.16040816326531 43.44448979591837
12.318367346938777 38.70204081632653 41.96938775510205
12.293877551020408 40.32020408163265 40.322653061224486
12.315714285714286 41.96836734693877 38.70387755102041
12.37204081632653 43.44265306122449 37.16897959183674
12.472448979591835 44.72959183673469 35.77367346938775
12.59204081632653 45.81285714285714 34.52285714285714
12.708367346938775 46.72346938775511 33.45632653061224
12.839183673469387 47.488979591836724 32.53122448979591
12.945510204081634 48.118367346938776 31.74142857142857
13.05326530612245 48.681224489795916 31.057551020408162
13.131020408163263 49.18795918367347 30.431836734693874
13.193877551020408 49.65428571428571 29.89
12.336734693877553 29.607755102040823 51.06530612244898
12.27183673469388 30.207142857142856 50.56224489795918
12.19122448979592 30.86408163265306 50.00469387755102
12.094693877551022 31.630612244897954 49.3969387755102
11.974081632653062 32.47306122448979 48.7095918367347
11.864081632653061 33.478367346938775 47.85285714285714
11.742448979591837 34.63489795918367 46.875918367346934
11.628163265306119 35.97020408163265 45.68795918367346
11.531428571428574 37.50387755102041 44.304081632653066
11.46918367346939 39.17591836734694 42.712653061224486
11.449591836734694 40.90979591836735 40.91163265306123
11.471020408163264 42.70591836734693 39.177142857142854
11.533469387755101 44.299795918367344 37.49714285714285
11.631020408163263 45.68551020408163 35.96836734693877
11.744285714285716 46.86816326530614 34.62571428571429
11.867755102040817 47.84591836734695 33.466734693877555
11.979591836734693 48.7038775510204 32.479795918367344
12.098367346938776 49.38795918367347 31.63918367346939
12.19673469387755 50.006530612244894 30.87020408163265
12.276122448979592 50.56081632653062 30.208979591836737
12.3434693877551 51.06102040816327 29.60959183673469
11.539795918367348 29.33040816326531 52.41489795918368
11.476734693877551 29.940816326530612 51.91020408163265
11.394693877551019 30.653469387755106 51.29265306122449
11.303469387755102 31.47510204081632 50.633673469387766
11.176326530612247 32.373877551020406 49.89714285714286
11.079183673469387 33.47408163265306 48.967551020408166
10.951428571428572 34.699183673469385 47.92999999999999
10.838775510204082 36.14224489795919 46.64326530612245
10.75265306122449 37.80755102040816 45.12469387755102
10.68612244897959 39.57938775510204 43.417959183673474
10.654285714285715 41.47183673469387 41.47428571428572
10.687755102040814 43.41489795918367 39.589795918367344
10.756326530612247 45.121632653061226 37.78795918367347
10.840816326530613 46.63979591836735 36.142857142857146
10.954897959183674 47.92142857142858 34.69122448979592
11.081632653061225 48.96387755102041 33.45877551020408
11.181224489795918 49.89224489795919 32.379999999999995
11.306530612244899 50.62877551020408 31.484897959183673
11.398367346938775 51.28795918367347 30.664489795918364
11.481632653061226 51.90428571428571 29.941428571428574
11.549999999999999 52.414081632653065 29.329795918367346
10.817142857142859 29.028571428571425 53.69714285714286
10.737551020408162 29.668367346938773 53.17897959183673
10.65795918367347 30.43795918367347 52.538163265306125
10.56387755102041 31.29510204081633 51.81979591836735
10.446530612244898 32.26428571428571 51.03040816326531
10.347346938775512 33.44591836734694 50.01285714285715
10.225714285714286 34.73285714285714 48.91816326530613
10.11673469387755 36.26775510204081 47.54632653061224
10.024693877551021 38.04877551020409 45.92020408163266
9.96530612244898 39.965714285714284 44.07
9.934693877551021 41.98612244897959 41.992244897959196
9.965102040816328 44.064081632653064 39.955918367346946
10.027551020408163 45.91489795918367 38.04326530612245
10.121224489795917 47.53836734693878 36.28918367346939
10.232244897959184 48.908367346938775 34.74510204081633
10.351020408163265 50.01020408163265 33.461224489795924
10.453265306122447 51.02142857142857 32.276530612244905
10.57061224489796 51.818571428571424 31.30428571428571
10.667142857142856 52.53285714285714 30.434897959183672
10.746122448979591 53.177959183673465 29.677551020408156
10.825102040816327 53.69510204081632 29.038979591836732
10.141020408163264 28.731020408163268 54.93408163265306
10.06387755102041 29.41979591836735 54.36428571428571
9.985510204081633 30.20102040816327 53.71367346938776
9.887755102040819 31.12673469387755 52.95224489795919
9.786938775510205 32.14183673469388 52.11755102040816
9.685306122448978 33.3834693877551 51.02020408163265
9.554489795918368 34.76530612244898 49.8534693877551
9.452857142857143 36.4 48.36122448979591
9.366122448979592 38.26122448979593 46.65816326530612
9.313673469387755 40.30979591836735 44.68897959183673
9.279387755102041 42.472244897959186 42.47775510204082
9.316530612244897 44.68775510204082 40.32081632653061
9.369183673469387 46.65489795918368 38.28326530612245
9.456122448979594 48.35775510204083 36.39938775510204
9.555510204081633 49.849591836734696 34.762244897959185
9.691428571428569 51.01408163265306 33.37795918367347
9.79 52.11020408163266 32.14612244897959
9.892448979591837 52.941224489795914 31.12795918367347
9.992857142857146 53.709795918367355 30.204081632653068
10.073673469387753 54.35938775510204 29.41551020408163
10.14530612244898 54.93183673469388 28.723061224489793
9.502857142857142 28.34163265306123 56.195306122448976
9.45326530612245 29.166326530612242 55.4804081632653
9.366326530612245 29.964693877551017 54.82244897959183
9.276326530612245 30.925918367346938 54.03163265306122
9.177959183673469 32.03836734693877 53.095306122448974
9.072040816326531 33.32224489795919 51.96612244897959
8.949387755102041 34.76530612244898 50.74326530612245
8.854489795918367 36.51326530612244 49.15632653061224
8.76142857142857 38.45959183673469 47.35367346938774
8.70591836734694 40.612857142857145 45.252040816326534
8.6765306122449 42.92163265306122 42.923469387755105
8.703469387755101 45.24836734693877 40.6134693877551
8.763469387755102 47.34755102040817 38.46448979591837
8.859183673469387 49.1538775510204 36.503469387755096
8.953469387755105 50.73530612244899 34.756734693877554
9.074693877551018 51.96489795918367 33.321632653061215
9.183469387755103 53.086734693877546 32.04020408163265
9.280000000000001 54.02224489795919 30.92408163265306
9.374897959183674 54.82346938775511 29.965918367346937
9.454489795918366 55.46530612244898 29.163265306122447
9.508979591836733 56.19 28.35265306122449
8.939591836734694 28.03857142857143 57.29897959183674
8.88204081632653 28.885918367346935 56.56204081632653
8.802040816326532 29.721020408163263 55.885918367346946
8.70673469387755 30.735510204081628 55.02897959183674
8.61122448979592 31.87857142857143 54.06163265306123
8.512653061224489 33.241428571428564 52.86244897959184
8.391632653061224 34.75244897959183 51.56612244897959
8.303469387755104 36.58122448979592 49.898163265306124
8.208367346938775 38.63224489795918 48.00551020408163
8.153265306122446 40.928775510204076 45.81061224489795
8.136734693877552 43.33 43.332448979591845
8.152653061224491 45.807959183673475 40.92142857142858
8.213673469387754 48.001836734693875 38.625510204081635
8.303061224489795 49.8904081632653 36.57204081632653
8.396734693877548 51.56551020408162 34.745714285714286
8.513265306122447 52.85877551020408 33.24510204081632
8.619795918367346 54.05653061224489 31.88285714285714
8.7134693877551 55.01571428571428 30.738571428571433
8.805102040816328 55.87265306122448 29.719795918367346
8.888163265306122 56.55816326530613 28.887142857142855
8.944081632653061 57.2934693877551 28.045918367346946
8.413469387755102 27.726326530612244 58.35367346938776
8.36265306122449 28.606734693877556 57.580612244897964
8.27204081632653 29.45163265306122 56.91367346938776
8.212040816326532 30.594693877551016 55.895918367346944
8.094081632653062 31.715714285714284 54.99061224489796
8.005306122448982 33.16428571428572 53.70081632653062
7.8763265306122445 34.73408163265306 52.36244897959183
7.7951020408163245 36.641836734693875 50.60612244897958
7.707551020408163 38.78775510204081 48.618367346938776
7.654897959183675 41.18163265306123 46.29693877551021
7.6275510204081645 43.71204081632653 43.717551020408166
7.656938775510204 46.296734693877546 41.175510204081625
7.708775510204082 48.612857142857145 38.78285714285715
7.801632653061226 50.6030612244898 36.63142857142858
7.880000000000001 52.35877551020408 34.72734693877551
8.011428571428572 53.69612244897959 33.16183673469388
8.095102040816327 54.99061224489796 31.718775510204082
8.213265306122448 55.88795918367347 30.598979591836734
8.276326530612245 56.90510204081634 29.45469387755102
8.371020408163265 57.578571428571436 28.608571428571434
8.416530612244896 58.34265306122449 27.738571428571422
7.919999999999999 27.425102040816324 59.352040816326536
7.872857142857144 28.27244897959184 58.6304081632653
7.820816326530612 29.327959183673467 57.6865306122449
7.7320408163265295 30.4 56.787959183673465
7.6061224489795904 31.547346938775505 55.871428571428574
7.540000000000001 33.06816326530612 54.494693877551015
7.437959183673469 34.731632653061226 53.02040816326531
7.337142857142856 36.691428571428574 51.26387755102042
7.261224489795919 38.94571428571429 49.14755102040817
7.200000000000001 41.42530612244899 46.78530612244898
7.165918367346939 44.061020408163266 44.064081632653064
7.198979591836735 46.78102040816326 41.421632653061216
7.262448979591837 49.143673469387764 38.9395918367347
7.34122448979592 51.26142857142857 36.68408163265306
7.4391836734693895 53.013061224489796 34.74081632653061
7.540816326530613 54.4930612244898 33.074285714285715
7.609183673469387 55.86469387755102 31.54979591836734
7.733877551020408 56.78714285714285 30.407959183673473
7.826326530612246 57.68877551020408 29.33163265306123
7.875918367346939 58.631428571428565 28.26816326530612
7.932857142857144 59.34428571428572 27.42510204081633
7.470612244897959 27.04 60.38510204081632
7.427142857142857 28.000612244897958 59.54734693877551
7.374489795918366 29.101428571428574 58.57163265306122
7.2844897959183665 30.156938775510206 57.6969387755102
7.175102040816326 31.375510204081635 56.68693877551021
7.109591836734694 32.97816326530612 55.234897959183684
7.007551020408162 34.69551020408163 53.72244897959183
6.884693877551021 36.660816326530615 51.960408163265306
6.841836734693876 39.05530612244898 49.682857142857145
6.75326530612245 41.62183673469388 47.24
6.7483673469387755 44.38795918367347 44.38979591836734
6.7575510204081635 47.23387755102041 41.61265306122449
6.843673469387755 49.673673469387744 39.05163265306122
6.889999999999999 51.954897959183675 36.65897959183674
7.011224489795918 53.72183673469387 34.70224489795918
7.112857142857143 55.22387755102041 32.98673469387755
7.1793877551020415 56.684897959183665 31.38142857142857
7.289999999999999 57.69734693877551 30.155102040816324
7.378775510204082 58.565714285714286 29.101428571428574
7.430816326530613 59.536530612244896 28.000612244897965
7.475510204081632 60.38183673469387 27.036326530612246
