5.634247739522018605e+01
5.634247739522018605e+01
5.634247739522018605e+01
5.634247739522018605e+01
5.634247739522018605e+01
5.634247739522018605e+01
5.634247739522018605e+01
5.634247739522018605e+01
5.634247739522018605e+01
5.634247739522018605e+01
5.634247739522018605e+01
5.634247739522018605e+01
5.634247739522018605e+01
5.634247739522018605e+01
5.634247739522018605e+01
5.634247739522018605e+01
5.634247739522018605e+01
5.634247739522018605e+01
5.634247739522018605e+01
5.634247739522018605e+01
5.634247739522018605e+01
5.634247739522018605e+01
5.634247739522018605e+01
5.634247739522018605e+01
5.634247739522018605e+01
5.634247739522018605e+01
5.634247739522018605e+01
5.634247739522018605e+01
5.634247739522018605e+01
5.634247739522018605e+01
5.634247739522018605e+01
5.634247739522018605e+01
5.634247739522018605e+01
5.634247739522018605e+01
5.634247739522018605e+01
5.634247739522018605e+01
5.634247739522018605e+01
5.634247739522018605e+01
5.634247739522018605e+01
5.634247739522018605e+01
5.634247739522018605e+01
5.634247739522018605e+01
5.634247739522018605e+01
5.634247739522018605e+01
5.634247739522018605e+01
5.634247739522018605e+01
5.634247739522018605e+01
5.634247739522018605e+01
5.634247739522018605e+01
5.634247739522018605e+01
5.634247739522018605e+01
5.634247739522018605e+01
5.634247739522018605e+01
5.634247739522018605e+01
5.634247739522018605e+01
5.634247739522018605e+01
5.634247739522018605e+01
5.634247739522018605e+01
5.634247739522018605e+01
5.634247739522018605e+01
5.634247739522018605e+01
5.634247739522018605e+01
5.634247739522018605e+01
5.634247739522018605e+01
5.634247739522018605e+01
5.634247739522018605e+01
5.634247739522018605e+01
5.634247739522018605e+01
5.634247739522018605e+01
5.634247739522018605e+01
5.634247739522018605e+01
5.634247739522018605e+01
3.930900776324436947e+02
3.930900776324436947e+02
3.930900776324436947e+02
3.930900776324436947e+02
3.930900776324436947e+02
3.930900776324436947e+02
3.930900776324436947e+02
3.930900776324436947e+02
3.930900776324436947e+02
3.930900776324436947e+02
3.930900776324436947e+02
3.930900776324436947e+02
3.930900776324436947e+02
3.930900776324436947e+02
3.930900776324436947e+02
3.930900776324436947e+02
3.930900776324436947e+02
3.930900776324436947e+02
3.930900776324436947e+02
3.930900776324436947e+02
3.930900776324436947e+02
3.930900776324436947e+02
3.930900776324436947e+02
3.930900776324436947e+02
3.930900776324436947e+02
3.930900776324436947e+02
3.930900776324436947e+02
3.930900776324436947e+02
3.930900776324436947e+02
3.930900776324436947e+02
3.930900776324436947e+02
3.930900776324436947e+02
3.930900776324436947e+02
3.930900776324436947e+02
3.930900776324436947e+02
3.930900776324436947e+02
3.930900776324436947e+02
3.930900776324436947e+02
3.930900776324436947e+02
3.930900776324436947e+02
3.930900776324436947e+02
3.930900776324436947e+02
3.930900776324436947e+02
3.930900776324436947e+02
3.930900776324436947e+02
3.930900776324436947e+02
3.930900776324436947e+02
3.930900776324436947e+02
3.930900776324436947e+02
3.930900776324436947e+02
3.930900776324436947e+02
3.930900776324436947e+02
3.930900776324436947e+02
3.930900776324436947e+02
3.930900776324436947e+02
3.930900776324436947e+02
3.930900776324436947e+02
3.930900776324436947e+02
3.930900776324436947e+02
3.930900776324436947e+02
3.930900776324436947e+02
3.930900776324436947e+02
3.930900776324436947e+02
3.930900776324436947e+02
3.930900776324436947e+02
3.930900776324436947e+02
3.930900776324436947e+02
3.930900776324436947e+02
3.930900776324436947e+02
3.930900776324436947e+02
3.930900776324436947e+02
3.930900776324436947e+02
1.510500362969048183e+03
1.510500362969048183e+03
1.510500362969048183e+03
1.510500362969048183e+03
1.510500362969048183e+03
1.510500362969048183e+03
1.510500362969048183e+03
1.510500362969048183e+03
1.510500362969048183e+03
1.510500362969048183e+03
1.510500362969048183e+03
1.510500362969048183e+03
1.510500362969048183e+03
1.510500362969048183e+03
1.510500362969048183e+03
1.510500362969048183e+03
1.510500362969048183e+03
1.510500362969048183e+03
1.510500362969048183e+03
1.510500362969048183e+03
1.510500362969048183e+03
1.510500362969048183e+03
1.510500362969048183e+03
1.510500362969048183e+03
1.510500362969048183e+03
1.510500362969048183e+03
1.510500362969048183e+03
1.510500362969048183e+03
1.510500362969048183e+03
1.510500362969048183e+03
1.510500362969048183e+03
1.510500362969048183e+03
1.510500362969048183e+03
1.510500362969048183e+03
1.510500362969048183e+03
1.510500362969048183e+03
1.510500362969048183e+03
1.510500362969048183e+03
1.510500362969048183e+03
1.510500362969048183e+03
1.510500362969048183e+03
1.510500362969048183e+03
1.510500362969048183e+03
1.510500362969048183e+03
1.510500362969048183e+03
1.510500362969048183e+03
1.510500362969048183e+03
1.510500362969048183e+03
1.510500362969048183e+03
1.510500362969048183e+03
1.510500362969048183e+03
1.510500362969048183e+03
1.510500362969048183e+03
1.510500362969048183e+03
1.510500362969048183e+03
1.510500362969048183e+03
1.510500362969048183e+03
1.510500362969048183e+03
1.510500362969048183e+03
1.510500362969048183e+03
1.510500362969048183e+03
1.510500362969048183e+03
1.510500362969048183e+03
1.510500362969048183e+03
1.510500362969048183e+03
1.510500362969048183e+03
1.510500362969048183e+03
1.510500362969048183e+03
1.510500362969048183e+03
1.510500362969048183e+03
1.510500362969048183e+03
1.510500362969048183e+03
3.696914498164116139e+03
3.696914498164116139e+03
3.696914498164116139e+03
3.696914498164116139e+03
3.696914498164116139e+03
3.696914498164116139e+03
3.696914498164116139e+03
3.696914498164116139e+03
3.696914498164116139e+03
3.696914498164116139e+03
3.696914498164116139e+03
3.696914498164116139e+03
3.696914498164116139e+03
3.696914498164116139e+03
3.696914498164116139e+03
3.696914498164116139e+03
3.696914498164116139e+03
3.696914498164116139e+03
3.696914498164116139e+03
3.696914498164116139e+03
3.696914498164116139e+03
3.696914498164116139e+03
3.696914498164116139e+03
3.696914498164116139e+03
3.696914498164116139e+03
3.696914498164116139e+03
3.696914498164116139e+03
3.696914498164116139e+03
3.696914498164116139e+03
3.696914498164116139e+03
3.696914498164116139e+03
3.696914498164116139e+03
3.696914498164116139e+03
3.696914498164116139e+03
3.696914498164116139e+03
3.696914498164116139e+03
3.696914498164116139e+03
3.696914498164116139e+03
3.696914498164116139e+03
3.696914498164116139e+03
3.696914498164116139e+03
3.696914498164116139e+03
3.696914498164116139e+03
3.696914498164116139e+03
3.696914498164116139e+03
3.696914498164116139e+03
3.696914498164116139e+03
3.696914498164116139e+03
3.696914498164116139e+03
3.696914498164116139e+03
3.696914498164116139e+03
3.696914498164116139e+03
3.696914498164116139e+03
3.696914498164116139e+03
3.696914498164116139e+03
3.696914498164116139e+03
3.696914498164116139e+03
3.696914498164116139e+03
3.696914498164116139e+03
3.696914498164116139e+03
3.696914498164116139e+03
3.696914498164116139e+03
3.696914498164116139e+03
3.696914498164116139e+03
3.696914498164116139e+03
3.696914498164116139e+03
3.696914498164116139e+03
3.696914498164116139e+03
3.696914498164116139e+03
3.696914498164116139e+03
3.696914498164116139e+03
3.696914498164116139e+03
7.423002917999461715e+03
7.445169988681873292e+03
7.445169988681873292e+03
7.445169988681873292e+03
7.445169988681873292e+03
7.445169988681873292e+03
7.445169988681873292e+03
7.445169988681873292e+03
7.445169988681873292e+03
7.445169988681873292e+03
7.445169988681873292e+03
7.445169988681873292e+03
7.445169988681873292e+03
7.445169988681873292e+03
7.445169988681873292e+03
7.445169988681873292e+03
7.445169988681873292e+03
7.445169988681873292e+03
7.445169988681873292e+03
7.445169988681873292e+03
7.445169988681873292e+03
7.445169988681873292e+03
7.445169988681873292e+03
7.445169988681873292e+03
7.445169988681873292e+03
7.445169988681873292e+03
7.445169988681873292e+03
7.445169988681873292e+03
7.445169988681873292e+03
7.445169988681873292e+03
7.445169988681873292e+03
7.445169988681873292e+03
7.445169988681873292e+03
7.445169988681873292e+03
7.445169988681873292e+03
7.445169988681873292e+03
7.445169988681873292e+03
7.445169988681873292e+03
7.445169988681873292e+03
7.445169988681873292e+03
7.445169988681873292e+03
7.445169988681873292e+03
7.445169988681873292e+03
7.445169988681873292e+03
7.445169988681873292e+03
7.445169988681873292e+03
7.445169988681873292e+03
7.445169988681873292e+03
7.445169988681873292e+03
7.445169988681873292e+03
7.445169988681873292e+03
7.445169988681873292e+03
7.445169988681873292e+03
7.445169988681873292e+03
7.445169988681873292e+03
7.445169988681873292e+03
7.445169988681873292e+03
7.445169988681873292e+03
7.445169988681873292e+03
7.445169988681873292e+03
7.445169988681873292e+03
7.445169988681873292e+03
7.445169988681873292e+03
7.445169988681873292e+03
7.445169988681873292e+03
7.445169988681873292e+03
7.445169988681873292e+03
7.445169988681873292e+03
7.445169988681873292e+03
7.445169988681873292e+03
7.445169988681873292e+03
7.445169988681873292e+03
1.284651305032759046e+04
1.295308611945638040e+04
1.300605257773133599e+04
1.301572532394968039e+04
1.301572532394968039e+04
1.301572532394968039e+04
1.301572532394968039e+04
1.301572532394968039e+04
1.301572532394968039e+04
1.301572532394968039e+04
1.301572532394968039e+04
1.301572532394968039e+04
1.301572532394968039e+04
1.301572532394968039e+04
1.301572532394968039e+04
1.301572532394968039e+04
1.301572532394968039e+04
1.301572532394968039e+04
1.301572532394968039e+04
1.301572532394968039e+04
1.301572532394968039e+04
1.301572532394968039e+04
1.301572532394968039e+04
1.301572532394968039e+04
1.301572532394968039e+04
1.301572532394968039e+04
1.301572532394968039e+04
1.301572532394968039e+04
1.301572532394968039e+04
1.301572532394968039e+04
1.301572532394968039e+04
1.301572532394968039e+04
1.301572532394968039e+04
1.301572532394968039e+04
1.301572532394968039e+04
1.301572532394968039e+04
1.301572532394968039e+04
1.301572532394968039e+04
1.301572532394968039e+04
1.301572532394968039e+04
1.301572532394968039e+04
1.301572532394968039e+04
1.301572532394968039e+04
1.301572532394968039e+04
1.301572532394968039e+04
1.301572532394968039e+04
1.301572532394968039e+04
1.301572532394968039e+04
1.301572532394968039e+04
1.301572532394968039e+04
1.301572532394968039e+04
1.301572532394968039e+04
1.301572532394968039e+04
1.301572532394968039e+04
1.301572532394968039e+04
1.301572532394968039e+04
1.301572532394968039e+04
1.301572532394968039e+04
1.301572532394968039e+04
1.301572532394968039e+04
1.301572532394968039e+04
1.301572532394968039e+04
1.301572532394968039e+04
1.301572532394968039e+04
1.301572532394968039e+04
1.301572532394968039e+04
1.301572532394968039e+04
1.301572532394968039e+04
1.301572532394968039e+04
1.301572532394968039e+04
1.301572532394968039e+04
1.301572532394968039e+04
2.007143696991072648e+04
2.060947877933085692e+04
2.077620251791432747e+04
2.088488034431573033e+04
2.092981418637904062e+04
2.093571019060699473e+04
2.093571019060699473e+04
2.093571019060699473e+04
2.093571019060699473e+04
2.093571019060699473e+04
2.093571019060699473e+04
2.093571019060699473e+04
2.093571019060699473e+04
2.093571019060699473e+04
2.093571019060699473e+04
2.093571019060699473e+04
2.093571019060699473e+04
2.093571019060699473e+04
2.093571019060699473e+04
2.093571019060699473e+04
2.093571019060699473e+04
2.093571019060699473e+04
2.093571019060699473e+04
2.093571019060699473e+04
2.093571019060699473e+04
2.093571019060699473e+04
2.093571019060699473e+04
2.093571019060699473e+04
2.093571019060699473e+04
2.093571019060699473e+04
2.093571019060699473e+04
2.093571019060699473e+04
2.093571019060699473e+04
2.093571019060699473e+04
2.093571019060699473e+04
2.093571019060699473e+04
2.093571019060699473e+04
2.093571019060699473e+04
2.093571019060699473e+04
2.093571019060699473e+04
2.093571019060699473e+04
2.093571019060699473e+04
2.093571019060699473e+04
2.093571019060699473e+04
2.093571019060699473e+04
2.093571019060699473e+04
2.093571019060699473e+04
2.093571019060699473e+04
2.093571019060699473e+04
2.093571019060699473e+04
2.093571019060699473e+04
2.093571019060699473e+04
2.093571019060699473e+04
2.093571019060699473e+04
2.093571019060699473e+04
2.093571019060699473e+04
2.093571019060699473e+04
2.093571019060699473e+04
2.093571019060699473e+04
2.093571019060699473e+04
2.093571019060699473e+04
2.093571019060699473e+04
2.093571019060699473e+04
2.093571019060699473e+04
2.093571019060699473e+04
2.093571019060699473e+04
2.093571019060699473e+04
2.093571019060699473e+04
2.093571019060699473e+04
2.093571019060699473e+04
2.093571019060699473e+04
2.093571019060699473e+04
2.948431523691210532e+04
3.020903574416979245e+04
3.096728452296353498e+04
3.129187016738973034e+04
3.144399058477010840e+04
3.154356621190415535e+04
3.158193470603091555e+04
3.158193470603091555e+04
3.161923312394111053e+04
3.165683235438930205e+04
3.165683235438930205e+04
3.165683235438930205e+04
3.165683235438930205e+04
3.165683235438930205e+04
3.165683235438930205e+04
3.165683235438930205e+04
3.165683235438930205e+04
3.165683235438930205e+04
3.165683235438930205e+04
3.165683235438930205e+04
3.165683235438930205e+04
3.165683235438930205e+04
3.165683235438930205e+04
3.165683235438930205e+04
3.165683235438930205e+04
3.165683235438930205e+04
3.165683235438930205e+04
3.165683235438930205e+04
3.165683235438930205e+04
3.165683235438930205e+04
3.165683235438930205e+04
3.165683235438930205e+04
3.165683235438930205e+04
3.165683235438930205e+04
3.165683235438930205e+04
3.165683235438930205e+04
3.165683235438930205e+04
3.165683235438930205e+04
3.165683235438930205e+04
3.165683235438930205e+04
3.165683235438930205e+04
3.165683235438930205e+04
3.165683235438930205e+04
3.165683235438930205e+04
3.165683235438930205e+04
3.165683235438930205e+04
3.165683235438930205e+04
3.165683235438930205e+04
3.165683235438930205e+04
3.165683235438930205e+04
3.165683235438930205e+04
3.165683235438930205e+04
3.165683235438930205e+04
3.165683235438930205e+04
3.165683235438930205e+04
3.165683235438930205e+04
3.165683235438930205e+04
3.165683235438930205e+04
3.165683235438930205e+04
3.165683235438930205e+04
3.165683235438930205e+04
3.165683235438930205e+04
3.165683235438930205e+04
3.165683235438930205e+04
3.165683235438930205e+04
3.165683235438930205e+04
3.165683235438930205e+04
3.165683235438930205e+04
3.165683235438930205e+04
3.165683235438930205e+04
3.165683235438930205e+04
3.165683235438930205e+04
4.111539022955757537e+04
4.266176962857437320e+04
4.356416643099252542e+04
4.456740568766045180e+04
4.510372072957041382e+04
4.531708714416179282e+04
4.547765884911085595e+04
4.557066080253577093e+04
4.557860393851716799e+04
4.558153135157795623e+04
4.568934998608590831e+04
4.574436259717950452e+04
4.574436259717950452e+04
4.574436259717950452e+04
4.574436259717950452e+04
4.574436259717950452e+04
4.574436259717950452e+04
4.574436259717950452e+04
4.574436259717950452e+04
4.574436259717950452e+04
4.574436259717950452e+04
4.574436259717950452e+04
4.574436259717950452e+04
4.574436259717950452e+04
4.574436259717950452e+04
4.574436259717950452e+04
4.574436259717950452e+04
4.574436259717950452e+04
4.574436259717950452e+04
4.574436259717950452e+04
4.574436259717950452e+04
4.574436259717950452e+04
4.574436259717950452e+04
4.574436259717950452e+04
4.574436259717950452e+04
4.574436259717950452e+04
4.574436259717950452e+04
4.574436259717950452e+04
4.574436259717950452e+04
4.574436259717950452e+04
4.574436259717950452e+04
4.574436259717950452e+04
4.574436259717950452e+04
4.574436259717950452e+04
4.574436259717950452e+04
4.574436259717950452e+04
4.574436259717950452e+04
4.574436259717950452e+04
4.574436259717950452e+04
4.574436259717950452e+04
4.574436259717950452e+04
4.574436259717950452e+04
4.574436259717950452e+04
4.574436259717950452e+04
4.574436259717950452e+04
4.574436259717950452e+04
4.574436259717950452e+04
4.574436259717950452e+04
4.574436259717950452e+04
4.574436259717950452e+04
4.574436259717950452e+04
4.574436259717950452e+04
4.574436259717950452e+04
4.574436259717950452e+04
4.574436259717950452e+04
4.574436259717950452e+04
4.574436259717950452e+04
4.574436259717950452e+04
4.574436259717950452e+04
4.574436259717950452e+04
4.574436259717950452e+04
4.574436259717950452e+04
5.349501038269365381e+04
5.766336956432600709e+04
5.936959303285330680e+04
6.053300282017851714e+04
6.178257133361631713e+04
6.261013851773324131e+04
6.288125870464520267e+04
6.314263164035556110e+04
6.329413720146859123e+04
6.334539212419357500e+04
6.342242758020427573e+04
6.357023299070449139e+04
6.369034757451718906e+04
6.373141540672589326e+04
6.373141540672589326e+04
6.373141540672589326e+04
6.373141540672589326e+04
6.373141540672589326e+04
6.373141540672589326e+04
6.373141540672589326e+04
6.373141540672589326e+04
6.373141540672589326e+04
6.373141540672589326e+04
6.373141540672589326e+04
6.373141540672589326e+04
6.373141540672589326e+04
6.373141540672589326e+04
6.373141540672589326e+04
6.373141540672589326e+04
6.373141540672589326e+04
6.373141540672589326e+04
6.373141540672589326e+04
6.373141540672589326e+04
6.373141540672589326e+04
6.373141540672589326e+04
6.373141540672589326e+04
6.373141540672589326e+04
6.373141540672589326e+04
6.373141540672589326e+04
6.373141540672589326e+04
6.373141540672589326e+04
6.373141540672589326e+04
6.373141540672589326e+04
6.373141540672589326e+04
6.373141540672589326e+04
6.373141540672589326e+04
6.373141540672589326e+04
6.373141540672589326e+04
6.373141540672589326e+04
6.373141540672589326e+04
6.373141540672589326e+04
6.373141540672589326e+04
6.373141540672589326e+04
6.373141540672589326e+04
6.373141540672589326e+04
6.373141540672589326e+04
6.373141540672589326e+04
6.373141540672589326e+04
6.373141540672589326e+04
6.373141540672589326e+04
6.373141540672589326e+04
6.373141540672589326e+04
6.373141540672589326e+04
6.373141540672589326e+04
6.373141540672589326e+04
6.373141540672589326e+04
6.373141540672589326e+04
6.373141540672589326e+04
6.373141540672589326e+04
6.373141540672589326e+04
6.373141540672589326e+04
6.373141540672589326e+04
6.666673947578071966e+04
7.419793300252244808e+04
7.846008621157900780e+04
8.038966955582033552e+04
8.182817608522064984e+04
8.338051700699731009e+04
8.453267252131596615e+04
8.494217565600408125e+04
8.529590197276762046e+04
8.553192096467930241e+04
8.565919187004353444e+04
8.588294910345369135e+04
8.602205026554921642e+04
8.620179681668081321e+04
8.634917458398832241e+04
8.640712802094800281e+04
8.640712802094800281e+04
8.640712802094800281e+04
8.640712802094800281e+04
8.640712802094800281e+04
8.640712802094800281e+04
8.640712802094800281e+04
8.640712802094800281e+04
8.640712802094800281e+04
8.640712802094800281e+04
8.640712802094800281e+04
8.640712802094800281e+04
8.640712802094800281e+04
8.640712802094800281e+04
8.640712802094800281e+04
8.640712802094800281e+04
8.640712802094800281e+04
8.640712802094800281e+04
8.640712802094800281e+04
8.640712802094800281e+04
8.640712802094800281e+04
8.640712802094800281e+04
8.640712802094800281e+04
8.640712802094800281e+04
8.640712802094800281e+04
8.640712802094800281e+04
8.640712802094800281e+04
8.640712802094800281e+04
8.640712802094800281e+04
8.640712802094800281e+04
8.640712802094800281e+04
8.640712802094800281e+04
8.640712802094800281e+04
8.640712802094800281e+04
8.640712802094800281e+04
8.640712802094800281e+04
8.640712802094800281e+04
8.640712802094800281e+04
8.640712802094800281e+04
8.640712802094800281e+04
8.640712802094800281e+04
8.640712802094800281e+04
8.640712802094800281e+04
8.640712802094800281e+04
8.640712802094800281e+04
8.640712802094800281e+04
8.640712802094800281e+04
8.640712802094800281e+04
8.640712802094800281e+04
8.640712802094800281e+04
8.640712802094800281e+04
8.640712802094800281e+04
8.640712802094800281e+04
8.640712802094800281e+04
8.640712802094800281e+04
8.640712802094800281e+04
8.640712802094800281e+04
8.272452147914883972e+04
9.099759964892381686e+04
9.955421447299094871e+04
1.041134730206406821e+05
1.063145837534899038e+05
1.079930575422027177e+05
1.098184734803013271e+05
1.115186532215375046e+05
1.121226786519371381e+05
1.125287925570327789e+05
1.128700983127938525e+05
1.131048709782574006e+05
1.135068586248567590e+05
1.136924376331793901e+05
1.139021770227093948e+05
1.141169923733195610e+05
1.142756732470434217e+05
1.143093056135559746e+05
1.143093056135559746e+05
1.143093056135559746e+05
1.143093056135559746e+05
1.143093056135559746e+05
1.143093056135559746e+05
1.143093056135559746e+05
1.143093056135559746e+05
1.143093056135559746e+05
1.143093056135559746e+05
1.143093056135559746e+05
1.143093056135559746e+05
1.143093056135559746e+05
1.143093056135559746e+05
1.143093056135559746e+05
1.143093056135559746e+05
1.143093056135559746e+05
1.143093056135559746e+05
1.143093056135559746e+05
1.143093056135559746e+05
1.143093056135559746e+05
1.143093056135559746e+05
1.143093056135559746e+05
1.143093056135559746e+05
1.143093056135559746e+05
1.143093056135559746e+05
1.143093056135559746e+05
1.143093056135559746e+05
1.143093056135559746e+05
1.143093056135559746e+05
1.143093056135559746e+05
1.143093056135559746e+05
1.143093056135559746e+05
1.143093056135559746e+05
1.143093056135559746e+05
1.143093056135559746e+05
1.143093056135559746e+05
1.143093056135559746e+05
1.143093056135559746e+05
1.143093056135559746e+05
1.143093056135559746e+05
1.143093056135559746e+05
1.143093056135559746e+05
1.143093056135559746e+05
1.143093056135559746e+05
1.143093056135559746e+05
1.143093056135559746e+05
1.143093056135559746e+05
1.143093056135559746e+05
1.143093056135559746e+05
1.143093056135559746e+05
1.143093056135559746e+05
1.143093056135559746e+05
1.143093056135559746e+05
1.143093056135559746e+05
1.040913107336126704e+05
1.101502835240166751e+05
1.211732357946457050e+05
1.306971958487469383e+05
1.354272390025590430e+05
1.380639207484745129e+05
1.400112898392699135e+05
1.422477594823080581e+05
1.443669893915378489e+05
1.453635044839094044e+05
1.458290626401863992e+05
1.462604833578836988e+05
1.465746937024889339e+05
1.469554485998007003e+05
1.474601469145754818e+05
1.476513169368754898e+05
1.479103431123628980e+05
1.481660880941404030e+05
1.483462359117078595e+05
1.484015623723090976e+05
1.484015623723090976e+05
1.484015623723090976e+05
1.484015623723090976e+05
1.484015623723090976e+05
1.484015623723090976e+05
1.484015623723090976e+05
1.484015623723090976e+05
1.484015623723090976e+05
1.484015623723090976e+05
1.484015623723090976e+05
1.484015623723090976e+05
1.484015623723090976e+05
1.484015623723090976e+05
1.484015623723090976e+05
1.484015623723090976e+05
1.484015623723090976e+05
1.484015623723090976e+05
1.484015623723090976e+05
1.484015623723090976e+05
1.484015623723090976e+05
1.484015623723090976e+05
1.484015623723090976e+05
1.484015623723090976e+05
1.484015623723090976e+05
1.484015623723090976e+05
1.484015623723090976e+05
1.484015623723090976e+05
1.484015623723090976e+05
1.484015623723090976e+05
1.484015623723090976e+05
1.484015623723090976e+05
1.484015623723090976e+05
1.484015623723090976e+05
1.484015623723090976e+05
1.484015623723090976e+05
1.484015623723090976e+05
1.484015623723090976e+05
1.484015623723090976e+05
1.484015623723090976e+05
1.484015623723090976e+05
1.484015623723090976e+05
1.484015623723090976e+05
1.484015623723090976e+05
1.484015623723090976e+05
1.484015623723090976e+05
1.484015623723090976e+05
1.484015623723090976e+05
1.484015623723090976e+05
1.484015623723090976e+05
1.484015623723090976e+05
1.484015623723090976e+05
1.484015623723090976e+05
1.281663343867093645e+05
1.356583570148437866e+05
1.447910102137491631e+05
1.579291253517487494e+05
1.680204042000148911e+05
1.732362219504930545e+05
1.762137372609876038e+05
1.785411977545077971e+05
1.811439174917962519e+05
1.838132295607081905e+05
1.852433776851570292e+05
1.858412655813346209e+05
1.864067443748033838e+05
1.868245395756056823e+05
1.871649650041816640e+05
1.875882773074015859e+05
1.879690058038924471e+05
1.882029031988311908e+05
1.885186499491597642e+05
1.888235087121025717e+05
1.890345114996474877e+05
1.890942088889050647e+05
1.890942088889050647e+05
1.890942088889050647e+05
1.890942088889050647e+05
1.890942088889050647e+05
1.890942088889050647e+05
1.890942088889050647e+05
1.890942088889050647e+05
1.890942088889050647e+05
1.890942088889050647e+05
1.890942088889050647e+05
1.890942088889050647e+05
1.890942088889050647e+05
1.890942088889050647e+05
1.890942088889050647e+05
1.890942088889050647e+05
1.890942088889050647e+05
1.890942088889050647e+05
1.890942088889050647e+05
1.890942088889050647e+05
1.890942088889050647e+05
1.890942088889050647e+05
1.890942088889050647e+05
1.890942088889050647e+05
1.890942088889050647e+05
1.890942088889050647e+05
1.890942088889050647e+05
1.890942088889050647e+05
1.890942088889050647e+05
1.890942088889050647e+05
1.890942088889050647e+05
1.890942088889050647e+05
1.890942088889050647e+05
1.890942088889050647e+05
1.890942088889050647e+05
1.890942088889050647e+05
1.890942088889050647e+05
1.890942088889050647e+05
1.890942088889050647e+05
1.890942088889050647e+05
1.890942088889050647e+05
1.890942088889050647e+05
1.890942088889050647e+05
1.890942088889050647e+05
1.890942088889050647e+05
1.890942088889050647e+05
1.890942088889050647e+05
1.890942088889050647e+05
1.890942088889050647e+05
1.890942088889050647e+05
1.890942088889050647e+05
1.548767505741093191e+05
1.650328917680644372e+05
1.729338135251551284e+05
1.869542470153430768e+05
2.021394383872630133e+05
2.127307753384563548e+05
2.184946880019896489e+05
2.217450765574655670e+05
2.245263174362530117e+05
2.275817048093321500e+05
2.307778245098038169e+05
2.327685341419886390e+05
2.335270097757159383e+05
2.342136253255901393e+05
2.347995243596056825e+05
2.352392000990853412e+05
2.355555785184230772e+05
2.359932061486598104e+05
2.362662790115239331e+05
2.365992825080848124e+05
2.369788705867474200e+05
2.373155725075634546e+05
2.375190108826438081e+05
2.375618759307323489e+05
2.375618759307323489e+05
2.375618759307323489e+05
2.375618759307323489e+05
2.375618759307323489e+05
2.375618759307323489e+05
2.375618759307323489e+05
2.375618759307323489e+05
2.375618759307323489e+05
2.375618759307323489e+05
2.375618759307323489e+05
2.375618759307323489e+05
2.375618759307323489e+05
2.375618759307323489e+05
2.375618759307323489e+05
2.375618759307323489e+05
2.375618759307323489e+05
2.375618759307323489e+05
2.375618759307323489e+05
2.375618759307323489e+05
2.375618759307323489e+05
2.375618759307323489e+05
2.375618759307323489e+05
2.375618759307323489e+05
2.375618759307323489e+05
2.375618759307323489e+05
2.375618759307323489e+05
2.375618759307323489e+05
2.375618759307323489e+05
2.375618759307323489e+05
2.375618759307323489e+05
2.375618759307323489e+05
2.375618759307323489e+05
2.375618759307323489e+05
2.375618759307323489e+05
2.375618759307323489e+05
2.375618759307323489e+05
2.375618759307323489e+05
2.375618759307323489e+05
2.375618759307323489e+05
2.375618759307323489e+05
2.375618759307323489e+05
2.375618759307323489e+05
2.375618759307323489e+05
2.375618759307323489e+05
2.375618759307323489e+05
2.375618759307323489e+05
2.375618759307323489e+05
2.375618759307323489e+05
1.813791882810882817e+05
1.983646442990286159e+05
2.091467673401102074e+05
2.195499540746108687e+05
2.376930679053165659e+05
2.545760521764808218e+05
2.655665673364416580e+05
2.716280796995182754e+05
2.754821564666939666e+05
2.786473451864530798e+05
2.821756785211106762e+05
2.859722183324474026e+05
2.885827863296382711e+05
2.897897599681591964e+05
2.905376648730573361e+05
2.912322761668085586e+05
2.917934006682907930e+05
2.922698317677373998e+05
2.925687684177283663e+05
2.929125098032299429e+05
2.932201976872576051e+05
2.936253242642492987e+05
2.940622842405884294e+05
2.944535439631951740e+05
2.946950051026589936e+05
2.947407033528629108e+05
2.947407033528629108e+05
2.947407033528629108e+05
2.947407033528629108e+05
2.947407033528629108e+05
2.947407033528629108e+05
2.947407033528629108e+05
2.947407033528629108e+05
2.947407033528629108e+05
2.947407033528629108e+05
2.947407033528629108e+05
2.947407033528629108e+05
2.947407033528629108e+05
2.947407033528629108e+05
2.947407033528629108e+05
2.947407033528629108e+05
2.947407033528629108e+05
2.947407033528629108e+05
2.947407033528629108e+05
2.947407033528629108e+05
2.947407033528629108e+05
2.947407033528629108e+05
2.947407033528629108e+05
2.947407033528629108e+05
2.947407033528629108e+05
2.947407033528629108e+05
2.947407033528629108e+05
2.947407033528629108e+05
2.947407033528629108e+05
2.947407033528629108e+05
2.947407033528629108e+05
2.947407033528629108e+05
2.947407033528629108e+05
2.947407033528629108e+05
2.947407033528629108e+05
2.947407033528629108e+05
2.947407033528629108e+05
2.947407033528629108e+05
2.947407033528629108e+05
2.947407033528629108e+05
2.947407033528629108e+05
2.947407033528629108e+05
2.947407033528629108e+05
2.947407033528629108e+05
2.947407033528629108e+05
2.947407033528629108e+05
2.947407033528629108e+05
2.089221682373336807e+05
2.343561278656502545e+05
2.493754236943916185e+05
2.607944833105944854e+05
2.766412415242867428e+05
2.974206381956490804e+05
3.161204925891069579e+05
3.274267576312530437e+05
3.340869851202449063e+05
3.384339877776062349e+05
3.421105411435223650e+05
3.460459844592141453e+05
3.504695470427119872e+05
3.539396659359431942e+05
3.556045107037961716e+05
3.565026078028215561e+05
3.573948086748165078e+05
3.580964426775879110e+05
3.587092458353381371e+05
3.591466139700094936e+05
3.593237495884971577e+05
3.596402048742296174e+05
3.600393121402026154e+05
3.605462700560778030e+05
3.610596157181152957e+05
3.614570897440189146e+05
3.616792964845270617e+05
3.617039996020365506e+05
3.617039996020365506e+05
3.617039996020365506e+05
3.617039996020365506e+05
3.617039996020365506e+05
3.617039996020365506e+05
3.617039996020365506e+05
3.617039996020365506e+05
3.617039996020365506e+05
3.617039996020365506e+05
3.617039996020365506e+05
3.617039996020365506e+05
3.617039996020365506e+05
3.617039996020365506e+05
3.617039996020365506e+05
3.617039996020365506e+05
3.617039996020365506e+05
3.617039996020365506e+05
3.617039996020365506e+05
3.617039996020365506e+05
3.617039996020365506e+05
3.617039996020365506e+05
3.617039996020365506e+05
3.617039996020365506e+05
3.617039996020365506e+05
3.617039996020365506e+05
3.617039996020365506e+05
3.617039996020365506e+05
3.617039996020365506e+05
3.617039996020365506e+05
3.617039996020365506e+05
3.617039996020365506e+05
3.617039996020365506e+05
3.617039996020365506e+05
3.617039996020365506e+05
3.617039996020365506e+05
3.617039996020365506e+05
3.617039996020365506e+05
3.617039996020365506e+05
3.617039996020365506e+05
3.617039996020365506e+05
3.617039996020365506e+05
3.617039996020365506e+05
3.617039996020365506e+05
3.617039996020365506e+05
2.372710378500621300e+05
2.706545940873868531e+05
2.939180507751120022e+05
3.089921787339965231e+05
3.206020912963409210e+05
3.436062859817522694e+05
3.672660927264831262e+05
3.873616618719623075e+05
3.992272927645132877e+05
4.065369572957448545e+05
4.114292667758981697e+05
4.156355218690959737e+05
4.201922408935930580e+05
4.252930328427988570e+05
4.295240534320102306e+05
4.317387877978492761e+05
4.329279876928820740e+05
4.339003438153672032e+05
4.348295985091420589e+05
4.355629914886903716e+05
4.361586858686952037e+05
4.365447724752919166e+05
4.366705368135562167e+05
4.368404323673446197e+05
4.373308163831770653e+05
4.379214405800950481e+05
4.385019277954455465e+05
4.389539114281819202e+05
4.392026309349342482e+05
4.392415921098676627e+05
4.392415921098676627e+05
4.392415921098676627e+05
4.392415921098676627e+05
4.392415921098676627e+05
4.392415921098676627e+05
4.392415921098676627e+05
4.392415921098676627e+05
4.392415921098676627e+05
4.392415921098676627e+05
4.392415921098676627e+05
4.392415921098676627e+05
4.392415921098676627e+05
4.392415921098676627e+05
4.392415921098676627e+05
4.392415921098676627e+05
4.392415921098676627e+05
4.392415921098676627e+05
4.392415921098676627e+05
4.392415921098676627e+05
4.392415921098676627e+05
4.392415921098676627e+05
4.392415921098676627e+05
4.392415921098676627e+05
4.392415921098676627e+05
4.392415921098676627e+05
4.392415921098676627e+05
4.392415921098676627e+05
4.392415921098676627e+05
4.392415921098676627e+05
4.392415921098676627e+05
4.392415921098676627e+05
4.392415921098676627e+05
4.392415921098676627e+05
4.392415921098676627e+05
4.392415921098676627e+05
4.392415921098676627e+05
4.392415921098676627e+05
4.392415921098676627e+05
4.392415921098676627e+05
4.392415921098676627e+05
4.392415921098676627e+05
4.392415921098676627e+05
2.675583236662236741e+05
3.076140838637093548e+05
3.411689748509153724e+05
3.618602194231168833e+05
3.778057712139110081e+05
3.949647485587265692e+05
4.226135793621981284e+05
4.485716344563069288e+05
4.695998477942217141e+05
4.821804709110865369e+05
4.904253931524824002e+05
4.959237856032036361e+05
5.006523696244710591e+05
5.056860805312303128e+05
5.115046130320628872e+05
5.165787446825954830e+05
5.197718864083808148e+05
5.212689594634784735e+05
5.224203774330022861e+05
5.235201902523160679e+05
5.244026202623958234e+05
5.252049120116352569e+05
5.257962924756220309e+05
5.260756453074563760e+05
5.261093227466389071e+05
5.261093227466389071e+05
5.261093227466389071e+05
5.266901422640583478e+05
5.273389493787209503e+05
5.278598132511118893e+05
5.281605137464834843e+05
5.282149137290340150e+05
5.282149137290340150e+05
5.282149137290340150e+05
5.282149137290340150e+05
5.282149137290340150e+05
5.282149137290340150e+05
5.282149137290340150e+05
5.282149137290340150e+05
5.282149137290340150e+05
5.282149137290340150e+05
5.282149137290340150e+05
5.282149137290340150e+05
5.282149137290340150e+05
5.282149137290340150e+05
5.282149137290340150e+05
5.282149137290340150e+05
5.282149137290340150e+05
5.282149137290340150e+05
5.282149137290340150e+05
5.282149137290340150e+05
5.282149137290340150e+05
5.282149137290340150e+05
5.282149137290340150e+05
5.282149137290340150e+05
5.282149137290340150e+05
5.282149137290340150e+05
5.282149137290340150e+05
5.282149137290340150e+05
5.282149137290340150e+05
5.282149137290340150e+05
5.282149137290340150e+05
5.282149137290340150e+05
5.282149137290340150e+05
5.282149137290340150e+05
5.282149137290340150e+05
5.282149137290340150e+05
5.282149137290340150e+05
5.282149137290340150e+05
5.282149137290340150e+05
5.282149137290340150e+05
5.282149137290340150e+05
3.011812893324193428e+05
3.457412403198210523e+05
3.885380419511818909e+05
4.191397505943672732e+05
4.394293839041260071e+05
4.554790089827211341e+05
4.823555766317169182e+05
5.137450318188911770e+05
5.421849646627478069e+05
5.640954928114695940e+05
5.776805055720885284e+05
5.864204735042249085e+05
5.927054070660045836e+05
5.978669383163932944e+05
6.036288249664598843e+05
6.102383131245201221e+05
6.162367042785951635e+05
6.202295088374633342e+05
6.223508957974039949e+05
6.237174709567630198e+05
6.249154615118463989e+05
6.259234223195381928e+05
6.269118166986103170e+05
6.277354761868842179e+05
6.283142334165819921e+05
6.285406198872927343e+05
6.285581935747375246e+05
6.285581935747375246e+05
6.285581935747375246e+05
6.285581935747375246e+05
6.290978045847335598e+05
6.296139053378503304e+05
6.298542236367047299e+05
6.298831108657382429e+05
6.298831108657382429e+05
6.298831108657382429e+05
6.298831108657382429e+05
6.298831108657382429e+05
6.298831108657382429e+05
6.298831108657382429e+05
6.298831108657382429e+05
6.298831108657382429e+05
6.298831108657382429e+05
6.298831108657382429e+05
6.298831108657382429e+05
6.298831108657382429e+05
6.298831108657382429e+05
6.298831108657382429e+05
6.298831108657382429e+05
6.298831108657382429e+05
6.298831108657382429e+05
6.298831108657382429e+05
6.298831108657382429e+05
6.298831108657382429e+05
6.298831108657382429e+05
6.298831108657382429e+05
6.298831108657382429e+05
6.298831108657382429e+05
6.298831108657382429e+05
6.298831108657382429e+05
6.298831108657382429e+05
6.298831108657382429e+05
6.298831108657382429e+05
6.298831108657382429e+05
6.298831108657382429e+05
6.298831108657382429e+05
6.298831108657382429e+05
6.298831108657382429e+05
6.298831108657382429e+05
6.298831108657382429e+05
6.298831108657382429e+05
6.298831108657382429e+05
3.379821700334645575e+05
3.863682991991068702e+05
4.372323040654585930e+05
4.791825122267310508e+05
5.068032486145673320e+05
5.281778169933889294e+05
5.477522635420733131e+05
5.831329422806815710e+05
6.179367106111284811e+05
6.492616811086609960e+05
6.718325265652214875e+05
6.861391944444641704e+05
6.958848228723002831e+05
7.027637149047942366e+05
7.087045873915845295e+05
7.150757682809047401e+05
7.224293705277434783e+05
7.293577437598808901e+05
7.345022502996055409e+05
7.372624225163483061e+05
7.389188749435654609e+05
7.403442470106709516e+05
7.416334922717401059e+05
7.427533674556242768e+05
7.437819616569946520e+05
7.445547534094621660e+05
7.449893171155060409e+05
7.450817606511374470e+05
7.450817606511374470e+05
7.450817606511374470e+05
7.450817606511374470e+05
7.450817606511374470e+05
7.450817606511374470e+05
7.450817606511374470e+05
7.451113215198167600e+05
7.451565637264123652e+05
7.451565637264123652e+05
7.451565637264123652e+05
7.451565637264123652e+05
7.451565637264123652e+05
7.451565637264123652e+05
7.451565637264123652e+05
7.451565637264123652e+05
7.451565637264123652e+05
7.451565637264123652e+05
7.451565637264123652e+05
7.451565637264123652e+05
7.451565637264123652e+05
7.451565637264123652e+05
7.451565637264123652e+05
7.451565637264123652e+05
7.451565637264123652e+05
7.451565637264123652e+05
7.451565637264123652e+05
7.451565637264123652e+05
7.451565637264123652e+05
7.451565637264123652e+05
7.451565637264123652e+05
7.451565637264123652e+05
7.451565637264123652e+05
7.451565637264123652e+05
7.451565637264123652e+05
7.451565637264123652e+05
7.451565637264123652e+05
7.451565637264123652e+05
7.451565637264123652e+05
7.451565637264123652e+05
7.451565637264123652e+05
7.451565637264123652e+05
7.451565637264123652e+05
7.451565637264123652e+05
7.451565637264123652e+05
3.796279207304873853e+05
4.292374392190148938e+05
4.866724451571318205e+05
5.391285467123512644e+05
5.788542659465180477e+05
6.059261932805365650e+05
6.276782283197375946e+05
6.582570921478221426e+05
6.981533899108171463e+05
7.361070872068324825e+05
7.699965673581782030e+05
7.932366969514008379e+05
8.083331654632466380e+05
8.188639824545846786e+05
8.266566376977092586e+05
8.332695860327396076e+05
8.404533820771678584e+05
8.487631989311544457e+05
8.566962108476388967e+05
8.628162305479190545e+05
8.663165056544911349e+05
8.684917015585809713e+05
8.701090972169430461e+05
8.715632633608022006e+05
8.728790448294230737e+05
8.741092330397530459e+05
8.751066542909597047e+05
8.757732003731005825e+05
8.761551641154522076e+05
8.762128735840000445e+05
8.762128735840000445e+05
8.762128735840000445e+05
8.762128735840000445e+05
8.762128735840000445e+05
8.762128735840000445e+05
8.762128735840000445e+05
8.762128735840000445e+05
8.762128735840000445e+05
8.762128735840000445e+05
8.762128735840000445e+05
8.762128735840000445e+05
8.762128735840000445e+05
8.762128735840000445e+05
8.762128735840000445e+05
8.762128735840000445e+05
8.762128735840000445e+05
8.762128735840000445e+05
8.762128735840000445e+05
8.762128735840000445e+05
8.762128735840000445e+05
8.762128735840000445e+05
8.762128735840000445e+05
8.762128735840000445e+05
8.762128735840000445e+05
8.762128735840000445e+05
8.762128735840000445e+05
8.762128735840000445e+05
8.762128735840000445e+05
8.762128735840000445e+05
8.762128735840000445e+05
8.762128735840000445e+05
8.762128735840000445e+05
8.762128735840000445e+05
8.762128735840000445e+05
8.762128735840000445e+05
8.762128735840000445e+05
8.762128735840000445e+05
8.762128735840000445e+05
8.762128735840000445e+05
8.762128735840000445e+05
8.762128735840000445e+05
8.762128735840000445e+05
4.255973630649892148e+05
4.769538894989556866e+05
5.381915211476639379e+05
6.012752072256689426e+05
6.531343799799373373e+05
6.898417689826675924e+05
7.176508204536074772e+05
7.393614816830297932e+05
7.837511974355540005e+05
8.290374528646429535e+05
8.692718595721821766e+05
9.059095499611082487e+05
9.294760117377578281e+05
9.456308470591313671e+05
9.572698154078687076e+05
9.658927726991620148e+05
9.732737842994469684e+05
9.811274631912489422e+05
9.903140488757657586e+05
9.993698473937247181e+05
1.006528405772892060e+06
1.011280777423973428e+06
1.013934713749682065e+06
1.015886034505308839e+06
1.017542822693078662e+06
1.018987734720465261e+06
1.020391312000998994e+06
1.021697874662832590e+06
1.022701836561388103e+06
1.023318852051928989e+06
1.023520347155966912e+06
1.023520347155966912e+06
1.023520347155966912e+06
1.023520347155966912e+06
1.023520347155966912e+06
1.023520347155966912e+06
1.023520347155966912e+06
1.023520347155966912e+06
1.023520347155966912e+06
1.023520347155966912e+06
1.023520347155966912e+06
1.023520347155966912e+06
1.023520347155966912e+06
1.023520347155966912e+06
1.023520347155966912e+06
1.023520347155966912e+06
1.023520347155966912e+06
1.023520347155966912e+06
1.023520347155966912e+06
1.023520347155966912e+06
1.023520347155966912e+06
1.023520347155966912e+06
1.023520347155966912e+06
1.023520347155966912e+06
1.023520347155966912e+06
1.023520347155966912e+06
1.023520347155966912e+06
1.023520347155966912e+06
1.023520347155966912e+06
1.023520347155966912e+06
1.023520347155966912e+06
1.023520347155966912e+06
1.023520347155966912e+06
1.023520347155966912e+06
1.023520347155966912e+06
1.023520347155966912e+06
1.023520347155966912e+06
1.023520347155966912e+06
1.023520347155966912e+06
1.023520347155966912e+06
1.023520347155966912e+06
1.023520347155966912e+06
4.760664008305912721e+05
5.291252159481336130e+05
5.932116293320073746e+05
6.641417388591533527e+05
7.280180623267453630e+05
7.784894119370919652e+05
8.132714629453109810e+05
8.423093496502470225e+05
8.760790843999437056e+05
9.261109656526994659e+05
9.757170685266478686e+05
1.019643705437111086e+06
1.057726187868724577e+06
1.082295952764695277e+06
1.099814993343960028e+06
1.112436806258717086e+06
1.122076795781640103e+06
1.130126625647888752e+06
1.138930623002061620e+06
1.149107578583037714e+06
1.159190098174704006e+06
1.167683975163401105e+06
1.173460913512271829e+06
1.176809241689108312e+06
1.179178662396816770e+06
1.181031925084301736e+06
1.182720924079145072e+06
1.184286471035062568e+06
1.185814367985951714e+06
1.187081699397922028e+06
1.188028767354662297e+06
1.188550088548631407e+06
1.188675631045036484e+06
1.188675631045036484e+06
1.188675631045036484e+06
1.188675631045036484e+06
1.188675631045036484e+06
1.188675631045036484e+06
1.188675631045036484e+06
1.188675631045036484e+06
1.188675631045036484e+06
1.188675631045036484e+06
1.188675631045036484e+06
1.188675631045036484e+06
1.188675631045036484e+06
1.188675631045036484e+06
1.188675631045036484e+06
1.188675631045036484e+06
1.188675631045036484e+06
1.188675631045036484e+06
1.188675631045036484e+06
1.188675631045036484e+06
1.188675631045036484e+06
1.188675631045036484e+06
1.188675631045036484e+06
1.188675631045036484e+06
1.188675631045036484e+06
1.188675631045036484e+06
1.188675631045036484e+06
1.188675631045036484e+06
1.188675631045036484e+06
1.188675631045036484e+06
1.188675631045036484e+06
1.188675631045036484e+06
1.188675631045036484e+06
1.188675631045036484e+06
1.188675631045036484e+06
1.188675631045036484e+06
1.188675631045036484e+06
1.188675631045036484e+06
1.188675631045036484e+06
1.188675631045036484e+06
5.310931353279692121e+05
5.852946449560878100e+05
6.526106234149525408e+05
7.288818408315684646e+05
8.040345932069842238e+05
8.687588303516091546e+05
9.153139875464776997e+05
9.509162483351246919e+05
9.795742882087104954e+05
1.030620190137967351e+06
1.086354063276220812e+06
1.139067416440633591e+06
1.187041303438661154e+06
1.226013807668727590e+06
1.252274361629501218e+06
1.270664783198295627e+06
1.284658367827791721e+06
1.295023538868979318e+06
1.303965241543900454e+06
1.313589032424122095e+06
1.324748148759102216e+06
1.336048283956771716e+06
1.345727123568995157e+06
1.352759305572550977e+06
1.357199513285814086e+06
1.360001105014164699e+06
1.362207518865460763e+06
1.364153589715610724e+06
1.365871951302954694e+06
1.367613057674332056e+06
1.369222493974249344e+06
1.370496923361986177e+06
1.371283555079745129e+06
1.371610940765439300e+06
1.371632640633061761e+06
1.371632640633061761e+06
1.371632640633061761e+06
1.371632640633061761e+06
1.371632640633061761e+06
1.371632640633061761e+06
1.371632640633061761e+06
1.371632640633061761e+06
1.371632640633061761e+06
1.371632640633061761e+06
1.371632640633061761e+06
1.371632640633061761e+06
1.371632640633061761e+06
1.371632640633061761e+06
1.371632640633061761e+06
1.371632640633061761e+06
1.371632640633061761e+06
1.371632640633061761e+06
1.371632640633061761e+06
1.371632640633061761e+06
1.371632640633061761e+06
1.371632640633061761e+06
1.371632640633061761e+06
1.371632640633061761e+06
1.371632640633061761e+06
1.371632640633061761e+06
1.371632640633061761e+06
1.371632640633061761e+06
1.371632640633061761e+06
1.371632640633061761e+06
1.371632640633061761e+06
1.371632640633061761e+06
1.371632640633061761e+06
1.371632640633061761e+06
1.371632640633061761e+06
1.371632640633061761e+06
1.371632640633061761e+06
1.371632640633061761e+06
5.891663194674882106e+05
6.435092348719200818e+05
7.128785185058562784e+05
7.933910394273642451e+05
8.762498919797504786e+05
9.540014878925269004e+05
1.019806551539317705e+06
1.065809648420270067e+06
1.102685761968952138e+06
1.139986380425576121e+06
1.202893572863152949e+06
1.265201435394565575e+06
1.320903313134212047e+06
1.372091845816467190e+06
1.412398713619367220e+06
1.439718684240369359e+06
1.459659404714263044e+06
1.474437919867798453e+06
1.485965350830723299e+06
1.495838729059997248e+06
1.506505032069972018e+06
1.518905938244776102e+06
1.531390941195443505e+06
1.542362186177425785e+06
1.550693717048900668e+06
1.556008280327589717e+06
1.559355944237201940e+06
1.561965219484978355e+06
1.564220401582602644e+06
1.566248938804661622e+06
1.568194536898665829e+06
1.570062275238930015e+06
1.571620142280927161e+06
1.572722695882570231e+06
1.573314931274933740e+06
1.573563070025719469e+06
1.573585491789023392e+06
1.573585491789023392e+06
1.573585491789023392e+06
1.573585491789023392e+06
1.573585491789023392e+06
1.573585491789023392e+06
1.573585491789023392e+06
1.573585491789023392e+06
1.573585491789023392e+06
1.573585491789023392e+06
1.573585491789023392e+06
1.573585491789023392e+06
1.573585491789023392e+06
1.573585491789023392e+06
1.573585491789023392e+06
1.573585491789023392e+06
1.573585491789023392e+06
1.573585491789023392e+06
1.573585491789023392e+06
1.573585491789023392e+06
1.573585491789023392e+06
1.573585491789023392e+06
1.573585491789023392e+06
1.573585491789023392e+06
1.573585491789023392e+06
1.573585491789023392e+06
1.573585491789023392e+06
1.573585491789023392e+06
1.573585491789023392e+06
1.573585491789023392e+06
1.573585491789023392e+06
1.573585491789023392e+06
1.573585491789023392e+06
1.573585491789023392e+06
1.573585491789023392e+06
1.573585491789023392e+06
6.478318360129769426e+05
7.036310426173247397e+05
7.743031782735020388e+05
8.579189990924664307e+05
9.459258368888463592e+05
1.033563031549693551e+06
1.113188954924076796e+06
1.180720013961052056e+06
1.227213787678756518e+06
1.262097469549451955e+06
1.326530790902459994e+06
1.394691326514899498e+06
1.462032353828138206e+06
1.521543345866824035e+06
1.576468357479797211e+06
1.617419443824726855e+06
1.645997186027652351e+06
1.667277693449703045e+06
1.683531099053056445e+06
1.696033399297217140e+06
1.706690485136213014e+06
1.718325304292692803e+06
1.731737715778318467e+06
1.745510082464343868e+06
1.757711784232762409e+06
1.767459153746308060e+06
1.774370926115672337e+06
1.778542231717102928e+06
1.781630422141827177e+06
1.784148689952722285e+06
1.786384668284643674e+06
1.788434622557334369e+06
1.790570282634764910e+06
1.792537141088100383e+06
1.794094669165333500e+06
1.795098752647756832e+06
1.795593562094305176e+06
1.795686995341621805e+06
1.795686995341621805e+06
1.795686995341621805e+06
1.795686995341621805e+06
1.795686995341621805e+06
1.795686995341621805e+06
1.795686995341621805e+06
1.795686995341621805e+06
1.795686995341621805e+06
1.795686995341621805e+06
1.795686995341621805e+06
1.795686995341621805e+06
1.795686995341621805e+06
1.795686995341621805e+06
1.795686995341621805e+06
1.795686995341621805e+06
1.795686995341621805e+06
1.795686995341621805e+06
1.795686995341621805e+06
1.795686995341621805e+06
1.795686995341621805e+06
1.795686995341621805e+06
1.795686995341621805e+06
1.795686995341621805e+06
1.795686995341621805e+06
1.795686995341621805e+06
1.795686995341621805e+06
1.795686995341621805e+06
1.795686995341621805e+06
1.795686995341621805e+06
1.795686995341621805e+06
1.795686995341621805e+06
1.795686995341621805e+06
1.795686995341621805e+06
1.795686995341621805e+06
7.057499622964996379e+05
7.659476773533299565e+05
8.380699662006942090e+05
9.236479657216124469e+05
1.015866807768026949e+06
1.109834628825061256e+06
1.200994727939664619e+06
1.285375568772467785e+06
1.353003072927049361e+06
1.398815546363024972e+06
1.455229104453461943e+06
1.532967590673317900e+06
1.608174439140386181e+06
1.679044293501489796e+06
1.743026153181988746e+06
1.801298622369365999e+06
1.842457970479307231e+06
1.872797767784689087e+06
1.895216479672180489e+06
1.912931195075444411e+06
1.926510717888156883e+06
1.938337832673717290e+06
1.950999327572663547e+06
1.965694287657166133e+06
1.980700301360876299e+06
1.994398605308726896e+06
2.005679572726260405e+06
2.013778303952316521e+06
2.018713454927754588e+06
2.022329260703818873e+06
2.025273105456003919e+06
2.027873883712044684e+06
2.030235781754144002e+06
2.032586479514137609e+06
2.034845615382559830e+06
2.036722152896756073e+06
2.038082966744866688e+06
2.038873108593233628e+06
2.039284188847824000e+06
2.039332297903462313e+06
2.039332297903462313e+06
2.039332297903462313e+06
2.039332297903462313e+06
2.039332297903462313e+06
2.039332297903462313e+06
2.039332297903462313e+06
2.039332297903462313e+06
2.039332297903462313e+06
2.039332297903462313e+06
2.039332297903462313e+06
2.039332297903462313e+06
2.039332297903462313e+06
2.039332297903462313e+06
2.039332297903462313e+06
2.039332297903462313e+06
2.039332297903462313e+06
2.039332297903462313e+06
2.039332297903462313e+06
2.039332297903462313e+06
2.039332297903462313e+06
2.039332297903462313e+06
2.039332297903462313e+06
2.039332297903462313e+06
2.039332297903462313e+06
2.039332297903462313e+06
2.039332297903462313e+06
2.039332297903462313e+06
2.039332297903462313e+06
2.039332297903462313e+06
2.039332297903462313e+06
2.039332297903462313e+06
2.039332297903462313e+06
7.601733339099343866e+05
8.287672525456192670e+05
9.053898622965519316e+05
9.926355390370562673e+05
1.087572953153528739e+06
1.186573843954288401e+06
1.286523952921977267e+06
1.381642375345407752e+06
1.471764176523359027e+06
1.536577977359492099e+06
1.588872124476116383e+06
1.676855952594849281e+06
1.758750605815376621e+06
1.841851855516158510e+06
1.916612115026049549e+06
1.984080237589351600e+06
2.045765589870172786e+06
2.088485259505258873e+06
2.119840005640082993e+06
2.143947910868015140e+06
2.162914643236322794e+06
2.177871785952135455e+06
2.190528847185190301e+06
2.204158745853212196e+06
2.220119741515493020e+06
2.236638676217728294e+06
2.251903769022472203e+06
2.264588245029998012e+06
2.273988580778596457e+06
2.280385158870187588e+06
2.284727343299033586e+06
2.288181625889359973e+06
2.291029569881908596e+06
2.293546298203968443e+06
2.296050150798256043e+06
2.298593797301269136e+06
2.300903288187303115e+06
2.302799380445950665e+06
2.304078595018412918e+06
2.304790023528078571e+06
2.304990238612881862e+06
2.304990238612881862e+06
2.304990238612881862e+06
2.304990238612881862e+06
2.304990238612881862e+06
2.304990238612881862e+06
2.304990238612881862e+06
2.304990238612881862e+06
2.304990238612881862e+06
2.304990238612881862e+06
2.304990238612881862e+06
2.304990238612881862e+06
2.304990238612881862e+06
2.304990238612881862e+06
2.304990238612881862e+06
2.304990238612881862e+06
2.304990238612881862e+06
2.304990238612881862e+06
2.304990238612881862e+06
2.304990238612881862e+06
2.304990238612881862e+06
2.304990238612881862e+06
2.304990238612881862e+06
2.304990238612881862e+06
2.304990238612881862e+06
2.304990238612881862e+06
2.304990238612881862e+06
2.304990238612881862e+06
2.304990238612881862e+06
2.304990238612881862e+06
2.304990238612881862e+06
2.304990238612881862e+06
8.107729892722263467e+05
8.917043109129320364e+05
9.828892503878065618e+05
1.066519176825706847e+06
1.163373018835790921e+06
1.266523725357292686e+06
1.372179396627457580e+06
1.477993690158906626e+06
1.578726090048791142e+06
1.670900130791780306e+06
1.732467333322251681e+06
1.825668288160966942e+06
1.920023933665105142e+06
2.008875390566616319e+06
2.097583841711608227e+06
2.176739446999561973e+06
2.249272916631151922e+06
2.312058336457795464e+06
2.356073115123061463e+06
2.389168307283710223e+06
2.414882402444570791e+06
2.435078650511727668e+06
2.451314494193284307e+06
2.465165118576910347e+06
2.480094124669570010e+06
2.497265637192120776e+06
2.515251992805237416e+06
2.531777854112096131e+06
2.545979478844648693e+06
2.557310455019942950e+06
2.564911410914338659e+06
2.569911304614692926e+06
2.573947796451376751e+06
2.577266536830304191e+06
2.580236857746435795e+06
2.582984197015866172e+06
2.585775255886583123e+06
2.588409957558111753e+06
2.590685739220852964e+06
2.592340868888771161e+06
2.593383137930978555e+06
2.593826645561556332e+06
2.593884035104627255e+06
2.593884035104627255e+06
2.593884035104627255e+06
2.593884035104627255e+06
2.593884035104627255e+06
2.593884035104627255e+06
2.593884035104627255e+06
2.593884035104627255e+06
2.593884035104627255e+06
2.593884035104627255e+06
2.593884035104627255e+06
2.593884035104627255e+06
2.593884035104627255e+06
2.593884035104627255e+06
2.593884035104627255e+06
2.593884035104627255e+06
2.593884035104627255e+06
2.593884035104627255e+06
2.593884035104627255e+06
2.593884035104627255e+06
2.593884035104627255e+06
2.593884035104627255e+06
2.593884035104627255e+06
2.593884035104627255e+06
2.593884035104627255e+06
2.593884035104627255e+06
2.593884035104627255e+06
2.593884035104627255e+06
2.593884035104627255e+06
2.593884035104627255e+06
8.628495198012746405e+05
9.654882624355279841e+05
1.070740385499253636e+06
1.163184420917351265e+06
1.256971066955171060e+06
1.359137097164843231e+06
1.471400675698598381e+06
1.588001869652138092e+06
1.688452083508641925e+06
1.790981347656314261e+06
1.885327938642469933e+06
1.981284512217203155e+06
2.085665642268013675e+06
2.184679004637809470e+06
2.283003393206357956e+06
2.375757591276386287e+06
2.459229722906945739e+06
2.536517668919667602e+06
2.600125164609769825e+06
2.646155218502135016e+06
2.681237599550288171e+06
2.708171152092677075e+06
2.730410234777403064e+06
2.747839633944892325e+06
2.762648505095964763e+06
2.778724974741873331e+06
2.797349243706339505e+06
2.816605946482877247e+06
2.834800520868743304e+06
2.850665629511281848e+06
2.863399143428505864e+06
2.872849479408844840e+06
2.879076528822534718e+06
2.883774674776826985e+06
2.887517254747638479e+06
2.890619087846110575e+06
2.893449914757055696e+06
2.896427889322577510e+06
2.899458477133112028e+06
2.902224815457523335e+06
2.904443742100461852e+06
2.906030335983357858e+06
2.906932289912052918e+06
2.907253138824386522e+06
2.907279594400849193e+06
2.907279594400849193e+06
2.907279594400849193e+06
2.907279594400849193e+06
2.907279594400849193e+06
2.907279594400849193e+06
2.907279594400849193e+06
2.907279594400849193e+06
2.907279594400849193e+06
2.907279594400849193e+06
2.907279594400849193e+06
2.907279594400849193e+06
2.907279594400849193e+06
2.907279594400849193e+06
2.907279594400849193e+06
2.907279594400849193e+06
2.907279594400849193e+06
2.907279594400849193e+06
2.907279594400849193e+06
2.907279594400849193e+06
2.907279594400849193e+06
2.907279594400849193e+06
2.907279594400849193e+06
2.907279594400849193e+06
2.907279594400849193e+06
2.907279594400849193e+06
2.907279594400849193e+06
2.907279594400849193e+06
9.351610593545961892e+05
1.046190317673654063e+06
1.161799353564035613e+06
1.264566352003148291e+06
1.364750863155461382e+06
1.470215302073229570e+06
1.586145344469821546e+06
1.715126059557599481e+06
1.831923108665472362e+06
1.935007356624964857e+06
2.038589910975079983e+06
2.145889658326371107e+06
2.256739949303363916e+06
2.368232305737014394e+06
2.473490002371800132e+06
2.580426938283107243e+06
2.677470196086028125e+06
2.765409849509025924e+06
2.847340773519095965e+06
2.912324168325286359e+06
2.960004668806429021e+06
2.996192239380632993e+06
3.024977689724501222e+06
3.048982782266253140e+06
3.067480472860348411e+06
3.083828710470619611e+06
3.101289989789500367e+06
3.121328716417578049e+06
3.142272268223866355e+06
3.161871387108138297e+06
3.179588381643163040e+06
3.194085729114674963e+06
3.204983562866572291e+06
3.212144867748296354e+06
3.217533823287724052e+06
3.221929899435965344e+06
3.225539916555182543e+06
3.228811045800043736e+06
3.232017544156798162e+06
3.235311139678153675e+06
3.238444511106056627e+06
3.241078619733364321e+06
3.243082936558517162e+06
3.244352287137843203e+06
3.244993210191738792e+06
3.245102892364502884e+06
3.245102892364502884e+06
3.245102892364502884e+06
3.245102892364502884e+06
3.245102892364502884e+06
3.245102892364502884e+06
3.245102892364502884e+06
3.245102892364502884e+06
3.245102892364502884e+06
3.245102892364502884e+06
3.245102892364502884e+06
3.245102892364502884e+06
3.245102892364502884e+06
3.245102892364502884e+06
3.245102892364502884e+06
3.245102892364502884e+06
3.245102892364502884e+06
3.245102892364502884e+06
3.245102892364502884e+06
3.245102892364502884e+06
3.245102892364502884e+06
3.245102892364502884e+06
3.245102892364502884e+06
3.245102892364502884e+06
3.245102892364502884e+06
3.245102892364502884e+06
3.245102892364502884e+06
1.009845091352989082e+06
1.131443929797131103e+06
1.253801111837146804e+06
1.371702310713946819e+06
1.478603183222971158e+06
1.588432185747370124e+06
1.710541511249047471e+06
1.843346908250805689e+06
1.979149756372137228e+06
2.095406762100235326e+06
2.205670538933867589e+06
2.320066981711209752e+06
2.436541771280338988e+06
2.557324647279449739e+06
2.676199219023011625e+06
2.789017096525767818e+06
2.902930434057088569e+06
3.004079580680613406e+06
3.096890200525098015e+06
3.184018426990186330e+06
3.249002976262260228e+06
3.298655586539939977e+06
3.336202609939363319e+06
3.367258981471555773e+06
3.392799214335340541e+06
3.412964336390338838e+06
3.430220184279629029e+06
3.448822545332553796e+06
3.470454934196370654e+06
3.493143834018546622e+06
3.514892510951245204e+06
3.534104167104387656e+06
3.550244133391027339e+06
3.562684973544374574e+06
3.571320231218622997e+06
3.577680993565210141e+06
3.582743926792196464e+06
3.586795741753609385e+06
3.590212645876487717e+06
3.593551287307163235e+06
3.597115916273056064e+06
3.600610103285323828e+06
3.603777576337442268e+06
3.606369809724946972e+06
3.608276854402295779e+06
3.609455680313682184e+06
3.609997568304160610e+06
3.610081915564927272e+06
3.610081915564927272e+06
3.610081915564927272e+06
3.610081915564927272e+06
3.610081915564927272e+06
3.610081915564927272e+06
3.610081915564927272e+06
3.610081915564927272e+06
3.610081915564927272e+06
3.610081915564927272e+06
3.610081915564927272e+06
3.610081915564927272e+06
3.610081915564927272e+06
3.610081915564927272e+06
3.610081915564927272e+06
3.610081915564927272e+06
3.610081915564927272e+06
3.610081915564927272e+06
3.610081915564927272e+06
3.610081915564927272e+06
3.610081915564927272e+06
3.610081915564927272e+06
3.610081915564927272e+06
3.610081915564927272e+06
3.610081915564927272e+06
1.087104728785343003e+06
1.220779607617784990e+06
1.349217858666865155e+06
1.482079899174918653e+06
1.598338473949884530e+06
1.714249208482268732e+06
1.840154301778245950e+06
1.977244564846737310e+06
2.126704730821305420e+06
2.261935284602809697e+06
2.381445797536289785e+06
2.502147444174810778e+06
2.626011372505350038e+06
2.752455064861006569e+06
2.882827770830878522e+06
3.007185898335723206e+06
3.131362376510738395e+06
3.249416443533503450e+06
3.355541501727525145e+06
3.452881220013966784e+06
3.543967873252910562e+06
3.610796901314531453e+06
3.661149068984456360e+06
3.701562706021436956e+06
3.734478798627838492e+06
3.761260774100291077e+06
3.782933219659658615e+06
3.801784972089709248e+06
3.821728187544548884e+06
3.844893323121157940e+06
3.869109648237498943e+06
3.892298837991316337e+06
3.913289271450713743e+06
3.931210339742183220e+06
3.945794956859533675e+06
3.956214034498628229e+06
3.963359203509682789e+06
3.969197020280668046e+06
3.973893547583622858e+06
3.977870248825859278e+06
3.981515502519080881e+06
3.985298007158549037e+06
3.989074362544709817e+06
3.992638306616609916e+06
3.995712404226674698e+06
3.998081678555584978e+06
3.999736419244892895e+06
4.000632254916720092e+06
4.000923750991865061e+06
4.000923750991865061e+06
4.000923750991865061e+06
4.000923750991865061e+06
4.000923750991865061e+06
4.000923750991865061e+06
4.000923750991865061e+06
4.000923750991865061e+06
4.000923750991865061e+06
4.000923750991865061e+06
4.000923750991865061e+06
4.000923750991865061e+06
4.000923750991865061e+06
4.000923750991865061e+06
4.000923750991865061e+06
4.000923750991865061e+06
4.000923750991865061e+06
4.000923750991865061e+06
4.000923750991865061e+06
4.000923750991865061e+06
4.000923750991865061e+06
4.000923750991865061e+06
4.000923750991865061e+06
4.000923750991865061e+06
