2.805561649872250000e+12
4.659941677370500000e+12
5.693509991943250000e+12
6.342272046703750000e+12
6.769482447596500000e+12
7.027218175258000000e+12
7.142878152395500000e+12
7.151440584178000000e+12
7.090090571493750000e+12
6.989429287818000000e+12
6.870896584592000000e+12
6.748006218360250000e+12
6.628574970031750000e+12
6.516703024513500000e+12
6.414210548676000000e+12
6.421598140793250000e+12
6.508688235924500000e+12
6.641143729290500000e+12
6.759890135365750000e+12
6.866494367491500000e+12
6.962374518095750000e+12
7.048793686709000000e+12
7.126865834921500000e+12
7.197567498030000000e+12
7.261751802385000000e+12
7.320162817874500000e+12
7.373449213036250000e+12
7.422176726865250000e+12
7.466839282065000000e+12
7.507868734605750000e+12
7.545643341766750000e+12
7.580495070298000000e+12
7.612715878772750000e+12
7.642563106062000000e+12
7.670264088396500000e+12
7.696020114863750000e+12
7.726513899282750000e+12
7.755140048405250000e+12
7.781832220539750000e+12
7.806759996394000000e+12
7.830075052744500000e+12
7.851913335509000000e+12
7.872396939599750000e+12
7.891635738316250000e+12
7.909728798495000000e+12
7.926765612087500000e+12
7.942827170178250000e+12
7.957986901514250000e+12
7.972311494308250000e+12
7.985861617287000000e+12
7.998692553588000000e+12
8.010854759145000000e+12
8.022394355495500000e+12
8.033353565543250000e+12
8.043771099592000000e+12
8.053682497947000000e+12
8.063120435521250000e+12
8.072114993122500000e+12
8.080693899480750000e+12
8.088882747539750000e+12
8.096705188051500000e+12
8.104183103144250000e+12
8.111336762165000000e+12
8.118184961830750000e+12
8.124745152448000000e+12
8.131033551750250000e+12
8.137065247719500000e+12
8.142854291576250000e+12
8.148413782002000000e+12
8.153755941512250000e+12
8.158892185808000000e+12
8.163833186821000000e+12
8.168588930110000000e+12
8.173168767162750000e+12
