3.27520156285623e-09	-4.07888486971047e-07	15.7729238918733	
2.0103952289437	1.49513619009647	15.798008059298	
4.02248562142513	2.98728568018178	15.8351961985808	
6.035343764312	4.47894944369437	15.835196198116	
8.04673758452719	5.97293077654343	15.8239430809328	
10.057575475211	7.46627968409487	15.8310161784545	
12.0683832049598	8.95719009559106	15.8239430752419	
8.61901796591047	0.99348462867127	15.7980080525646	
10.6295219939928	2.48846757540793	15.7973040583046	
12.642004780572	3.9822131601361	15.8239430782286	
3.73700057866983	5.47411397025046	15.8252438576838	
5.74914959499077	6.96754558531033	15.7980080598192	
7.75935735225278	8.46266478690712	15.797304064662	
4.30981945077842	0.499279831641577	15.8252438586327	
6.32073340285342	1.98993127644592	15.8351961945045	
8.33174275944152	3.48277259969348	15.8252438544785	
10.3433077420877	4.97697540469177	15.8310161760136	
12.3562423525519	6.46907894345233	15.8310161749972	
14.3682462246274	7.96120167219152	15.7973040582224	
