-2.84571009221207e-08	-5.01556838970593e-07	19.2270761067068	
2.29983639455214	0.993501934116148	19.2026959378847	
4.59805451954608	1.98988703556367	19.1689838238884	
6.89672139552244	2.98708777280285	19.1689838265766	
9.19652147350403	3.98205274521228	19.1747561467225	
11.4948646594292	4.97721727501335	19.1648038060553	
13.7912636549591	5.97339412067696	19.1747561431966	
5.17000103438217	6.96769914369697	19.202695934919	
7.46991612423752	7.96103052731193	19.2019919363029	
9.76934035020824	8.95688688568498	19.1747561399344	
6.60886225159109	0.498976622098401	19.1760569243574	
8.90872526764387	1.49496504620145	19.2026959444446	
11.2086704896464	2.48862113529838	19.2019919468873	
2.5872166254295	3.48323594554057	19.1760569237541	
4.88378678279494	4.47919131444319	19.1689838223494	
7.18248382054173	5.4739535547924	19.1760569185894	
9.48200651754852	6.46888103441768	19.1648038003819	
11.7802543020284	7.46623544107607	19.1648038031496	
14.0785388636738	8.46268209088903	19.2019919432264	
