12.6503 20.276 20.8216 -6.65513 
14.8104 21.5594 20.8136 -6.65392 
16.9724 22.8403 20.8063 -6.65271 
10.5302 16.4918 20.8395 -6.65751 
12.6861 17.7789 20.83 -6.65632 
14.8441 19.0634 20.8209 -6.65505 
17.0039 20.3451 20.8123 -6.65377 
19.1655 21.6242 20.8045 -6.6526 
21.3287 22.9008 20.7974 -6.65142 
8.42006 12.7018 20.8589 -6.65968 
10.5715 13.9929 20.8484 -6.65855 
12.7251 15.2812 20.838 -6.65737 
14.8808 16.5667 20.828 -6.65614 
17.0384 17.8492 20.8183 -6.65484 
19.1979 19.129 20.8093 -6.65356 
21.3589 20.4062 20.801 -6.65228 
23.5215 21.681 20.7936 -6.6511 
25.6853 22.9537 20.787 -6.65006 
6.31995 8.90592 20.8798 -6.66172 
8.46694 10.2009 20.8683 -6.66061 
10.616 11.4933 20.8568 -6.65951 
12.7673 12.7827 20.8456 -6.6583 
14.9206 14.0692 20.8347 -6.65708 
17.076 15.3526 20.8241 -6.65572 
19.2331 16.633 20.8141 -6.65441 
21.3919 17.9108 20.8047 -6.65307 
23.5524 19.186 20.7962 -6.65178 
25.7142 20.4589 20.7887 -6.65064 
27.8771 21.7298 20.7822 -6.64959 
30.0409 22.9988 20.7766 -6.6488 
4.2279 5.10523 20.9001 -6.66368 
6.37156 6.40331 20.889 -6.66258 
8.51673 7.6993 20.8769 -6.66145 
10.6636 8.99276 20.8646 -6.66031 
12.8126 10.2833 20.8527 -6.65909 
14.9635 11.5707 20.841 -6.65784 
17.1165 12.8549 20.8297 -6.6566 
19.2712 14.136 20.8188 -6.65523 
21.4278 15.4144 20.8085 -6.65391 
23.5858 16.6901 20.7991 -6.65251 
25.7455 17.9633 20.7907 -6.65129 
27.9064 19.2342 20.7833 -6.65012 
30.0684 20.5032 20.7771 -6.6492 
32.2312 21.7705 20.7719 -6.64841 
34.3949 23.0363 20.7676 -6.64782 
3.00921e-05 -5.15023e-06 20.9161 -6.66521 
2.1411 1.30102 20.9136 -6.66497 
4.28268 2.60127 20.9065 -6.66429 
6.42514 3.90008 20.8961 -6.66332 
8.56876 5.19683 20.884 -6.66214 
10.7138 6.49119 20.8715 -6.66097 
12.8605 7.78274 20.859 -6.6598 
15.0092 9.07107 20.8468 -6.65857 
17.1598 10.3561 20.835 -6.65731 
19.3122 11.6379 20.8235 -6.65599 
21.4664 12.9168 20.8125 -6.65462 
23.6221 14.193 20.8023 -6.65327 
25.7794 15.4666 20.7931 -6.65193 
27.9382 16.7377 20.785 -6.6507 
30.0982 18.0067 20.7781 -6.64964 
32.2591 19.2739 20.7723 -6.64876 
34.421 20.5396 20.7677 -6.64804 
36.5837 21.804 20.7639 -6.64749 
38.747 23.0671 20.761 -6.64702 
4.33829 0.0968509 20.9088 -6.6645 
6.4799 1.39615 20.9001 -6.66368 
8.62226 2.69353 20.8889 -6.66257 
10.7659 3.98865 20.8767 -6.66148 
12.9107 5.281 20.8643 -6.66028 
15.0573 6.57034 20.852 -6.65911 
17.2056 7.85613 20.8399 -6.65784 
19.3558 9.13869 20.828 -6.65656 
21.5076 10.4181 20.8166 -6.65519 
23.6611 11.6948 20.8058 -6.65389 
25.8161 12.9688 20.796 -6.6525 
27.9726 14.2402 20.7873 -6.65124 
30.1303 15.5092 20.7798 -6.65009 
32.2894 16.7765 20.7736 -6.64921 
34.4493 18.0421 20.7685 -6.64837 
36.6102 19.3064 20.7644 -6.64775 
38.7718 20.5694 20.7612 -6.64722 
40.9342 21.8312 20.7588 -6.64688 
8.6766 0.189287 20.8907 -6.66277 
10.819 1.48499 20.8796 -6.66172 
12.9625 2.77809 20.8679 -6.66058 
15.1073 4.0681 20.8561 -6.65948 
17.2535 5.35483 20.8442 -6.65832 
19.4016 6.63811 20.8324 -6.65705 
21.5512 7.91822 20.8208 -6.65572 
23.7026 9.1954 20.8097 -6.65437 
25.8553 10.4698 20.7994 -6.65307 
28.0096 11.7415 20.7902 -6.65178 
30.1651 13.0109 20.7823 -6.65062 
32.3221 14.2782 20.7756 -6.64959 
34.48 15.5438 20.7701 -6.64874 
36.6391 16.808 20.7657 -6.64807 
38.799 18.0708 20.7623 -6.64754 
40.9595 19.3324 20.7596 -6.64713 
43.1208 20.5933 20.7576 -6.64684 
45.2825 21.8535 20.7561 -6.64662 
13.015 0.273906 20.8693 -6.66071 
15.1584 1.5646 20.8585 -6.65966 
17.3031 2.85207 20.8473 -6.65862 
19.4492 4.13613 20.836 -6.65736 
21.5969 5.41695 20.8247 -6.65615 
23.7461 6.69466 20.8136 -6.65483 
25.8968 7.96959 20.8032 -6.65355 
28.0489 9.24171 20.7938 -6.65221 
30.2024 10.5114 20.7855 -6.65108 
32.3572 11.7789 20.7784 -6.64998 
34.5133 13.0446 20.7725 -6.64916 
36.6703 14.3088 20.7678 -6.64843 
38.8284 15.5715 20.7641 -6.64785 
40.9872 16.833 20.7612 -6.64737 
43.1469 18.0936 20.759 -6.64708 
45.307 19.3535 20.7574 -6.64688 
47.4678 20.6129 20.7561 -6.64676 
49.629 21.8718 20.7552 -6.64658 
17.3533 0.34794 20.8488 -6.6586 
19.4979 1.63274 20.8385 -6.65747 
21.6439 2.91425 20.8278 -6.65633 
23.7912 4.19264 20.8172 -6.65502 
25.9401 5.46807 20.807 -6.65381 
28.0902 6.74066 20.7976 -6.65252 
30.2418 8.01072 20.7891 -6.65141 
32.3946 9.2785 20.7818 -6.65037 
34.5487 10.5444 20.7757 -6.64947 
36.7038 11.8087 20.7707 -6.64874 
38.86 13.0715 20.7667 -6.64816 
41.0172 14.3329 20.7635 -6.64773 
43.1752 15.5933 20.7611 -6.6474 
45.3337 16.853 20.7593 -6.64714 
47.493 18.1121 20.7579 -6.64698 
49.6527 19.3708 20.7569 -6.64681 
51.8129 20.629 20.7561 -6.64676 
53.9735 21.8871 20.7555 -6.64663 
21.6917 0.410085 20.8297 -6.65634 
23.8376 1.68916 20.82 -6.65514 
25.9847 2.96514 20.8104 -6.65391 
28.1332 4.23834 20.8012 -6.65276 
30.2829 5.50885 20.7929 -6.65163 
32.4339 6.77699 20.7856 -6.65066 
34.5862 8.04311 20.7793 -6.64975 
36.7396 9.30754 20.7741 -6.64908 
38.8939 10.5705 20.7699 -6.64848 
41.0493 11.832 20.7665 -6.64803 
43.2056 13.0924 20.7639 -6.64766 
45.3627 14.3519 20.7619 -6.6474 
47.5204 15.6108 20.7604 -6.64725 
49.6786 16.8692 20.7592 -6.64707 
51.8374 18.1272 20.7582 -6.64696 
53.9966 19.3849 20.7575 -6.64687 
56.1562 20.6425 20.7568 -6.64687 
58.3161 21.9003 20.7562 -6.64681 
26.0302 0.460948 20.8127 -6.65389 
28.1772 1.73474 20.8042 -6.65276 
30.3253 3.00577 20.7963 -6.65165 
32.4748 4.2744 20.7892 -6.65073 
34.6254 5.54083 20.783 -6.64989 
36.7771 6.80546 20.7778 -6.64921 
38.9298 8.06856 20.7735 -6.64866 
41.0835 9.33027 20.77 -6.64825 
43.2381 10.5907 20.7672 -6.64789 
45.3936 11.8502 20.765 -6.64769 
47.5499 13.109 20.7633 -6.64747 
49.7067 14.3673 20.762 -6.64737 
51.8641 15.625 20.7609 -6.64722 
54.022 16.8825 20.76 -6.64716 
56.1802 18.1397 20.7592 -6.64707 
58.3388 19.3971 20.7585 -6.64704 
60.4977 20.6546 20.7578 -6.64693 
62.6568 21.9122 20.7571 -6.64692 
30.3686 0.501491 20.7989 -6.65159 
32.5167 1.77059 20.7923 -6.65066 
34.6658 3.03748 20.7865 -6.6499 
36.8161 4.30245 20.7814 -6.64925 
38.9673 5.5658 20.7771 -6.64874 
41.1195 6.82772 20.7736 -6.64839 
43.2726 8.08827 20.7708 -6.64805 
45.4266 9.3478 20.7685 -6.64787 
47.5813 10.6066 20.7667 -6.64768 
49.7368 11.8648 20.7652 -6.64763 
51.8928 13.1224 20.764 -6.64749 
54.0494 14.3797 20.763 -6.64743 
56.2064 15.6367 20.7621 -6.6473 
58.3638 16.8937 20.7613 -6.64727 
60.5214 18.1508 20.7605 -6.64717 
62.6793 19.4081 20.7597 -6.64712 
64.8374 20.6656 20.7588 -6.64693 
66.9957 21.9235 20.7579 -6.64691 
34.7071 0.533051 20.7892 -6.64984 
36.8561 1.79842 20.7845 -6.64924 
39.0061 3.06212 20.7805 -6.64877 
41.157 4.32431 20.7771 -6.64841 
43.3088 5.58509 20.7743 -6.6481 
45.4614 6.84473 20.772 -6.64794 
47.6148 8.10356 20.7702 -6.64781 
49.7688 9.36176 20.7686 -6.64774 
51.9235 10.6194 20.7674 -6.64768 
54.0788 11.8765 20.7663 -6.64761 
56.2346 13.1333 20.7653 -6.64758 
58.3908 14.39 20.7644 -6.64752 
60.5472 15.6469 20.7635 -6.64744 
62.704 16.9039 20.7626 -6.64735 
64.861 18.161 20.7616 -6.64722 
67.0181 19.4184 20.7606 -6.64711 
69.1753 20.6764 20.7595 -6.647 
71.3326 21.935 20.7584 -6.64688 
39.0456 0.557547 20.7831 -6.64863 
41.1954 1.82009 20.78 -6.6483 
43.3462 3.08122 20.7774 -6.64812 
45.4976 4.34101 20.7753 -6.64788 
47.6498 5.6 20.7735 -6.64785 
49.8025 6.85821 20.772 -6.64776 
51.956 8.11586 20.7707 -6.64782 
54.11 9.3729 20.7696 -6.64776 
56.2647 10.6296 20.7687 -6.6478 
58.4197 11.8861 20.7677 -6.64771 
60.5751 13.1428 20.7668 -6.64774 
62.7307 14.3995 20.7658 -6.6476 
64.8867 15.6563 20.7648 -6.64751 
67.0427 16.9133 20.7637 -6.6473 
69.1989 18.1708 20.7625 -6.64723 
71.3551 19.4289 20.7612 -6.64706 
73.5114 20.6878 20.7599 -6.64693 
75.6677 21.9474 20.7586 -6.64676 
43.3841 0.576494 20.7799 -6.64797 
45.5346 1.83666 20.778 -6.64787 
47.6859 3.09576 20.7764 -6.64783 
49.8377 4.35412 20.775 -6.64782 
51.9901 5.61186 20.7738 -6.6478 
54.143 6.86897 20.7728 -6.6478 
56.2965 8.12558 20.7719 -6.64782 
58.4505 9.38203 20.771 -6.64785 
60.6048 10.6384 20.7701 -6.64784 
62.7594 11.895 20.7691 -6.64778 
64.9143 13.1515 20.7681 -6.64771 
67.0694 14.4082 20.767 -6.64758 
69.2246 15.6652 20.7658 -6.64749 
71.3798 16.9229 20.7644 -6.64728 
73.5351 18.1813 20.763 -6.64712 
75.6904 19.4405 20.7615 -6.64695 
77.8457 20.7004 20.76 -6.64679 
47.7225 0.590874 20.7786 -6.64765 
49.8737 1.8495 20.7775 -6.64776 
52.0253 3.10735 20.7765 -6.64775 
54.1774 4.3646 20.7756 -6.64784 
56.3299 5.62125 20.7747 -6.64782 
58.4829 6.87764 20.774 -6.64788 
60.6363 8.13393 20.7731 -6.6479 
62.7899 9.39027 20.7723 -6.64795 
64.9438 10.6465 20.7714 -6.64789 
67.098 11.903 20.7703 -6.64784 
69.2523 13.1597 20.7691 -6.64772 
71.4067 14.417 20.7678 -6.64757 
73.5611 15.675 20.7664 -6.64744 
75.7154 16.9336 20.7649 -6.6472 
52.0609 0.602377 20.7784 -6.64762 
54.2126 1.85979 20.7777 -6.6478 
56.3644 3.11656 20.7771 -6.64781 
58.5167 4.37296 20.7764 -6.64794 
60.6692 5.62921 20.7758 -6.64793 
62.8221 6.88543 20.7751 -6.64799 
64.9751 8.14158 20.7743 -6.64795 
67.1284 9.39777 20.7734 -6.64795 
69.2819 10.6542 20.7724 -6.64787 
71.4354 11.9112 20.7712 -6.64781 
73.589 13.1688 20.7699 -6.64764 
56.3994 0.611478 20.7786 -6.64768 
58.5512 1.86799 20.7782 -6.64783 
60.7033 3.12427 20.7778 -6.6479 
62.8555 4.38041 20.7773 -6.64795 
65.0079 5.63649 20.7767 -6.64795 
67.1605 6.89256 20.776 -6.64795 
69.3132 8.14881 20.7752 -6.64794 
71.466 9.40554 20.7742 -6.64788 
60.7378 0.619078 20.779 -6.64775 
62.8897 1.87526 20.7788 -6.64789 
65.0418 3.13132 20.7784 -6.64797 
67.1939 4.38726 20.778 -6.64799 
69.346 5.64339 20.7774 -6.64796 
65.0761 0.626032 20.7793 -6.64779 
67.228 1.88197 20.7791 -6.64788 
25.5253 42.8944 20.7792 -6.64769 
27.699 44.1646 20.7793 -6.64775 
29.873 45.4341 20.7791 -6.64782 
23.3675 39.1313 20.78 -6.64781 
25.5402 40.4025 20.7798 -6.64778 
27.7134 41.6729 20.7795 -6.6478 
29.8868 42.9425 20.779 -6.64781 
32.0606 44.2114 20.7782 -6.64787 
34.2344 45.4796 20.7771 -6.64785 
21.2127 35.3665 20.7823 -6.6483 
23.3841 36.6392 20.7814 -6.64808 
25.5562 37.9107 20.7805 -6.64795 
27.7287 39.1811 20.7797 -6.64785 
29.9015 40.4508 20.7787 -6.64784 
32.0746 41.7195 20.7776 -6.64783 
34.2478 42.9875 20.7763 -6.64781 
36.4211 44.2548 20.7748 -6.64782 
38.5942 45.5217 20.7731 -6.64781 
19.0626 31.5992 20.7869 -6.64915 
21.232 32.8739 20.7847 -6.64873 
23.4023 34.1471 20.783 -6.64839 
25.5734 35.4188 20.7814 -6.64813 
27.7451 36.6893 20.7799 -6.64795 
29.9172 37.9588 20.7784 -6.64784 
32.0894 39.2274 20.7769 -6.64777 
34.2619 40.4951 20.7753 -6.64775 
36.4345 41.762 20.7736 -6.6477 
38.607 43.0285 20.7718 -6.64769 
40.7795 44.2945 20.7699 -6.64762 
42.9517 45.5604 20.7678 -6.6476 
16.9178 27.829 20.7947 -6.65065 
19.0848 29.106 20.7908 -6.64985 
21.253 30.3812 20.7875 -6.64929 
23.4221 31.6547 20.7847 -6.64875 
25.5922 32.9267 20.7823 -6.64841 
27.7628 34.1972 20.7801 -6.64805 
29.934 35.4666 20.7781 -6.64792 
32.1053 36.7349 20.7761 -6.64775 
34.2769 38.0024 20.7742 -6.64772 
36.4486 39.269 20.7723 -6.64761 
38.6205 40.5349 20.7703 -6.64757 
40.7923 41.8004 20.7684 -6.64745 
42.9639 43.0656 20.7664 -6.64745 
45.1352 44.3306 20.7644 -6.64731 
47.3064 45.5956 20.7625 -6.64723 
14.7798 24.0548 20.8063 -6.65275 
16.9438 25.3348 20.8003 -6.65166 
19.1092 26.6126 20.7951 -6.65074 
21.276 27.8882 20.7906 -6.64993 
23.4437 29.162 20.7867 -6.64927 
25.6125 30.4341 20.7833 -6.64874 
27.7819 31.7048 20.7804 -6.64835 
29.9519 32.9741 20.7777 -6.64799 
32.1223 34.2421 20.7753 -6.64775 
34.293 35.5092 20.773 -6.64757 
36.4637 36.7754 20.7708 -6.64752 
38.6347 38.041 20.7688 -6.64738 
40.8057 39.306 20.7668 -6.6473 
42.9767 40.5706 20.7649 -6.64719 
45.1474 41.835 20.763 -6.64712 
47.3179 43.0991 20.7612 -6.64705 
49.4881 44.3632 20.7595 -6.64695 
51.6579 45.6272 20.7579 -6.6469 
19.1361 24.1187 20.7997 -6.65163 
21.3011 25.3948 20.7939 -6.65062 
23.4673 26.6689 20.7888 -6.64978 
25.6346 27.9412 20.7844 -6.64907 
27.8026 29.212 20.7806 -6.64856 
29.9714 30.4811 20.7773 -6.64807 
32.1406 31.749 20.7743 -6.64778 
34.3103 33.0156 20.7717 -6.64749 
36.48 34.2816 20.7693 -6.6474 
38.6499 35.5467 20.7671 -6.6472 
40.82 36.8112 20.7651 -6.64708 
42.9902 38.0751 20.7633 -6.64702 
45.1602 39.3388 20.7615 -6.64699 
47.3299 40.6022 20.7599 -6.64692 
49.4995 41.8656 20.7584 -6.64688 
51.6687 43.1288 20.757 -6.64678 
53.8376 44.3923 20.7557 -6.64669 
56.006 45.656 20.7546 -6.64667 
23.4933 24.1753 20.7911 -6.65045 
25.6588 25.4478 20.7857 -6.6495 
27.8253 26.7186 20.7809 -6.64886 
29.9926 27.9877 20.7769 -6.64825 
32.1605 29.2554 20.7734 -6.64788 
34.3289 30.5217 20.7704 -6.64748 
36.4975 31.7872 20.7677 -6.64728 
38.6663 33.0519 20.7654 -6.64707 
40.8354 34.316 20.7634 -6.64699 
43.0045 35.5793 20.7616 -6.64684 
45.1737 36.8423 20.76 -6.64678 
47.3427 38.1051 20.7586 -6.64673 
49.5115 39.3676 20.7573 -6.64673 
51.6801 40.6302 20.7561 -6.64666 
53.8484 41.8929 20.755 -6.64663 
56.0163 43.1559 20.754 -6.64651 
58.1838 44.4192 20.7532 -6.6465 
60.3508 45.683 20.7526 -6.64642 
27.8501 24.2245 20.7814 -6.64921 
30.0157 25.4936 20.7766 -6.64852 
32.1821 26.7611 20.7726 -6.64793 
34.349 28.0273 20.7691 -6.64749 
36.5165 29.2923 20.7663 -6.64714 
38.6841 30.5566 20.7639 -6.64697 
40.852 31.8201 20.7618 -6.64684 
43.0201 33.083 20.7601 -6.64671 
45.1882 34.3454 20.7586 -6.6466 
47.3563 35.6074 20.7573 -6.6466 
49.5244 36.8693 20.7562 -6.64658 
51.6922 38.1312 20.7552 -6.64658 
53.8599 39.3932 20.7543 -6.64653 
56.0272 40.6553 20.7535 -6.64653 
58.1942 41.9178 20.7528 -6.6465 
60.3607 43.1809 20.7523 -6.64645 
62.5267 44.4445 20.752 -6.64642 
64.6921 45.7087 20.7519 -6.64638 
32.2056 24.2662 20.772 -6.64811 
34.371 25.5322 20.7682 -6.64763 
36.537 26.7969 20.765 -6.64719 
38.7033 28.0607 20.7625 -6.64691 
40.87 29.3238 20.7604 -6.64674 
43.0369 30.5862 20.7587 -6.64663 
45.2039 31.8479 20.7573 -6.64652 
47.3711 33.1094 20.7562 -6.64652 
49.5382 34.3707 20.7552 -6.64649 
51.7052 35.632 20.7544 -6.64649 
53.8721 36.8932 20.7536 -6.64648 
56.0388 38.1547 20.753 -6.64648 
58.2052 39.4164 20.7525 -6.6464 
60.3712 40.6785 20.7521 -6.64645 
62.5367 41.9413 20.7518 -6.64639 
64.7017 43.2047 20.7517 -6.64643 
66.8662 44.4689 20.7518 -6.64634 
69.03 45.7341 20.7522 -6.64639 
36.5593 24.3008 20.7642 -6.64728 
38.7242 25.5642 20.7615 -6.64693 
40.8895 26.8269 20.7593 -6.64672 
43.0552 28.0888 20.7577 -6.64656 
45.2211 29.3502 20.7563 -6.64645 
47.3872 30.611 20.7553 -6.64638 
49.5533 31.8717 20.7544 -6.64636 
51.7194 33.1324 20.7537 -6.6464 
53.8854 34.393 20.7531 -6.64635 
56.0513 35.6538 20.7526 -6.64641 
58.2171 36.9147 20.7522 -6.64632 
60.3825 38.176 20.7519 -6.64641 
62.5475 39.438 20.7516 -6.64634 
64.7121 40.7005 20.7515 -6.64642 
66.8762 41.9638 20.7516 -6.64635 
69.0396 43.2281 20.7519 -6.64642 
71.2024 44.4935 20.7525 -6.64639 
73.3644 45.7602 20.7535 -6.64653 
40.9109 24.3293 20.7588 -6.64675 
43.0751 25.5909 20.757 -6.64657 
45.2398 26.8518 20.7557 -6.64649 
47.4047 28.1122 20.7547 -6.64639 
49.5698 29.3724 20.7539 -6.64635 
51.7348 30.6324 20.7533 -6.64631 
53.8999 31.8925 20.7528 -6.64638 
56.065 33.1525 20.7524 -6.6464 
58.2299 34.4128 20.7521 -6.64642 
60.3947 35.6734 20.7518 -6.64643 
62.5591 36.9345 20.7516 -6.64643 
64.7232 38.1963 20.7514 -6.64643 
66.8868 39.4588 20.7514 -6.64643 
69.05 40.7222 20.7516 -6.64645 
71.2125 41.9866 20.7521 -6.64641 
73.3743 43.2523 20.7528 -6.64647 
75.5353 44.5194 20.754 -6.64657 
77.6955 45.788 20.7557 -6.6467 
43.0969 23.0924 20.757 -6.64668 
45.2602 24.353 20.7556 -6.64657 
47.4238 25.6129 20.7546 -6.64645 
49.5878 26.8726 20.7538 -6.64638 
51.7518 28.1321 20.7532 -6.64634 
53.9158 29.3916 20.7528 -6.64644 
56.0799 30.6512 20.7525 -6.64631 
58.244 31.9108 20.7521 -6.6464 
60.4079 33.1706 20.7519 -6.64632 
62.5717 34.431 20.7517 -6.64643 
64.7352 35.6921 20.7515 -6.64637 
66.8984 36.9538 20.7514 -6.64642 
69.0611 38.2163 20.7515 -6.64635 
71.2233 39.4799 20.7518 -6.64643 
73.3849 40.7446 20.7523 -6.6464 
75.5457 42.0107 20.7532 -6.64653 
77.7058 43.2782 20.7546 -6.64659 
79.865 44.5473 20.7564 -6.64681 
47.4448 23.1132 20.7551 -6.64651 
49.6075 24.3724 20.7542 -6.64645 
51.7703 25.6315 20.7536 -6.6464 
53.9334 26.8904 20.7532 -6.64643 
56.0964 28.1494 20.7528 -6.64637 
58.2595 29.4085 20.7525 -6.64646 
60.4226 30.6678 20.7522 -6.64637 
62.5856 31.9274 20.752 -6.64641 
64.7484 33.1877 20.7518 -6.64637 
66.9109 34.4487 20.7516 -6.64646 
69.0732 35.7105 20.7516 -6.64641 
71.2349 36.9732 20.7517 -6.64643 
73.3962 38.237 20.752 -6.64641 
75.5567 39.502 20.7526 -6.64649 
77.7166 40.7686 20.7537 -6.64655 
79.8757 42.0366 20.7551 -6.64673 
82.0341 43.3063 20.7572 -6.64686 
84.1914 44.5778 20.7597 -6.64711 
51.7906 23.1304 20.7546 -6.64657 
53.9525 24.3889 20.754 -6.64651 
56.1145 25.6474 20.7536 -6.64654 
58.2766 26.906 20.7533 -6.64652 
60.4388 28.1647 20.7529 -6.64652 
62.6009 29.4238 20.7526 -6.64647 
64.7628 30.6834 20.7523 -6.64647 
66.9247 31.9437 20.7521 -6.64641 
69.0863 33.2047 20.7519 -6.64638 
71.2475 34.4666 20.7518 -6.64638 
73.4083 35.7295 20.7519 -6.64638 
75.5686 36.9936 20.7522 -6.64642 
77.7282 38.2591 20.7529 -6.64647 
79.8872 39.5262 20.7541 -6.64664 
82.0454 40.7948 20.7557 -6.64674 
84.2027 42.0653 20.7578 -6.64698 
86.3592 43.3376 20.7605 -6.64717 
88.5147 44.612 20.7635 -6.64746 
56.1344 23.1451 20.755 -6.64666 
58.2954 24.4032 20.7545 -6.64659 
60.4566 25.6615 20.7541 -6.64664 
62.6178 26.92 20.7537 -6.64652 
64.7789 28.1791 20.7532 -6.64653 
66.9399 29.4387 20.7528 -6.64643 
69.1007 30.699 20.7525 -6.64645 
71.2613 31.9601 20.7522 -6.64635 
73.4216 33.2222 20.7521 -6.64639 
75.5814 34.4854 20.7521 -6.64634 
77.7407 35.75 20.7525 -6.64645 
79.8994 37.016 20.7533 -6.64649 
82.0574 38.2837 20.7545 -6.64666 
84.2147 39.5531 20.7562 -6.64681 
86.3712 40.8244 20.7585 -6.64703 
88.5267 42.0976 20.7613 -6.64728 
90.6814 43.3729 20.7644 -6.64754 
60.4762 23.1581 20.7557 -6.64678 
62.6363 24.4162 20.7551 -6.64666 
64.7966 25.6746 20.7546 -6.64665 
66.9568 26.9336 20.754 -6.64657 
69.1168 28.1933 20.7535 -6.64654 
71.2766 29.4538 20.753 -6.64647 
73.4362 30.715 20.7526 -6.64643 
75.5955 31.9774 20.7524 -6.64636 
77.7543 33.2411 20.7524 -6.64642 
79.9127 34.5062 20.7528 -6.64642 
82.0704 35.7729 20.7536 -6.64652 
84.2275 37.0412 20.7549 -6.64665 
86.3838 38.3114 20.7568 -6.64683 
88.5393 39.5837 20.7592 -6.64706 
64.816 23.1701 20.7564 -6.64678 
66.9753 24.4286 20.7557 -6.6467 
69.1345 25.6876 20.755 -6.64659 
71.2935 26.9474 20.7543 -6.64654 
73.4524 28.208 20.7536 -6.64646 
75.611 29.4696 20.7531 -6.6464 
77.7693 30.7324 20.7528 -6.64636 
79.9272 31.9967 20.7528 -6.64632 
82.0845 33.2624 20.7532 -6.64644 
84.2413 34.5298 20.7541 -6.64647 
86.3974 35.7989 20.7555 -6.6467 
69.1539 23.182 20.757 -6.64673 
71.3121 24.4412 20.7561 -6.6467 
73.4702 25.7011 20.7552 -6.64655 
75.6282 26.962 20.7544 -6.64648 
77.7858 28.2241 20.7537 -6.64638 
79.9431 29.4875 20.7533 -6.64635 
82.0999 30.7523 20.7533 -6.64636 
84.2563 32.0187 20.7536 -6.64644 
73.4898 23.1944 20.7573 -6.64671 
75.647 24.4547 20.7562 -6.64661 
77.8039 25.716 20.7552 -6.64646 
79.9606 26.9785 20.7544 -6.64639 
82.1169 28.2425 20.7539 -6.64632 
77.8239 23.2081 20.7573 -6.64659 
79.9798 24.4699 20.7562 -6.6465 
38.4994 65.4598 20.7786 -6.64769 
40.6738 66.7296 20.7777 -6.64773 
42.8479 67.9999 20.7765 -6.64781 
36.3367 61.6989 20.779 -6.64778 
38.5116 62.968 20.7782 -6.64782 
40.6863 64.2376 20.7771 -6.64782 
42.8606 65.5076 20.7756 -6.64783 
45.0344 66.7782 20.7738 -6.6478 
47.2076 68.0495 20.772 -6.6478 
34.1736 57.9383 20.7793 -6.64777 
36.3487 59.2072 20.7788 -6.64789 
38.5235 60.4762 20.7778 -6.64786 
40.6982 61.7455 20.7764 -6.64791 
42.8726 63.0151 20.7748 -6.64781 
45.0466 64.2852 20.7728 -6.64787 
47.22 65.5558 20.7707 -6.64774 
49.3926 66.827 20.7686 -6.64777 
51.5643 68.0989 20.7667 -6.64765 
32.0102 54.1779 20.7794 -6.64781 
34.1853 55.4467 20.7791 -6.64787 
36.3604 56.7154 20.7784 -6.64795 
38.5353 57.9842 20.7773 -6.64796 
40.7099 59.2532 20.7758 -6.64795 
42.8842 60.5224 20.774 -6.64787 
45.0582 61.7918 20.7719 -6.64783 
47.2316 63.0617 20.7696 -6.64776 
49.4044 64.3321 20.7674 -6.6477 
51.5763 65.6032 20.7652 -6.64762 
53.7473 66.875 20.7633 -6.64748 
55.9172 68.1477 20.7619 -6.64743 
29.8474 50.4173 20.7792 -6.64771 
32.0222 51.6863 20.7792 -6.64786 
34.1971 52.9551 20.7788 -6.64794 
36.372 54.2236 20.778 -6.64797 
38.5468 55.4922 20.7767 -6.64797 
40.7214 56.7607 20.7751 -6.64795 
42.8955 58.0294 20.7731 -6.64795 
45.0693 59.2983 20.771 -6.64784 
47.2426 60.5675 20.7687 -6.64777 
49.4154 61.837 20.7663 -6.6476 
51.5874 63.1072 20.764 -6.64751 
53.7585 64.378 20.762 -6.64734 
55.9287 65.6496 20.7604 -6.64728 
58.0977 66.9222 20.7593 -6.64712 
60.2656 68.1958 20.759 -6.64709 
27.6854 46.6563 20.779 -6.64765 
29.8599 47.9257 20.7792 -6.6478 
32.0345 49.1946 20.779 -6.64788 
34.2092 50.4633 20.7784 -6.64798 
36.3838 51.7317 20.7774 -6.64795 
38.5584 53 20.776 -6.648 
40.7327 54.268 20.7743 -6.64792 
42.9067 55.5361 20.7723 -6.64797 
45.0802 56.8044 20.7701 -6.64779 
47.2533 58.0729 20.7677 -6.64775 
49.4259 59.3416 20.7653 -6.64754 
51.5979 60.6109 20.763 -6.64745 
53.7691 61.8807 20.7609 -6.64722 
55.9394 63.1513 20.7592 -6.6471 
58.1086 64.4227 20.7579 -6.64693 
60.2766 65.6951 20.7574 -6.6469 
62.4434 66.9686 20.7576 -6.64683 
64.6088 68.2433 20.7588 -6.64689 
32.0473 46.7031 20.7786 -6.64783 
34.2216 47.9715 20.7778 -6.64789 
36.3958 49.2396 20.7767 -6.64792 
38.5699 50.5075 20.7752 -6.64797 
40.744 51.7751 20.7734 -6.64795 
42.9178 53.0426 20.7714 -6.64788 
45.0911 54.3101 20.7691 -6.64781 
47.2639 55.5779 20.7668 -6.64768 
49.4362 56.846 20.7644 -6.64756 
51.608 58.1143 20.7621 -6.64731 
53.7791 59.3832 20.76 -6.64716 
55.9494 60.6527 20.7582 -6.64696 
58.1187 61.923 20.7569 -6.64682 
60.2869 63.1941 20.7562 -6.64672 
62.4539 64.4663 20.7561 -6.6467 
64.6196 65.7396 20.757 -6.64664 
66.7838 67.0143 20.7588 -6.64678 
68.9466 68.2906 20.7615 -6.64692 
36.4083 46.7474 20.7758 -6.64789 
38.5819 48.0147 20.7742 -6.64789 
40.7554 49.2819 20.7724 -6.6479 
42.9287 50.5488 20.7703 -6.64779 
45.1018 51.8157 20.7681 -6.64776 
47.2744 53.0827 20.7658 -6.64761 
49.4465 54.35 20.7635 -6.64748 
51.618 55.6176 20.7613 -6.64724 
53.7889 56.8855 20.7592 -6.64708 
55.959 58.154 20.7575 -6.64685 
58.1283 59.4231 20.7561 -6.64673 
60.2965 60.693 20.7552 -6.64658 
62.4637 61.9639 20.755 -6.64656 
64.6297 63.236 20.7556 -6.64653 
66.7942 64.5093 20.757 -6.64661 
68.9574 65.7841 20.7593 -6.64667 
71.119 67.0605 20.7625 -6.64691 
73.2791 68.3385 20.7663 -6.64712 
40.7672 46.7884 20.7712 -6.64779 
42.94 48.0548 20.7691 -6.64769 
45.1126 49.321 20.767 -6.6476 
47.2848 50.5872 20.7648 -6.64746 
49.4567 51.8537 20.7626 -6.64737 
51.6278 53.1204 20.7605 -6.64716 
53.7985 54.3875 20.7585 -6.64705 
55.9683 55.6549 20.7568 -6.6468 
58.1375 56.9229 20.7555 -6.64669 
60.3057 58.1917 20.7546 -6.64651 
62.4729 59.4614 20.7542 -6.64645 
64.639 60.7321 20.7546 -6.6464 
66.8039 62.0042 20.7557 -6.64649 
68.9675 63.2776 20.7577 -6.64657 
71.1296 64.5526 20.7604 -6.64676 
73.2902 65.8292 20.7639 -6.64696 
75.4492 67.1075 20.7677 -6.64726 
77.6067 68.3875 20.7717 -6.64747 
45.1237 46.826 20.7658 -6.64748 
47.2955 48.0916 20.7637 -6.64737 
49.4669 49.3571 20.7616 -6.64719 
51.6378 50.623 20.7597 -6.64712 
53.808 51.889 20.7578 -6.64696 
55.9776 53.1555 20.7562 -6.64684 
58.1465 54.4225 20.755 -6.64666 
60.3146 55.6902 20.7541 -6.64654 
62.4818 56.9588 20.7536 -6.64641 
64.6479 58.2283 20.7538 -6.64637 
66.813 59.4991 20.7547 -6.64638 
68.9769 60.7712 20.7563 -6.64648 
71.1395 62.0447 20.7587 -6.64661 
73.3005 63.3199 20.7618 -6.64687 
75.4601 64.5969 20.7655 -6.64708 
77.6182 65.8755 20.7693 -6.64741 
79.7749 67.1557 20.773 -6.6476 
81.9302 68.4374 20.7761 -6.64777 
49.4772 46.8603 20.7606 -6.64706 
51.6477 48.1252 20.7588 -6.647 
53.8176 49.3904 20.7571 -6.64685 
55.9869 50.656 20.7557 -6.64677 
58.1556 51.9219 20.7545 -6.6466 
60.3235 53.1886 20.7536 -6.64655 
62.4906 54.456 20.7532 -6.64641 
64.6567 55.7245 20.7533 -6.64638 
66.8218 56.9941 20.7539 -6.6463 
68.9858 58.2649 20.7553 -6.64641 
71.1486 59.5371 20.7573 -6.64646 
73.3102 60.8109 20.7601 -6.64673 
75.4702 62.0864 20.7634 -6.6469 
77.6288 63.3637 20.7671 -6.64726 
79.7861 64.6426 20.7708 -6.64746 
81.942 65.9231 20.7742 -6.64773 
84.0967 67.2049 20.7769 -6.64775 
86.2501 68.4881 20.7787 -6.64788 
53.8274 46.8915 20.7564 -6.64675 
55.9963 48.1561 20.7551 -6.64672 
58.1647 49.4212 20.7541 -6.6466 
60.3324 50.6869 20.7533 -6.64653 
62.4994 51.9532 20.7528 -6.64639 
64.6654 53.2206 20.7528 -6.64641 
66.8305 54.489 20.7533 -6.64635 
68.9945 55.7586 20.7544 -6.64642 
71.1575 57.0296 20.7562 -6.64648 
73.3193 58.3021 20.7586 -6.64665 
75.4798 59.5762 20.7616 -6.64681 
77.6389 60.8521 20.7651 -6.64711 
79.7966 62.1298 20.7688 -6.64738 
81.9531 63.409 20.7723 -6.64763 
84.1083 64.6897 20.7753 -6.64776 
86.2624 65.9717 20.7776 -6.6478 
88.4154 67.2549 20.779 -6.64783 
90.5677 68.5386 20.7793 -6.64777 
58.174 46.9203 20.7536 -6.64658 
60.3415 48.185 20.7529 -6.64651 
62.5082 49.4505 20.7525 -6.64643 
64.6742 50.7167 20.7524 -6.64637 
66.8392 51.984 20.7528 -6.64638 
69.0033 53.2524 20.7537 -6.64637 
71.1663 54.5222 20.7552 -6.6465 
73.3282 55.7933 20.7573 -6.64659 
75.489 57.0662 20.76 -6.64681 
77.6484 58.3407 20.7633 -6.64699 
79.8066 59.6171 20.7668 -6.64729 
81.9635 60.8951 20.7703 -6.64751 
84.1192 62.1747 20.7736 -6.64773 
86.2738 63.4557 20.7763 -6.64779 
88.4274 64.7379 20.7782 -6.64787 
90.5801 66.021 20.7791 -6.64781 
92.7323 67.3044 20.779 -6.6477 
94.8842 68.5876 20.7781 -6.64736 
62.5172 46.9476 20.7522 -6.64644 
64.683 48.2128 20.7521 -6.64633 
66.848 49.479 20.7524 -6.6464 
69.012 50.7463 20.7531 -6.64633 
71.175 52.0149 20.7544 -6.6465 
73.3371 53.2849 20.7562 -6.64654 
75.498 54.5564 20.7586 -6.64678 
77.6578 55.8296 20.7615 -6.64693 
79.8163 57.1047 20.7649 -6.64724 
81.9735 58.3816 20.7684 -6.64746 
84.1296 59.66 20.7718 -6.64771 
86.2847 60.9399 20.7748 -6.64779 
88.4387 62.2212 20.7771 -6.64787 
90.5919 63.5036 20.7786 -6.64781 
92.7444 64.7866 20.7792 -6.64781 
94.8966 66.0696 20.7788 -6.64753 
97.0485 67.3524 20.7776 -6.64728 
99.2004 68.6347 20.7756 -6.64688 
66.8569 46.9739 20.7521 -6.64641 
69.0209 48.2401 20.7526 -6.64642 
71.1839 49.5076 20.7536 -6.64649 
73.346 50.7765 20.7552 -6.64657 
75.5071 52.0468 20.7573 -6.64675 
77.6671 53.3188 20.7599 -6.64691 
79.8259 54.5926 20.763 -6.64715 
81.9835 55.8683 20.7664 -6.64741 
84.1399 57.1456 20.7698 -6.64764 
86.2953 58.4244 20.7731 -6.64782 
88.4497 59.7048 20.7758 -6.64788 
90.6032 60.9864 20.7778 -6.64792 
92.756 62.2688 20.779 -6.64785 
94.9084 63.5516 20.7792 -6.64773 
97.0607 64.8343 20.7786 -6.64745 
99.2127 66.1168 20.7771 -6.64715 
101.365 67.3984 20.7749 -6.64677 
103.518 68.6789 20.7722 -6.64636 
71.193 47.0005 20.753 -6.64642 
73.355 48.2683 20.7543 -6.64657 
75.5162 49.5375 20.7561 -6.64664 
77.6764 50.8083 20.7584 -6.64687 
79.8355 52.0809 20.7612 -6.64704 
81.9933 53.3553 20.7644 -6.64735 
84.1501 54.6315 20.7678 -6.64757 
86.3058 55.9093 20.7712 -6.64781 
88.4605 57.1886 20.7742 -6.6479 
90.6143 58.4693 20.7767 -6.64797 
92.7674 59.7512 20.7784 -6.64793 
94.92 61.0337 20.7792 -6.64789 
97.0724 62.3163 20.7792 -6.64765 
99.2247 63.5988 20.7783 -6.64734 
101.377 64.8808 20.7765 -6.64702 
103.53 66.1618 20.7742 -6.64661 
75.5256 47.0284 20.755 -6.64661 
77.6858 48.298 20.757 -6.6468 
79.845 49.5694 20.7595 -6.64695 
82.0031 50.8426 20.7625 -6.64723 
84.1602 52.1177 20.7658 -6.64745 
86.3161 53.3944 20.7691 -6.64773 
88.4711 54.6727 20.7724 -6.64784 
90.6253 55.9526 20.7752 -6.64797 
92.7786 57.2338 20.7774 -6.64795 
94.9313 58.5158 20.7788 -6.64793 
97.0838 59.7983 20.7794 -6.64777 
99.2362 61.0807 20.779 -6.64753 
101.389 62.3629 20.7779 -6.64722 
79.8548 47.0582 20.7579 -6.64688 
82.0131 48.3302 20.7606 -6.6471 
84.1703 49.604 20.7637 -6.64734 
86.3264 50.8797 20.767 -6.64762 
88.4817 52.1571 20.7703 -6.64779 
90.636 53.436 20.7734 -6.64794 
92.7896 54.7164 20.776 -6.64795 
94.9425 55.998 20.778 -6.64799 
97.0951 57.2802 20.7791 -6.64786 
99.2475 58.5626 20.7794 -6.64767 
82.0233 45.8181 20.7588 -6.64694 
84.1806 47.0908 20.7616 -6.64724 
86.3369 48.3653 20.7648 -6.64749 
88.4923 49.6417 20.7681 -6.64775 
90.6468 50.9197 20.7714 -6.64789 
92.8006 52.1993 20.7743 -6.64797 
94.9536 53.4802 20.7767 -6.64799 
97.1063 54.7622 20.7784 -6.64794 
86.3478 45.8513 20.7626 -6.64732 
88.5032 47.1267 20.7658 -6.6476 
90.6579 48.4038 20.7691 -6.6478 
92.8118 49.6825 20.7723 -6.64791 
94.965 50.9628 20.7751 -6.64795 
90.6694 45.8882 20.7668 -6.64767 
92.8234 47.1661 20.7701 -6.64785 
51.4195 88.0581 20.7989 -6.65161 
53.5832 89.3394 20.8042 -6.6527 
55.745 90.6229 20.8104 -6.65394 
49.2775 84.2851 20.7892 -6.64985 
51.4445 85.5633 20.7923 -6.65068 
53.6099 86.8435 20.7963 -6.65169 
55.7734 88.1257 20.8012 -6.65274 
57.9349 89.4101 20.807 -6.6538 
60.0942 90.6969 20.8136 -6.65479 
47.1295 80.5157 20.7831 -6.64857 
49.2989 81.7914 20.7845 -6.64921 
51.4671 83.0686 20.7865 -6.64989 
53.6338 84.3477 20.7892 -6.65075 
55.7988 85.6287 20.7929 -6.65161 
57.9619 86.9117 20.7976 -6.65259 
60.123 88.1968 20.8032 -6.6535 
62.2817 89.4842 20.8097 -6.65442 
64.438 90.7736 20.8166 -6.6552 
44.9767 76.7489 20.7799 -6.648 
47.148 78.0225 20.78 -6.64832 
49.3183 79.2975 20.7805 -6.64877 
51.4874 80.574 20.7814 -6.64925 
53.6553 81.852 20.783 -6.64992 
55.8216 83.1317 20.7856 -6.65061 
57.9861 84.4133 20.7891 -6.65143 
60.1486 85.6969 20.7938 -6.6522 
62.3089 86.9827 20.7994 -6.65309 
64.4669 88.2704 20.8058 -6.65385 
66.6226 89.56 20.8125 -6.65464 
68.776 90.8515 20.8188 -6.65523 
42.8199 72.9845 20.7786 -6.64767 
44.9927 74.2564 20.778 -6.64786 
47.1648 75.5294 20.7774 -6.6481 
49.3359 76.8037 20.7771 -6.64839 
51.5059 78.0793 20.7771 -6.64877 
53.6747 79.3563 20.7778 -6.64921 
55.8419 80.6348 20.7793 -6.64974 
58.0076 81.9151 20.7818 -6.65036 
60.1714 83.1972 20.7855 -6.65107 
62.3332 84.4812 20.7902 -6.65176 
64.4927 85.7671 20.796 -6.65255 
66.65 87.055 20.8023 -6.65323 
68.8048 88.3447 20.8085 -6.65391 
70.9576 89.636 20.8141 -6.65443 
73.1082 90.9285 20.8183 -6.65484 
40.6606 69.2216 20.7784 -6.64758 
42.8343 70.4923 20.7774 -6.64777 
45.0075 71.7638 20.7764 -6.64778 
47.1801 73.0363 20.7753 -6.64793 
49.3519 74.3098 20.7743 -6.64807 
51.5227 75.5845 20.7736 -6.64838 
53.6922 76.8604 20.7735 -6.64864 
55.8603 78.1377 20.7741 -6.6491 
58.0268 79.4166 20.7757 -6.64946 
60.1917 80.6973 20.7784 -6.65004 
62.3546 81.9797 20.7823 -6.65059 
64.5156 83.2639 20.7873 -6.65127 
66.6742 84.5499 20.7931 -6.65189 
68.8306 85.8379 20.7991 -6.65255 
70.9847 87.1275 20.8047 -6.65308 
73.1368 88.4185 20.8093 -6.65357 
75.2869 89.7105 20.8123 -6.65379 
77.4352 91.003 20.8136 -6.65394 
45.0214 69.2711 20.775 -6.6478 
47.1943 70.543 20.7735 -6.6479 
49.3665 71.8158 20.772 -6.6479 
51.5378 73.0895 20.7708 -6.64811 
53.708 74.3644 20.77 -6.6482 
55.8768 75.6405 20.7699 -6.64847 
58.0442 76.9181 20.7707 -6.64875 
60.2098 78.1972 20.7725 -6.64916 
62.3737 79.4781 20.7756 -6.64958 
64.5357 80.7606 20.7798 -6.65013 
66.6957 82.0449 20.785 -6.65068 
68.8534 83.331 20.7907 -6.65128 
71.0089 84.619 20.7962 -6.65177 
73.1623 85.9084 20.801 -6.65225 
75.3138 87.199 20.8045 -6.65258 
77.4635 88.4902 20.8063 -6.65271 
79.6116 89.7818 20.8063 -6.6527 
81.7586 91.073 20.8049 -6.65256 
49.38 69.3215 20.7701 -6.6478 
51.5516 70.5944 20.7685 -6.64785 
53.7222 71.8682 20.7672 -6.64789 
55.8916 73.1431 20.7665 -6.64802 
58.0597 74.4194 20.7667 -6.64817 
60.2261 75.6971 20.7678 -6.6484 
62.3908 76.9764 20.7701 -6.64875 
64.5537 78.2572 20.7736 -6.64915 
66.7146 79.5398 20.7781 -6.64964 
68.8736 80.8241 20.7833 -6.65014 
71.0304 82.1103 20.7887 -6.65067 
73.185 83.3981 20.7936 -6.65109 
75.3378 84.6872 20.7974 -6.65145 
77.4888 85.9772 20.7997 -6.65163 
79.6382 87.2677 20.8003 -6.6517 
81.7862 88.5582 20.7994 -6.65154 
83.9333 89.8481 20.7971 -6.65136 
86.0798 91.1367 20.794 -6.65086 
53.7352 69.3718 20.765 -6.64772 
55.905 70.6456 20.7639 -6.64764 
58.0736 71.9205 20.7635 -6.64777 
60.2407 73.1967 20.7641 -6.64783 
62.4061 74.4745 20.7657 -6.64808 
64.5698 75.7538 20.7685 -6.64837 
66.7316 77.0347 20.7723 -6.64879 
68.8916 78.3173 20.7771 -6.64917 
71.0495 79.6017 20.7822 -6.64961 
73.2053 80.8879 20.7871 -6.65003 
75.3592 82.1755 20.7911 -6.65043 
77.5114 83.4642 20.7939 -6.65065 
79.662 84.7535 20.7951 -6.65069 
81.8112 86.0433 20.7947 -6.65065 
83.9592 87.3326 20.7929 -6.65047 
86.1066 88.621 20.7902 -6.65012 
88.2535 89.9079 20.7868 -6.64966 
90.4003 91.193 20.7834 -6.64903 
58.0861 69.4214 20.7611 -6.64738 
60.2537 70.6964 20.7612 -6.64739 
62.4198 71.9726 20.7623 -6.64753 
64.5842 73.2503 20.7644 -6.64775 
66.7468 74.5296 20.7677 -6.64804 
68.9077 75.8106 20.7719 -6.64842 
71.0666 77.0933 20.7766 -6.64879 
73.2235 78.3778 20.7814 -6.6492 
75.3785 79.6638 20.7857 -6.64951 
77.5317 80.9511 20.7888 -6.64979 
79.6834 82.2392 20.7906 -6.6499 
81.8336 83.5279 20.7908 -6.64992 
83.9827 84.8167 20.7896 -6.64974 
86.1309 86.1048 20.7872 -6.6495 
88.2786 87.3917 20.7841 -6.64908 
90.4261 88.6771 20.7807 -6.6486 
92.5736 89.9605 20.7774 -6.64795 
94.7212 91.2417 20.7744 -6.64733 
62.4321 69.4706 20.7596 -6.64709 
64.5971 70.7468 20.7612 -6.64727 
66.7605 72.0245 20.7639 -6.64748 
68.9221 73.3038 20.7676 -6.64781 
71.0819 74.5849 20.772 -6.64812 
73.2398 75.8677 20.7766 -6.64852 
75.3958 77.1522 20.781 -6.64883 
77.55 78.4381 20.7844 -6.64913 
79.7026 79.725 20.7867 -6.64922 
81.8539 81.0126 20.7875 -6.64931 
84.0039 82.3006 20.7869 -6.64916 
86.153 83.5883 20.7851 -6.649 
88.3015 84.8752 20.7823 -6.64861 
90.4497 86.1607 20.779 -6.64821 
92.5978 87.4445 20.7756 -6.64758 
94.746 88.7263 20.7724 -6.64701 
96.8946 90.0057 20.7698 -6.64629 
99.0435 91.2827 20.7678 -6.64572 
66.7727 69.5194 20.761 -6.64702 
68.9349 70.7972 20.7642 -6.64729 
71.0955 72.0767 20.7682 -6.64759 
73.2543 73.3578 20.7726 -6.64794 
75.4112 74.6408 20.7769 -6.64827 
77.5664 75.9251 20.7806 -6.64853 
79.72 77.2108 20.7833 -6.6487 
81.8721 78.4974 20.7847 -6.64878 
84.0231 79.7845 20.7848 -6.64871 
86.1731 81.0716 20.7835 -6.64855 
88.3223 82.3583 20.7812 -6.64824 
90.4711 83.6438 20.7782 -6.64783 
92.6199 84.928 20.7748 -6.64733 
94.7687 86.2103 20.7715 -6.64678 
96.9178 87.4904 20.7685 -6.6461 
99.0672 88.7682 20.7661 -6.6455 
101.217 90.0435 20.7644 -6.6449 
103.367 91.3165 20.7634 -6.64451 
71.1078 69.5685 20.765 -6.64724 
73.2673 70.8481 20.7691 -6.6475 
75.4251 72.1294 20.7734 -6.64785 
77.5812 73.4123 20.7773 -6.64811 
79.7357 74.6966 20.7804 -6.64835 
81.8888 75.9821 20.7823 -6.64841 
84.0406 77.2683 20.783 -6.64841 
86.1914 78.5548 20.7823 -6.64828 
88.3414 79.8411 20.7805 -6.64805 
90.4908 81.1266 20.7779 -6.64769 
92.64 82.411 20.7748 -6.64724 
94.7894 83.6936 20.7715 -6.64669 
96.9389 84.9744 20.7683 -6.64612 
99.0888 86.253 20.7654 -6.64547 
101.239 87.5293 20.7632 -6.64491 
103.39 88.8032 20.7617 -6.64434 
105.541 90.0749 20.7609 -6.644 
107.693 91.3443 20.7608 -6.64376 
75.4376 69.6184 20.7704 -6.64752 
77.5945 70.8997 20.7743 -6.64774 
79.7499 72.1827 20.7777 -6.64802 
81.9038 73.467 20.7801 -6.64806 
84.0563 74.7523 20.7814 -6.64815 
86.2079 76.0381 20.7814 -6.64805 
88.3587 77.3238 20.7802 -6.64789 
90.5087 78.6091 20.7781 -6.64751 
92.6585 79.8935 20.7753 -6.64721 
94.8082 81.1766 20.7721 -6.64668 
96.9582 82.458 20.7688 -6.64619 
99.1086 83.7372 20.7657 -6.64553 
101.259 85.0144 20.7631 -6.64497 
103.411 86.2892 20.761 -6.64436 
105.563 87.5619 20.7597 -6.64397 
107.715 88.8324 20.7591 -6.64357 
109.868 90.1007 20.7591 -6.6434 
112.022 91.3672 20.7596 -6.64335 
79.7628 69.6691 20.7753 -6.64775 
81.9175 70.9521 20.7781 -6.64788 
84.0707 72.2363 20.7799 -6.64796 
86.223 73.5213 20.7805 -6.64793 
88.3744 74.8064 20.78 -6.6478 
90.5252 76.0914 20.7785 -6.64755 
92.6755 77.3758 20.7761 -6.64722 
94.8257 78.6592 20.7731 -6.6468 
96.9761 79.941 20.7699 -6.6463 
99.1268 81.221 20.7667 -6.64573 
101.278 82.4989 20.7637 -6.64514 
103.43 83.7748 20.7613 -6.64454 
105.582 85.0484 20.7594 -6.64401 
107.735 86.3199 20.7582 -6.64359 
109.889 87.5892 20.7576 -6.6433 
112.043 88.8566 20.7577 -6.64311 
114.197 90.1221 20.7583 -6.64317 
116.352 91.386 20.7592 -6.64326 
84.0841 69.7205 20.7784 -6.64781 
86.237 71.0046 20.7797 -6.64789 
88.389 72.2892 20.7798 -6.64777 
90.5404 73.5737 20.7789 -6.64761 
92.6913 74.8579 20.777 -6.64729 
94.8419 76.1415 20.7744 -6.64693 
96.9926 77.4238 20.7714 -6.64649 
99.1437 78.7045 20.7682 -6.64597 
101.295 79.9831 20.7651 -6.64532 
103.447 81.2599 20.7622 -6.64474 
105.6 82.5344 20.7599 -6.64417 
107.753 83.8069 20.7582 -6.64369 
109.907 85.0772 20.7571 -6.64331 
112.062 86.3454 20.7566 -6.64308 
114.217 87.6118 20.7566 -6.64298 
116.372 88.8766 20.7572 -6.64299 
88.4026 69.772 20.7795 -6.64775 
90.5545 71.0561 20.7792 -6.64769 
92.7059 72.3401 20.7779 -6.64735 
94.8569 73.6236 20.7757 -6.64711 
97.008 74.9063 20.773 -6.64664 
99.1593 76.1875 20.77 -6.64622 
101.311 77.4669 20.7668 -6.6456 
103.463 78.7444 20.7638 -6.64505 
105.616 80.0199 20.7611 -6.64444 
107.77 81.2934 20.7589 -6.64392 
109.924 82.5647 20.7572 -6.64347 
112.079 83.8339 20.7562 -6.64314 
114.235 85.1012 20.7558 -6.64297 
92.7196 69.8222 20.7786 -6.64751 
94.871 71.1057 20.777 -6.64717 
97.0223 72.3885 20.7747 -6.64686 
99.1739 73.6701 20.7719 -6.64643 
101.326 74.9503 20.7688 -6.64595 
103.478 76.2285 20.7657 -6.64534 
105.632 77.505 20.7627 -6.64476 
107.785 78.7794 20.7601 -6.6442 
109.94 80.0518 20.758 -6.64374 
112.095 81.322 20.7565 -6.64331 
97.0358 69.8705 20.7762 -6.64709 
99.1875 71.1526 20.7738 -6.64667 
101.34 72.4333 20.7709 -6.6462 
103.492 73.7123 20.7678 -6.64567 
105.646 74.9895 20.7647 -6.64508 
107.799 76.2649 20.7618 -6.64452 
109.954 77.5383 20.7594 -6.64403 
101.353 69.916 20.773 -6.64655 
103.505 71.1957 20.77 -6.64602 
105.659 72.4738 20.7669 -6.64546 
107.813 73.7501 20.7638 -6.64487 
105.671 69.9577 20.7692 -6.6458 
64.0842 110.803 20.9088 -6.66452 
66.2256 112.104 20.9136 -6.66494 
68.3667 113.405 20.9136 -6.665 
61.9951 107 20.8907 -6.66273 
64.1386 108.299 20.9001 -6.66368 
66.2809 109.599 20.9065 -6.66426 
68.4224 110.9 20.9088 -6.66451 
70.5634 112.201 20.9066 -6.66425 
72.7046 113.5 20.9001 -6.66366 
59.8992 103.201 20.8693 -6.66067 
62.046 104.497 20.8796 -6.66172 
64.191 105.795 20.8889 -6.6626 
66.3345 107.095 20.8961 -6.6633 
68.4768 108.395 20.9001 -6.66369 
70.6182 109.695 20.9002 -6.66367 
72.7593 110.995 20.8962 -6.66327 
74.9004 112.293 20.889 -6.66261 
77.0421 113.589 20.8797 -6.66168 
57.7941 99.4065 20.8488 -6.65865 
59.9453 100.699 20.8585 -6.65964 
62.0941 101.994 20.8679 -6.66064 
64.2408 103.291 20.8767 -6.66143 
66.3857 104.59 20.884 -6.66217 
68.5291 105.889 20.889 -6.66258 
70.6714 107.189 20.8908 -6.66279 
72.8128 108.489 20.8891 -6.66254 
74.954 109.787 20.8841 -6.66215 
77.0952 111.083 20.8768 -6.66137 
79.2369 112.377 20.8681 -6.66055 
81.3793 113.669 20.8587 -6.65956 
55.6787 95.6183 20.8297 -6.65633 
57.8345 96.9068 20.8385 -6.65751 
59.9879 98.198 20.8473 -6.65856 
62.1389 99.4916 20.8561 -6.65947 
64.2876 100.787 20.8643 -6.66029 
66.4341 102.085 20.8714 -6.66097 
68.5789 103.384 20.8769 -6.66146 
70.7222 104.683 20.8798 -6.66169 
72.8645 105.982 20.8798 -6.66171 
75.0061 107.28 20.8768 -6.6614 
77.1473 108.576 20.8715 -6.66086 
79.2887 109.871 20.8646 -6.66013 
81.4305 111.163 20.8567 -6.65934 
83.5731 112.451 20.8482 -6.65845 
85.7166 113.737 20.8392 -6.6574 
53.5536 91.8356 20.8127 -6.65388 
55.7135 93.1204 20.82 -6.65515 
57.8713 94.4076 20.8278 -6.6563 
60.0269 95.6973 20.836 -6.65739 
62.1801 96.9894 20.8442 -6.65831 
64.3309 98.2838 20.852 -6.65912 
66.4793 99.58 20.859 -6.65977 
68.6256 100.878 20.8646 -6.66033 
70.7703 102.176 20.8683 -6.66062 
72.9136 103.474 20.8695 -6.66074 
75.0559 104.772 20.8681 -6.66053 
77.1976 106.068 20.8645 -6.66016 
79.339 107.363 20.8591 -6.65956 
81.4807 108.655 20.8527 -6.6589 
83.6227 109.944 20.8457 -6.65804 
85.7655 111.231 20.838 -6.65715 
87.9091 112.513 20.8299 -6.65614 
90.0539 113.793 20.8213 -6.65507 
57.9048 91.9087 20.8172 -6.65504 
60.0623 93.197 20.8247 -6.65614 
62.2174 94.4875 20.8324 -6.65703 
64.3703 95.7803 20.8399 -6.65788 
66.5207 97.075 20.8468 -6.65854 
68.6688 98.3713 20.8526 -6.65912 
70.8149 99.6685 20.8569 -6.65946 
72.9595 100.966 20.8589 -6.65968 
75.1028 102.263 20.8587 -6.6596 
77.2452 103.56 20.8564 -6.65932 
79.3871 104.854 20.8523 -6.65885 
81.5289 106.147 20.8471 -6.65823 
83.6708 107.436 20.8413 -6.65749 
85.8132 108.723 20.835 -6.65668 
87.9563 110.006 20.8282 -6.65572 
90.1004 111.287 20.821 -6.65475 
92.2452 112.564 20.8135 -6.65365 
94.3911 113.839 20.8061 -6.6526 
62.2512 91.9858 20.8208 -6.65573 
64.4059 93.277 20.828 -6.65655 
66.5582 94.57 20.835 -6.65731 
68.7083 95.8648 20.841 -6.65785 
70.856 97.1607 20.8456 -6.65832 
73.002 98.4573 20.8484 -6.65854 
75.1465 99.7538 20.8491 -6.65862 
77.2899 101.05 20.8477 -6.65842 
79.4325 102.344 20.8447 -6.65806 
81.5747 103.637 20.8404 -6.65751 
83.7169 104.927 20.8356 -6.65687 
85.8592 106.214 20.8303 -6.65606 
88.0022 107.498 20.8247 -6.65523 
90.1457 108.779 20.8188 -6.65427 
92.2902 110.057 20.8126 -6.65331 
94.4354 111.332 20.8064 -6.65234 
96.5815 112.605 20.8002 -6.65136 
98.7285 113.874 20.7945 -6.65055 
66.5921 92.065 20.8234 -6.65598 
68.7439 93.3581 20.8297 -6.65658 
70.8934 94.6526 20.8347 -6.65708 
73.0409 95.948 20.838 -6.65737 
75.1867 97.2436 20.8395 -6.65751 
77.3312 98.5388 20.8389 -6.65743 
79.4748 99.8331 20.8366 -6.65716 
81.6177 101.126 20.8331 -6.65664 
83.7603 102.416 20.8289 -6.65605 
85.903 103.704 20.8244 -6.65534 
88.046 104.988 20.8197 -6.65454 
90.1895 106.27 20.8149 -6.65361 
92.3337 107.549 20.81 -6.65271 
94.4785 108.825 20.805 -6.65179 
96.6242 110.098 20.8 -6.651 
98.7706 111.368 20.7952 -6.6502 
100.918 112.636 20.7907 -6.64956 
103.066 113.902 20.7867 -6.64898 
70.9272 92.1444 20.8241 -6.65575 
73.0762 93.4384 20.828 -6.6561 
75.2234 94.7329 20.83 -6.65633 
77.3691 96.0274 20.8301 -6.65628 
79.5138 97.3212 20.8285 -6.65609 
81.6576 98.6137 20.8255 -6.65568 
83.8009 99.9041 20.8218 -6.65516 
85.9442 101.192 20.8178 -6.6545 
88.0876 102.478 20.8137 -6.65373 
90.2313 103.76 20.8098 -6.65289 
92.3755 105.04 20.8058 -6.65202 
94.5202 106.316 20.8019 -6.6512 
96.6656 107.59 20.7981 -6.6504 
98.8118 108.861 20.7944 -6.64972 
100.959 110.13 20.7909 -6.64917 
103.106 111.396 20.7877 -6.64869 
105.255 112.661 20.7847 -6.64836 
107.404 113.924 20.7822 -6.64811 
75.2568 92.2218 20.8209 -6.65504 
77.4038 93.5154 20.8216 -6.65516 
79.5496 94.8086 20.8205 -6.65501 
81.6944 96.1008 20.8181 -6.65474 
83.8386 97.3913 20.8147 -6.65421 
85.9826 98.6797 20.811 -6.65364 
88.1265 99.9655 20.8073 -6.65287 
90.2706 101.249 20.8038 -6.65215 
92.4151 102.529 20.8006 -6.65131 
94.5601 103.806 20.7976 -6.65051 
96.7055 105.081 20.7947 -6.64975 
98.8516 106.353 20.792 -6.64924 
100.998 107.622 20.7895 -6.64868 
103.146 108.889 20.7872 -6.64831 
105.294 110.154 20.7851 -6.64796 
107.442 111.418 20.7832 -6.64779 
109.591 112.68 20.7814 -6.64765 
111.741 113.94 20.7799 -6.6477 
79.5821 92.2954 20.8131 -6.65386 
81.728 93.5872 20.8111 -6.65365 
83.8732 94.8776 20.8081 -6.65322 
86.0179 96.1662 20.8046 -6.65267 
88.1625 97.4525 20.801 -6.65197 
90.3072 98.7363 20.7977 -6.65128 
92.4521 100.017 20.7948 -6.65046 
94.5975 101.295 20.7923 -6.64974 
96.7432 102.571 20.7902 -6.64902 
98.8895 103.843 20.7883 -6.64855 
101.036 105.113 20.7867 -6.64804 
103.184 106.381 20.7853 -6.64776 
105.332 107.647 20.784 -6.64746 
107.48 108.911 20.7829 -6.64741 
109.629 110.174 20.7818 -6.64724 
111.779 111.435 20.7808 -6.64735 
113.929 112.694 20.7799 -6.64736 
116.079 113.953 20.7791 -6.64755 
83.9047 92.3632 20.8022 -6.65224 
86.0503 93.6518 20.7989 -6.65174 
88.1956 94.9384 20.7953 -6.65111 
90.3409 96.2227 20.792 -6.6504 
92.4864 97.5044 20.7892 -6.64974 
94.6323 98.7832 20.7869 -6.64897 
96.7786 100.059 20.7851 -6.64836 
98.9253 101.333 20.7838 -6.6478 
101.072 102.604 20.7828 -6.6474 
103.22 103.873 20.7822 -6.6471 
105.368 105.139 20.7817 -6.64696 
107.517 106.404 20.7812 -6.64687 
109.666 107.667 20.7809 -6.6469 
111.815 108.928 20.7805 -6.64696 
113.965 110.188 20.7801 -6.64706 
116.115 111.448 20.7798 -6.64719 
118.266 112.706 20.7794 -6.64733 
120.417 113.963 20.779 -6.64751 
88.2259 92.4235 20.7905 -6.65041 
90.3719 93.7082 20.7872 -6.64967 
92.518 94.9906 20.7842 -6.64905 
94.6644 96.2702 20.7818 -6.64827 
96.8113 97.5472 20.7801 -6.64775 
98.9585 98.8214 20.779 -6.6471 
101.106 100.093 20.7784 -6.64675 
103.254 101.363 20.7782 -6.6464 
105.403 102.63 20.7782 -6.64634 
107.552 103.895 20.7785 -6.64624 
109.701 105.159 20.7787 -6.64639 
111.851 106.421 20.779 -6.64647 
114.001 107.682 20.7792 -6.64668 
116.151 108.941 20.7793 -6.64681 
118.302 110.2 20.7794 -6.64703 
120.453 111.458 20.7794 -6.64718 
122.604 112.715 20.7794 -6.64739 
124.755 113.972 20.7792 -6.64758 
92.547 92.4759 20.7802 -6.6484 
94.694 93.7564 20.7776 -6.64771 
96.8414 95.0342 20.7756 -6.6471 
98.9893 96.3093 20.7744 -6.64647 
101.138 97.582 20.7738 -6.64607 
103.286 98.8524 20.7738 -6.64579 
105.435 100.12 20.7742 -6.64569 
107.585 101.387 20.7749 -6.64561 
109.734 102.651 20.7757 -6.64574 
111.884 103.913 20.7765 -6.64589 
114.035 105.175 20.7772 -6.64619 
116.185 106.435 20.7779 -6.64639 
118.336 107.694 20.7784 -6.64664 
120.487 108.952 20.7788 -6.64683 
122.639 110.209 20.7791 -6.64709 
124.79 111.466 20.7793 -6.64727 
126.942 112.723 20.7794 -6.64752 
129.094 113.979 20.7794 -6.64764 
96.8691 92.5203 20.7721 -6.64663 
99.0175 93.7963 20.7706 -6.64607 
101.166 95.0699 20.7698 -6.64554 
103.316 96.3411 20.7696 -6.64528 
105.465 97.61 20.77 -6.64502 
107.615 98.8768 20.7709 -6.64503 
109.765 100.142 20.7719 -6.64513 
111.916 101.405 20.7731 -6.64537 
114.067 102.667 20.7743 -6.6456 
116.218 103.928 20.7754 -6.64585 
118.37 105.187 20.7764 -6.64614 
120.521 106.446 20.7772 -6.64643 
122.673 107.703 20.7779 -6.64675 
124.824 108.96 20.7785 -6.64696 
126.976 110.217 20.7789 -6.6472 
129.128 111.474 20.7792 -6.64733 
101.193 92.5571 20.7666 -6.64512 
103.343 93.8292 20.7661 -6.64478 
105.493 95.0989 20.7662 -6.64449 
107.644 96.3665 20.7669 -6.6445 
109.795 97.6322 20.7681 -6.64456 
111.946 98.8962 20.7694 -6.64475 
114.097 100.159 20.7709 -6.64496 
116.249 101.42 20.7723 -6.64526 
118.401 102.68 20.7736 -6.64559 
120.553 103.939 20.7748 -6.6459 
122.705 105.197 20.7759 -6.64625 
124.857 106.455 20.7768 -6.64656 
127.01 107.712 20.7775 -6.64685 
105.518 92.5872 20.7631 -6.64415 
107.67 93.8557 20.7635 -6.64405 
109.821 95.1222 20.7644 -6.64405 
111.973 96.387 20.7657 -6.64418 
114.126 97.6503 20.7672 -6.64436 
116.278 98.9121 20.7687 -6.64468 
118.431 100.173 20.7703 -6.64497 
120.583 101.432 20.7718 -6.64536 
122.736 102.691 20.7731 -6.6457 
124.889 103.948 20.7743 -6.64605 
109.846 92.6117 20.7613 -6.64366 
111.999 93.8773 20.7623 -6.64371 
114.152 95.1413 20.7637 -6.64385 
116.305 96.4038 20.7652 -6.64414 
118.458 97.6649 20.7668 -6.64442 
120.612 98.9249 20.7684 -6.64479 
122.765 100.184 20.7699 -6.64514 
114.175 92.6319 20.7606 -6.64346 
116.329 93.8951 20.762 -6.64368 
118.484 95.1568 20.7634 -6.64392 
120.638 96.4174 20.765 -6.64426 
118.507 92.6485 20.7605 -6.6435 
80.0009 21.9615 20.7586 -6.64662 
77.8698 18.193 20.7633 -6.647 
80.0241 19.4534 20.7616 -6.64682 
82.1782 20.715 20.7601 -6.64672 
84.3321 21.9779 20.7587 -6.64663 
75.7426 14.427 20.7684 -6.64747 
77.8961 15.6858 20.7668 -6.64728 
80.0495 16.9456 20.7651 -6.64709 
82.2028 18.2065 20.7634 -6.64696 
84.3559 19.4688 20.7618 -6.64685 
86.5088 20.7325 20.7604 -6.64676 
88.6614 21.998 20.7593 -6.64672 
73.6188 10.6627 20.7731 -6.64782 
75.7717 11.9205 20.7718 -6.64768 
77.9245 13.1789 20.7703 -6.64754 
80.0771 14.4382 20.7688 -6.6474 
82.2296 15.6985 20.7671 -6.64722 
84.3819 16.9601 20.7654 -6.64708 
86.5341 18.2232 20.7639 -6.64696 
88.686 19.4878 20.7625 -6.6469 
90.8376 20.7541 20.7615 -6.6469 
92.9887 22.0223 20.761 -6.64702 
71.4983 6.89991 20.7767 -6.64796 
73.6504 8.15679 20.7758 -6.64789 
75.8026 9.4142 20.7748 -6.64781 
77.9547 10.6721 20.7736 -6.64771 
80.1067 11.9309 20.7723 -6.64764 
82.2586 13.1907 20.7708 -6.6475 
84.4103 14.4518 20.7693 -6.6474 
86.5617 15.7142 20.7677 -6.64723 
88.7129 16.978 20.7663 -6.64716 
90.8636 18.2435 20.765 -6.6472 
93.0142 19.5109 20.7642 -6.64728 
95.1642 20.7803 20.7639 -6.6475 
97.314 22.0522 20.7644 -6.64774 
69.38 3.13805 20.7788 -6.64794 
71.5318 4.39435 20.7784 -6.64795 
73.6836 5.65103 20.7778 -6.64788 
75.8352 6.90809 20.7771 -6.64786 
77.9867 8.16575 20.7763 -6.6478 
80.1382 9.4241 20.7753 -6.64776 
82.2895 10.6834 20.7742 -6.64767 
84.4406 11.944 20.773 -6.6476 
86.5914 13.2057 20.7717 -6.64753 
88.742 14.4688 20.7704 -6.64749 
90.892 15.7335 20.7691 -6.64751 
93.042 17.0001 20.7682 -6.64762 
95.1914 18.2687 20.7676 -6.64779 
97.3406 19.5396 20.7677 -6.64805 
99.4893 20.8129 20.7685 -6.6484 
101.638 22.0887 20.7701 -6.64876 
69.4144 0.632668 20.7794 -6.64777 
71.5662 1.88889 20.7792 -6.64787 
73.7178 3.14541 20.779 -6.64789 
75.8692 4.40223 20.7786 -6.64785 
78.0205 5.65961 20.7782 -6.64784 
80.1715 6.9176 20.7776 -6.64781 
82.3223 8.17659 20.7769 -6.64778 
84.4729 9.43655 20.7761 -6.64778 
86.6232 10.6977 20.7753 -6.64775 
88.7732 11.9601 20.7743 -6.64776 
90.9228 13.2241 20.7734 -6.64783 
93.0721 14.4899 20.7726 -6.64794 
95.221 15.7578 20.772 -6.64812 
97.3695 17.0278 20.7719 -6.64841 
99.5177 18.3003 20.7723 -6.64876 
101.665 19.5751 20.7735 -6.64918 
103.813 20.8526 20.7756 -6.64957 
105.96 22.1327 20.7784 -6.65001 
73.7526 0.639931 20.7792 -6.64773 
75.9041 1.89659 20.7792 -6.6478 
78.0553 3.15368 20.7791 -6.64786 
80.2062 4.41146 20.779 -6.64785 
82.3568 5.67008 20.7787 -6.64786 
84.5071 6.92962 20.7784 -6.64782 
86.657 8.19027 20.7781 -6.6479 
88.8066 9.45206 20.7777 -6.64797 
90.9558 10.7154 20.7773 -6.64811 
93.1046 11.9805 20.7769 -6.64828 
95.253 13.2475 20.7766 -6.6485 
97.4009 14.5167 20.7766 -6.64882 
99.5485 15.7884 20.7771 -6.6492 
101.696 17.0624 20.7781 -6.64965 
103.842 18.339 20.7798 -6.65012 
105.989 19.6183 20.7823 -6.65064 
108.135 20.9003 20.7855 -6.65103 
110.281 22.1848 20.7891 -6.65141 
78.0906 0.64815 20.779 -6.64767 
80.2418 1.90567 20.7793 -6.64771 
82.3925 3.16398 20.7795 -6.64781 
84.5427 4.4232 20.7797 -6.64785 
86.6925 5.68334 20.7799 -6.64796 
88.8418 6.94468 20.7801 -6.64808 
90.9908 8.20743 20.7804 -6.64833 
93.1393 9.47182 20.7806 -6.64853 
95.2874 10.7382 20.7809 -6.64884 
97.4348 12.0066 20.7814 -6.64918 
99.5819 13.2774 20.7822 -6.64964 
101.728 14.5506 20.7833 -6.65012 
103.875 15.8263 20.785 -6.65068 
106.02 17.1048 20.7873 -6.65125 
108.166 18.3862 20.7902 -6.65177 
110.311 19.6702 20.7938 -6.65223 
112.456 20.9565 20.7976 -6.65255 
114.602 22.2448 20.8012 -6.65276 
82.4286 0.658344 20.7792 -6.64768 
84.5793 1.91721 20.7798 -6.64778 
86.7292 3.17694 20.7805 -6.64793 
88.8787 4.43785 20.7814 -6.64813 
91.0275 5.70007 20.7823 -6.6484 
93.176 6.964 20.7833 -6.64871 
95.3238 8.22958 20.7844 -6.64908 
97.4711 9.4973 20.7857 -6.64951 
99.6178 10.7672 20.7871 -6.65003 
101.764 12.0397 20.7887 -6.65062 
103.91 13.3146 20.7907 -6.65127 
106.055 14.5923 20.7931 -6.6519 
108.2 15.873 20.796 -6.65253 
110.344 17.1565 20.7994 -6.65308 
112.489 18.4424 20.8032 -6.65349 
114.633 19.7308 20.807 -6.6538 
116.779 21.0208 20.8104 -6.6539 
118.925 22.3124 20.8127 -6.65386 
86.7665 0.671157 20.78 -6.64783 
88.9164 1.93161 20.7814 -6.64806 
91.0655 3.19343 20.783 -6.64842 
93.2141 4.45681 20.7847 -6.64879 
95.362 5.72188 20.7867 -6.64928 
97.5093 6.98889 20.7888 -6.64981 
99.6559 8.25811 20.7911 -6.65045 
101.802 9.52973 20.7936 -6.6511 
103.947 10.8039 20.7962 -6.65182 
106.092 12.0809 20.7991 -6.65255 
108.236 13.3608 20.8023 -6.65325 
110.38 14.6437 20.8058 -6.65387 
112.524 15.9293 20.8097 -6.65441 
114.668 17.2174 20.8136 -6.65481 
116.812 18.5075 20.8172 -6.65508 
118.957 19.7994 20.82 -6.65514 
121.103 21.0923 20.8213 -6.65507 
123.25 22.3857 20.821 -6.65475 
91.1043 0.687569 20.7823 -6.64825 
93.2533 1.95047 20.7847 -6.64872 
95.4015 3.21505 20.7875 -6.64926 
97.5491 4.48139 20.7906 -6.64992 
99.6958 5.74995 20.7939 -6.65065 
101.842 7.02081 20.7974 -6.65145 
103.987 8.29427 20.801 -6.65225 
106.132 9.57056 20.8047 -6.65309 
108.276 10.8498 20.8085 -6.65386 
110.419 12.132 20.8125 -6.65462 
112.563 13.4171 20.8166 -6.6552 
114.706 14.7048 20.8208 -6.65573 
116.849 15.995 20.8247 -6.6561 
118.993 17.287 20.8278 -6.65634 
121.138 18.5805 20.8297 -6.65634 
123.284 19.8749 20.8299 -6.65612 
125.431 21.1692 20.8282 -6.65576 
127.581 22.4631 20.8247 -6.65519 
95.442 0.709075 20.7869 -6.64917 
97.59 1.97486 20.7908 -6.64988 
99.7372 3.24278 20.7951 -6.6507 
101.884 4.51293 20.7997 -6.65162 
104.029 5.78573 20.8045 -6.65259 
106.174 7.06127 20.8093 -6.65354 
108.318 8.33983 20.8141 -6.65444 
110.461 9.6214 20.8188 -6.65526 
112.604 10.906 20.8235 -6.65595 
114.747 12.1933 20.828 -6.65658 
116.889 13.4832 20.8324 -6.65704 
119.032 14.7754 20.836 -6.65736 
121.176 16.0694 20.8384 -6.65752 
123.321 17.3644 20.8392 -6.65742 
125.467 18.6598 20.838 -6.65712 
127.614 19.955 20.835 -6.65668 
129.764 21.2493 20.8303 -6.65607 
131.916 22.5424 20.8244 -6.65533 
99.7795 0.736747 20.7947 -6.65065 
101.926 2.00631 20.8003 -6.65166 
104.072 3.2784 20.8063 -6.65274 
106.218 4.55328 20.8123 -6.65379 
108.362 5.83111 20.8183 -6.65485 
110.505 7.11195 20.8241 -6.65573 
112.648 8.39589 20.8297 -6.65661 
114.79 9.68273 20.835 -6.6573 
116.933 10.9724 20.8399 -6.65787 
119.075 12.2646 20.8442 -6.65832 
121.217 13.5589 20.8473 -6.65857 
123.361 14.8545 20.8488 -6.6586 
125.506 16.1508 20.8482 -6.65843 
127.652 17.4471 20.8457 -6.65807 
129.8 18.7429 20.8413 -6.65753 
131.95 20.0375 20.8355 -6.65686 
134.103 21.3306 20.8289 -6.65604 
136.258 22.6217 20.8218 -6.65517 
104.117 0.772323 20.8063 -6.65271 
106.263 2.04655 20.8136 -6.65389 
108.408 3.32362 20.8209 -6.65503 
110.551 4.60383 20.828 -6.65611 
112.694 5.88707 20.8347 -6.65707 
114.837 7.17344 20.841 -6.65787 
116.979 8.46276 20.8468 -6.65855 
119.12 9.75484 20.852 -6.65911 
121.262 11.0492 20.8561 -6.65948 
123.405 12.3453 20.8584 -6.65967 
125.548 13.6422 20.8587 -6.65961 
127.693 14.9396 20.8567 -6.65932 
129.839 16.2367 20.8527 -6.65885 
131.988 17.5328 20.8471 -6.65824 
134.139 18.8274 20.8404 -6.6575 
136.292 20.1202 20.8331 -6.65662 
138.447 21.4107 20.8255 -6.65569 
140.605 22.6991 20.8181 -6.6547 
108.454 0.817462 20.8216 -6.65512 
110.599 2.09704 20.83 -6.65634 
112.742 3.37964 20.838 -6.65736 
114.885 4.66544 20.8456 -6.6583 
117.027 5.95429 20.8526 -6.65909 
119.169 7.24617 20.859 -6.65979 
121.31 8.54053 20.8643 -6.66028 
123.452 9.83683 20.8679 -6.6606 
125.594 11.1343 20.8693 -6.66067 
127.738 12.4324 20.8681 -6.66053 
129.883 13.7306 20.8646 -6.66015 
132.029 15.0281 20.8591 -6.65959 
134.178 16.3242 20.8523 -6.65887 
136.329 17.6185 20.8447 -6.65803 
138.482 18.9106 20.8366 -6.65714 
140.638 20.2003 20.8285 -6.65612 
142.796 21.4877 20.8206 -6.65501 
144.957 22.7724 20.8131 -6.65388 
112.792 0.873523 20.8395 -6.65753 
114.935 2.15869 20.8484 -6.65856 
117.077 3.4471 20.8568 -6.6595 
119.219 4.73858 20.8646 -6.6603 
121.361 6.03281 20.8714 -6.66098 
123.502 7.32917 20.8767 -6.66144 
125.643 8.62703 20.8796 -6.66172 
127.786 9.92578 20.8797 -6.66169 
129.929 11.2248 20.8768 -6.66142 
132.074 12.5234 20.8715 -6.66085 
134.221 13.8209 20.8645 -6.66014 
136.37 15.1166 20.8564 -6.65935 
138.521 16.4102 20.8477 -6.65843 
140.675 17.7014 20.8389 -6.65745 
142.831 18.99 20.8301 -6.6563 
117.129 0.941097 20.8589 -6.65967 
119.271 2.23209 20.8683 -6.66062 
121.413 3.52604 20.8769 -6.66147 
123.554 4.82233 20.884 -6.66213 
125.695 6.12039 20.8889 -6.66261 
127.837 7.41953 20.8907 -6.66275 
129.979 8.7192 20.889 -6.66257 
132.123 10.0187 20.8841 -6.66211 
134.268 11.3173 20.8769 -6.66138 
136.415 12.6144 20.8681 -6.66053 
138.564 13.9094 20.8587 -6.65961 
140.715 15.2019 20.8491 -6.65857 
121.466 1.02028 20.8798 -6.66172 
123.608 2.3163 20.889 -6.66261 
125.749 3.61427 20.8961 -6.6633 
127.89 4.91366 20.9001 -6.66367 
130.032 6.21383 20.9001 -6.66369 
132.174 7.51401 20.8962 -6.66328 
134.318 8.81353 20.8891 -6.66257 
136.463 10.1117 20.8798 -6.66171 
138.61 11.4079 20.8695 -6.66074 
125.804 1.10885 20.9001 -6.6637 
127.945 2.40825 20.9065 -6.66428 
130.086 3.70865 20.9088 -6.6645 
132.228 5.00937 20.9066 -6.66428 
134.37 6.30959 20.9002 -6.66368 
136.514 7.60864 20.8908 -6.66277 
130.142 1.20372 20.9136 -6.66496 
132.283 2.50473 20.9136 -6.66496 
134.424 3.80545 20.9088 -6.66447 
92.8353 44.6499 20.7677 -6.64775 
90.694 40.8579 20.7621 -6.64731 
92.8479 42.134 20.7653 -6.64758 
95.0011 43.4118 20.7687 -6.64773 
97.1537 44.6914 20.7719 -6.64786 
88.5528 37.07 20.7575 -6.64687 
90.7073 38.3432 20.76 -6.64718 
92.8611 39.6184 20.763 -6.64739 
95.0142 40.8954 20.7663 -6.64765 
97.1667 42.1742 20.7696 -6.64779 
99.3188 43.4548 20.7728 -6.64784 
101.47 44.7367 20.7756 -6.64786 
86.4121 33.2868 20.7546 -6.64654 
88.5672 34.5568 20.7561 -6.6467 
90.7215 35.8289 20.7582 -6.64697 
92.8752 37.1031 20.7609 -6.64725 
95.0282 38.3793 20.764 -6.64749 
97.1805 39.6574 20.7674 -6.64768 
99.3324 40.9373 20.7707 -6.64776 
101.484 42.2188 20.7738 -6.64781 
103.635 43.5016 20.7765 -6.64776 
105.787 44.7849 20.7784 -6.64764 
84.2727 29.508 20.7538 -6.64636 
86.4281 30.7751 20.7542 -6.64645 
88.5829 32.0441 20.7552 -6.6466 
90.737 33.3151 20.7569 -6.64682 
92.8904 34.5883 20.7592 -6.64705 
95.0431 35.8636 20.762 -6.64739 
97.1954 37.1409 20.7652 -6.64756 
99.347 38.4201 20.7686 -6.64775 
101.498 39.7012 20.772 -6.64777 
103.649 40.9837 20.775 -6.64783 
105.8 42.2671 20.7774 -6.64771 
107.952 43.551 20.7791 -6.64754 
110.104 44.8351 20.7798 -6.64718 
82.1354 25.733 20.7553 -6.64639 
84.2907 26.9976 20.7547 -6.6464 
86.4455 28.2638 20.7546 -6.64643 
88.5999 29.5318 20.755 -6.64656 
90.7537 30.8018 20.7561 -6.64675 
92.9069 32.074 20.7579 -6.64698 
95.0593 33.3484 20.7604 -6.64726 
97.2113 34.6249 20.7633 -6.64753 
99.3627 35.9033 20.7667 -6.64771 
101.514 37.1838 20.7701 -6.64783 
103.664 38.4659 20.7735 -6.64787 
105.815 39.7493 20.7764 -6.6478 
107.966 41.0335 20.7786 -6.64771 
110.117 42.3179 20.7799 -6.64736 
112.269 43.6025 20.7801 -6.64708 
114.423 44.8866 20.7792 -6.64666 
82.1558 23.2238 20.7573 -6.64652 
84.3104 24.4876 20.7563 -6.64646 
86.4647 25.7529 20.7557 -6.64647 
88.6186 27.02 20.7556 -6.64654 
90.772 28.2891 20.7561 -6.64666 
92.9248 29.5603 20.7574 -6.64685 
95.0769 30.8337 20.7593 -6.64712 
97.2285 32.1093 20.7619 -6.64738 
99.3796 33.387 20.765 -6.64765 
101.53 34.6667 20.7685 -6.64781 
103.681 35.9483 20.772 -6.64792 
105.831 37.2316 20.7753 -6.64792 
107.981 38.5158 20.778 -6.64785 
110.132 39.8007 20.7799 -6.64767 
112.283 41.0858 20.7808 -6.64729 
114.436 42.3707 20.7805 -6.64696 
116.589 43.655 20.779 -6.64646 
118.744 44.938 20.7765 -6.64595 
86.4857 23.2425 20.7577 -6.64657 
88.639 24.5087 20.757 -6.6466 
90.7919 25.7769 20.757 -6.64667 
92.9442 27.047 20.7576 -6.64684 
95.096 28.3195 20.759 -6.64708 
97.2472 29.5941 20.7611 -6.6474 
99.3979 30.871 20.7639 -6.64769 
101.548 32.1499 20.7672 -6.64793 
103.698 33.4311 20.7708 -6.64804 
105.848 34.714 20.7743 -6.64815 
107.998 35.9983 20.7774 -6.64808 
110.148 37.2834 20.7799 -6.64799 
112.299 38.5691 20.7814 -6.64764 
114.45 39.8548 20.7818 -6.64734 
116.603 41.1401 20.7809 -6.64685 
118.757 42.4243 20.7788 -6.64635 
120.913 43.7073 20.7757 -6.64575 
123.07 44.9888 20.7719 -6.64511 
90.8137 23.2652 20.7588 -6.64676 
92.9654 24.5344 20.7588 -6.64688 
95.1168 25.8058 20.7596 -6.64712 
97.2674 27.0795 20.7612 -6.64738 
99.4177 28.3555 20.7635 -6.64771 
101.567 29.6337 20.7665 -6.64802 
103.717 30.9142 20.77 -6.64823 
105.866 32.1967 20.7736 -6.64838 
108.015 33.4809 20.7771 -6.64838 
110.165 34.7663 20.78 -6.64833 
112.315 36.0524 20.7822 -6.6481 
114.466 37.3387 20.7832 -6.64778 
116.618 38.6249 20.7829 -6.64735 
118.771 39.9105 20.7812 -6.64691 
120.926 41.1947 20.7785 -6.64625 
123.082 42.4777 20.7749 -6.64565 
125.24 43.759 20.7709 -6.64499 
127.4 45.0388 20.7669 -6.6445 
95.1394 23.2927 20.7612 -6.64723 
97.2896 24.5655 20.7623 -6.64752 
99.4394 25.8405 20.7641 -6.64784 
101.589 27.118 20.7667 -6.64818 
103.738 28.3979 20.7699 -6.64847 
105.886 29.6799 20.7735 -6.64867 
108.035 30.9638 20.7771 -6.64877 
110.184 32.2492 20.7805 -6.64874 
112.333 33.5357 20.7831 -6.64863 
114.483 34.8227 20.7847 -6.64834 
116.635 36.1098 20.7851 -6.648 
118.787 37.3964 20.784 -6.64748 
120.941 38.682 20.7817 -6.64695 
123.096 39.9664 20.7782 -6.6463 
125.253 41.2493 20.7742 -6.64567 
127.412 42.5306 20.77 -6.64501 
129.573 43.8101 20.7662 -6.64454 
131.736 45.088 20.7631 -6.64415 
99.4632 23.3264 20.7657 -6.64808 
101.612 24.603 20.7678 -6.64842 
103.76 25.8821 20.7707 -6.6488 
105.909 27.1636 20.7741 -6.64904 
108.057 28.4472 20.7778 -6.64924 
110.205 29.7325 20.7814 -6.64925 
112.353 31.0191 20.7845 -6.64922 
114.503 32.3067 20.7867 -6.64901 
116.653 33.5946 20.7877 -6.64869 
118.804 34.8822 20.7872 -6.64826 
120.957 36.169 20.7853 -6.64773 
123.112 37.4549 20.7822 -6.64712 
125.268 38.7394 20.7782 -6.64647 
127.426 40.0222 20.7738 -6.6458 
129.586 41.3034 20.7696 -6.64521 
131.748 42.5828 20.7661 -6.64476 
133.912 43.8606 20.7634 -6.64448 
136.077 45.1368 20.7617 -6.64436 
103.785 23.3671 20.7725 -6.64913 
105.933 24.6479 20.7757 -6.64947 
108.08 25.931 20.7793 -6.64974 
110.228 27.216 20.783 -6.64989 
112.375 28.5028 20.7865 -6.64994 
114.524 29.7907 20.7892 -6.6498 
116.673 31.0793 20.7907 -6.64958 
118.823 32.3679 20.7909 -6.6492 
120.975 33.6561 20.7895 -6.64872 
123.129 34.9433 20.7867 -6.64806 
125.284 36.2293 20.7828 -6.64742 
127.441 37.5139 20.7784 -6.6467 
129.601 38.7967 20.7738 -6.64611 
131.762 40.0777 20.7698 -6.64554 
133.925 41.357 20.7665 -6.64516 
136.089 42.6348 20.7644 -6.64492 
138.256 43.9111 20.7632 -6.6449 
140.424 45.1861 20.7631 -6.64498 
108.106 23.4154 20.7818 -6.6504 
110.253 24.7001 20.7856 -6.65063 
112.4 25.9868 20.7892 -6.65073 
114.547 27.275 20.7923 -6.65068 
116.695 28.5642 20.7945 -6.65052 
118.845 29.8538 20.7952 -6.65022 
120.996 31.143 20.7944 -6.64974 
123.148 32.4317 20.792 -6.64915 
125.302 33.7193 20.7883 -6.6485 
127.458 35.0054 20.7838 -6.6478 
129.617 36.2899 20.779 -6.64708 
131.777 37.5726 20.7744 -6.64651 
133.939 38.8535 20.7706 -6.64601 
136.103 40.1328 20.7678 -6.6457 
138.269 41.4106 20.7661 -6.64548 
140.436 42.6869 20.7654 -6.64543 
142.605 43.962 20.7657 -6.64553 
144.775 45.2358 20.7667 -6.64573 
112.427 23.4713 20.7929 -6.65162 
114.573 24.7596 20.7963 -6.65168 
116.72 26.0493 20.7989 -6.65156 
118.869 27.3396 20.8002 -6.65138 
121.018 28.63 20.8 -6.65098 
123.169 29.9199 20.7981 -6.65048 
125.323 31.209 20.7947 -6.64975 
127.478 32.4969 20.7902 -6.64909 
129.635 33.7831 20.7851 -6.64837 
131.794 35.0674 20.7801 -6.6477 
133.955 36.35 20.7756 -6.64705 
136.118 37.6309 20.7721 -6.64666 
138.283 38.9103 20.7698 -6.64633 
140.45 40.188 20.7685 -6.64614 
142.618 41.4643 20.7682 -6.64611 
144.788 42.7393 20.7688 -6.64619 
146.959 44.0132 20.7699 -6.64631 
149.131 45.2862 20.7714 -6.64649 
116.748 23.5348 20.8042 -6.65275 
118.895 24.8258 20.8061 -6.65261 
121.043 26.1172 20.8064 -6.6523 
123.193 27.4083 20.805 -6.65182 
125.345 28.6988 20.8019 -6.65119 
127.499 29.9882 20.7976 -6.65052 
129.655 31.2762 20.7923 -6.64972 
131.813 32.5624 20.7869 -6.64902 
133.973 33.8467 20.7818 -6.64831 
136.135 35.1292 20.7776 -6.64774 
138.3 36.4101 20.7744 -6.6473 
140.466 37.6894 20.7724 -6.64695 
142.633 38.967 20.7715 -6.64678 
144.802 40.2431 20.7714 -6.64669 
146.973 41.518 20.7721 -6.64672 
149.144 42.7919 20.7731 -6.6468 
151.317 44.0647 20.7744 -6.64693 
153.49 45.3367 20.7757 -6.64704 
121.072 23.6046 20.8135 -6.65366 
123.22 24.8969 20.8126 -6.65328 
125.371 26.1888 20.81 -6.6527 
127.523 27.4797 20.8059 -6.65198 
129.678 28.7694 20.8006 -6.65128 
131.834 30.0573 20.7948 -6.65048 
133.993 31.3434 20.7892 -6.64972 
136.155 32.6277 20.7842 -6.64899 
138.318 33.9101 20.7802 -6.6484 
140.483 35.1908 20.7774 -6.64791 
142.65 36.4698 20.7756 -6.64758 
144.818 37.7472 20.7748 -6.64733 
146.988 39.0231 20.7748 -6.64718 
149.159 40.2978 20.7753 -6.64719 
151.331 41.5714 20.7761 -6.64722 
153.503 42.844 20.777 -6.64729 
155.677 44.1156 20.7779 -6.64737 
157.85 45.3864 20.7786 -6.64753 
125.399 23.6789 20.8188 -6.65427 
127.55 24.9713 20.815 -6.65364 
129.703 26.2625 20.8098 -6.65295 
131.859 27.5523 20.8038 -6.6521 
134.016 28.8402 20.7977 -6.65129 
136.176 30.1261 20.792 -6.65043 
138.338 31.4102 20.7872 -6.64971 
140.502 32.6924 20.7834 -6.64911 
142.668 33.9728 20.7807 -6.6486 
144.836 35.2513 20.779 -6.64819 
147.005 36.5284 20.7782 -6.64787 
149.175 37.804 20.7779 -6.64768 
151.346 39.0783 20.7781 -6.64758 
153.518 40.3514 20.7785 -6.64756 
155.691 41.6234 20.7788 -6.64759 
129.732 23.7559 20.8197 -6.65452 
131.886 25.0473 20.8137 -6.65372 
134.042 26.337 20.8073 -6.65288 
136.2 27.6247 20.801 -6.65201 
138.361 28.9105 20.7953 -6.6511 
140.524 30.1941 20.7906 -6.65031 
142.689 31.4759 20.7868 -6.64966 
144.855 32.7556 20.7841 -6.64905 
147.023 34.0338 20.7823 -6.64863 
149.192 35.3102 20.7812 -6.64827 
151.363 36.5853 20.7805 -6.648 
153.534 37.8589 20.7802 -6.64784 
134.071 23.8338 20.8178 -6.65452 
136.227 25.1232 20.811 -6.65359 
138.387 26.4106 20.8046 -6.65266 
140.548 27.6958 20.7988 -6.65178 
142.711 28.9789 20.794 -6.65089 
144.877 30.26 20.7902 -6.65014 
147.043 31.5391 20.7872 -6.64949 
149.212 32.8165 20.7851 -6.64896 
151.381 34.0923 20.7835 -6.64857 
138.415 23.9107 20.8147 -6.65425 
140.575 25.1975 20.8081 -6.65325 
142.737 26.482 20.8022 -6.65225 
144.9 27.7643 20.7971 -6.65132 
147.066 29.0445 20.793 -6.6505 
149.233 30.3228 20.7896 -6.64979 
142.765 23.9849 20.8111 -6.65359 
144.927 25.2685 20.8049 -6.65258 
147.091 26.5498 20.7994 -6.65154 
105.683 67.4415 20.7714 -6.64613 
107.837 68.7195 20.7683 -6.64556 
103.541 63.6445 20.776 -6.64685 
105.695 64.9249 20.7734 -6.64637 
107.849 66.2037 20.7705 -6.64585 
110.004 67.481 20.7674 -6.64529 
112.159 68.7566 20.7643 -6.64473 
101.4 59.845 20.7788 -6.64737 
103.553 61.1269 20.7774 -6.64703 
105.706 62.4079 20.7753 -6.64665 
107.86 63.6877 20.7726 -6.64615 
110.014 64.9658 20.7696 -6.64559 
112.17 66.2424 20.7664 -6.645 
114.326 67.5171 20.7633 -6.6445 
116.484 68.79 20.7606 -6.64398 
99.2587 56.0445 20.7793 -6.64781 
101.411 57.3269 20.7793 -6.64751 
103.564 58.6092 20.7785 -6.64722 
105.717 59.8908 20.7769 -6.64684 
107.87 61.1713 20.7745 -6.6464 
110.025 62.4503 20.7716 -6.64585 
112.18 63.7278 20.7685 -6.64532 
114.337 65.0037 20.7653 -6.64478 
116.494 66.2777 20.7623 -6.64423 
118.653 67.5499 20.7597 -6.64378 
97.1177 52.2443 20.7773 -6.64794 
99.27 53.5265 20.7788 -6.64788 
101.422 54.8089 20.7794 -6.64765 
103.575 56.0913 20.7792 -6.64736 
105.728 57.3734 20.7781 -6.64702 
107.881 58.6546 20.7761 -6.64665 
110.035 59.9346 20.7736 -6.64612 
112.191 61.213 20.7706 -6.64556 
114.347 62.49 20.7673 -6.64499 
116.504 63.7651 20.7642 -6.64447 
118.662 65.0385 20.7613 -6.64395 
120.822 66.31 20.7588 -6.64353 
122.982 67.5799 20.7568 -6.64312 
94.9766 48.4456 20.7732 -6.64791 
97.1293 49.7265 20.7758 -6.64795 
99.2816 51.0084 20.7778 -6.64791 
101.434 52.2909 20.779 -6.64776 
103.586 53.5735 20.7794 -6.6475 
105.739 54.8559 20.7789 -6.64718 
107.892 56.1378 20.7775 -6.64684 
110.046 57.4187 20.7753 -6.64636 
112.201 58.6981 20.7725 -6.64587 
114.357 59.976 20.7693 -6.64522 
116.514 61.2523 20.7661 -6.64473 
118.672 62.5269 20.7629 -6.64416 
120.831 63.7996 20.7602 -6.64372 
122.991 65.0706 20.7578 -6.64327 
125.153 66.3399 20.756 -6.64303 
127.315 67.6078 20.7548 -6.6428 
94.9886 45.9286 20.771 -6.64783 
97.1413 47.2088 20.774 -6.6479 
99.2935 48.4905 20.7764 -6.64788 
101.446 49.7728 20.7782 -6.64782 
103.598 51.0556 20.7792 -6.64761 
105.75 52.3383 20.7793 -6.64728 
107.903 53.6208 20.7785 -6.64697 
110.057 54.9025 20.7768 -6.64655 
112.211 56.1829 20.7743 -6.64607 
114.367 57.4618 20.7713 -6.64548 
116.524 58.7393 20.768 -6.6449 
118.681 60.015 20.7647 -6.64438 
120.84 61.289 20.7617 -6.64386 
123.001 62.5611 20.7591 -6.64347 
125.162 63.8315 20.757 -6.64307 
127.324 65.1005 20.7554 -6.64288 
129.487 66.3682 20.7544 -6.64273 
131.652 67.6345 20.7538 -6.64264 
99.3058 45.9726 20.7747 -6.6478 
101.458 47.2548 20.7771 -6.64783 
103.61 48.5376 20.7787 -6.64765 
105.762 49.8205 20.7794 -6.64741 
107.914 51.1035 20.7791 -6.64704 
110.068 52.3859 20.7779 -6.64672 
112.222 53.6673 20.7759 -6.64623 
114.377 54.9473 20.7731 -6.64573 
116.533 56.2259 20.7699 -6.64511 
118.691 57.5028 20.7665 -6.64461 
120.85 58.7781 20.7633 -6.64402 
123.01 60.0514 20.7604 -6.6436 
125.171 61.3231 20.758 -6.64318 
127.333 62.5931 20.7562 -6.64294 
129.496 63.8619 20.7549 -6.64275 
131.66 65.1293 20.7542 -6.64272 
133.826 66.3956 20.7539 -6.64268 
135.991 67.6609 20.754 -6.64273 
103.622 46.0196 20.7777 -6.64773 
105.774 47.3027 20.779 -6.64756 
107.926 48.5861 20.7794 -6.64716 
110.079 49.8691 20.7788 -6.6469 
112.233 51.1514 20.7772 -6.64639 
114.387 52.4325 20.7748 -6.64596 
116.544 53.7122 20.7718 -6.64532 
118.701 54.9903 20.7684 -6.64481 
120.859 56.2668 20.765 -6.64423 
123.019 57.5415 20.7618 -6.6438 
125.18 58.8144 20.7592 -6.64334 
127.342 60.0857 20.757 -6.64305 
129.505 61.3556 20.7555 -6.6428 
131.669 62.6241 20.7546 -6.64277 
133.835 63.8915 20.7542 -6.64274 
136.001 65.1578 20.7543 -6.64281 
138.168 66.4233 20.7547 -6.64287 
140.335 67.6881 20.7554 -6.64301 
107.939 46.0685 20.7794 -6.64735 
110.091 47.3522 20.7794 -6.64701 
112.244 48.6354 20.7784 -6.6466 
114.398 49.9175 20.7764 -6.64613 
116.554 51.1983 20.7736 -6.64559 
118.71 52.4776 20.7703 -6.64497 
120.868 53.7554 20.7668 -6.64443 
123.028 55.0314 20.7634 -6.6439 
125.189 56.3057 20.7605 -6.6435 
127.35 57.5782 20.758 -6.64315 
129.514 58.8492 20.7563 -6.64291 
131.678 60.119 20.7552 -6.6428 
133.843 61.3875 20.7546 -6.64275 
136.009 62.6549 20.7546 -6.64283 
138.177 63.9213 20.7551 -6.64297 
140.344 65.187 20.7559 -6.64311 
142.513 66.4522 20.7569 -6.64334 
144.682 67.7169 20.7582 -6.64354 
112.256 46.119 20.7793 -6.64689 
114.41 47.4022 20.7779 -6.64636 
116.565 48.6841 20.7754 -6.64591 
118.721 49.9647 20.7723 -6.64522 
120.878 51.2437 20.7688 -6.64468 
123.037 52.5211 20.7652 -6.6441 
125.198 53.7967 20.762 -6.64364 
127.359 55.0706 20.7592 -6.64325 
129.522 56.3429 20.7572 -6.64301 
131.687 57.6138 20.7558 -6.64287 
133.852 58.8834 20.7551 -6.64288 
136.018 60.152 20.755 -6.64293 
138.186 61.4195 20.7555 -6.64305 
140.354 62.6862 20.7563 -6.64324 
142.522 63.9522 20.7575 -6.64348 
144.692 65.2178 20.7589 -6.64377 
146.862 66.4831 20.7606 -6.64398 
149.033 67.748 20.7623 -6.64425 
116.577 46.1697 20.7772 -6.6462 
118.732 47.4515 20.7743 -6.64557 
120.889 48.7318 20.7708 -6.64502 
123.047 50.0106 20.7672 -6.64438 
125.207 51.2876 20.7637 -6.6439 
127.369 52.5629 20.7606 -6.64341 
129.531 53.8365 20.7583 -6.64317 
131.696 55.1086 20.7566 -6.64296 
133.861 56.3795 20.7558 -6.64296 
136.027 57.6492 20.7556 -6.643 
138.194 58.9178 20.7559 -6.64322 
140.363 60.1855 20.7568 -6.64342 
142.532 61.4526 20.7581 -6.64364 
144.702 62.7191 20.7596 -6.64393 
146.872 63.9852 20.7614 -6.64419 
149.043 65.251 20.7633 -6.64451 
151.215 66.5167 20.7653 -6.64475 
153.387 67.7823 20.7673 -6.64501 
120.9 46.2197 20.7731 -6.64534 
123.058 47.4998 20.7694 -6.64474 
125.218 48.7783 20.7657 -6.64419 
127.378 50.055 20.7623 -6.64372 
129.541 51.3301 20.7596 -6.64335 
131.705 52.6035 20.7577 -6.64312 
133.87 53.8756 20.7566 -6.64305 
136.036 55.1464 20.7562 -6.64315 
138.203 56.4162 20.7565 -6.6433 
140.372 57.685 20.7574 -6.64357 
142.541 58.9531 20.7587 -6.64383 
144.711 60.2206 20.7603 -6.64415 
146.882 61.4877 20.7622 -6.64444 
149.053 62.7544 20.7643 -6.64476 
151.225 64.0209 20.7664 -6.64502 
153.398 65.2871 20.7685 -6.64529 
155.571 66.5534 20.7706 -6.64558 
157.743 67.8198 20.7725 -6.64585 
125.229 46.2687 20.768 -6.64456 
127.389 47.5469 20.7644 -6.64409 
129.551 48.8235 20.7613 -6.64365 
131.714 50.0983 20.7591 -6.64341 
133.879 51.3717 20.7576 -6.64329 
136.045 52.6438 20.7571 -6.64332 
138.213 53.9148 20.7572 -6.64346 
140.381 55.1848 20.758 -6.64371 
142.551 56.4539 20.7594 -6.64401 
144.721 57.7224 20.7611 -6.64435 
146.892 58.9904 20.763 -6.64465 
149.064 60.2581 20.7652 -6.64498 
151.236 61.5253 20.7674 -6.64528 
153.409 62.7924 20.7696 -6.64557 
155.582 64.0593 20.7716 -6.64587 
157.755 65.3262 20.7736 -6.64611 
159.929 66.5934 20.7753 -6.64635 
162.103 67.8607 20.7768 -6.64655 
129.562 46.3168 20.7635 -6.64405 
131.725 47.5931 20.7608 -6.64376 
133.889 48.8679 20.7591 -6.64359 
136.055 50.1414 20.7582 -6.64361 
138.222 51.4136 20.7582 -6.64372 
140.391 52.6848 20.7589 -6.64393 
142.56 53.9551 20.7601 -6.64419 
144.731 55.2246 20.7618 -6.64453 
146.902 56.4936 20.7638 -6.64485 
149.074 57.762 20.766 -6.64523 
151.246 59.0301 20.7683 -6.64556 
153.419 60.2979 20.7705 -6.64589 
155.593 61.5654 20.7726 -6.64616 
157.767 62.8329 20.7745 -6.6464 
159.941 64.1005 20.7761 -6.64664 
162.115 65.3684 20.7775 -6.64684 
164.289 66.6365 20.7785 -6.64697 
166.464 67.9049 20.7791 -6.64709 
133.9 46.3642 20.7609 -6.64402 
136.066 47.639 20.7597 -6.6439 
138.233 48.9126 20.7594 -6.644 
140.401 50.185 20.7599 -6.64419 
142.57 51.4565 20.7611 -6.64444 
144.741 52.7271 20.7627 -6.64475 
146.912 53.9969 20.7647 -6.64509 
149.084 55.2663 20.7669 -6.64545 
151.257 56.535 20.7692 -6.64578 
153.43 57.8036 20.7714 -6.64613 
155.604 59.0718 20.7734 -6.64638 
157.778 60.3399 20.7753 -6.64665 
159.953 61.608 20.7769 -6.64682 
162.127 62.8762 20.7781 -6.64705 
164.302 64.1446 20.7789 -6.64716 
166.476 65.4133 20.7793 -6.64729 
168.651 66.6822 20.7794 -6.64737 
170.826 67.9516 20.779 -6.64754 
138.244 46.4117 20.761 -6.6444 
140.412 47.6854 20.7613 -6.64453 
142.581 48.9581 20.7622 -6.64476 
144.752 50.2298 20.7638 -6.645 
146.923 51.5007 20.7657 -6.64534 
149.095 52.7708 20.7678 -6.64569 
151.268 54.0404 20.77 -6.64601 
153.441 55.3096 20.7722 -6.64635 
155.615 56.5785 20.7742 -6.64661 
157.789 57.8472 20.776 -6.64683 
159.964 59.1158 20.7774 -6.64703 
162.139 60.3842 20.7785 -6.64721 
164.314 61.6529 20.7792 -6.64737 
166.489 62.9216 20.7794 -6.6475 
168.664 64.1906 20.7792 -6.64758 
142.593 46.4599 20.7637 -6.64512 
144.763 47.7327 20.7651 -6.64536 
146.934 49.0046 20.7668 -6.64565 
149.106 50.2756 20.7688 -6.64591 
151.279 51.5461 20.7709 -6.64624 
153.453 52.8159 20.773 -6.64652 
155.627 54.0854 20.7749 -6.6468 
157.801 55.3546 20.7765 -6.64702 
159.976 56.6237 20.7779 -6.64724 
162.151 57.8925 20.7788 -6.64735 
164.326 59.1612 20.7793 -6.64752 
166.501 60.4299 20.7794 -6.64766 
146.946 46.5088 20.7682 -6.64595 
149.118 47.7807 20.77 -6.64618 
151.291 49.052 20.7719 -6.64642 
153.464 50.3226 20.7738 -6.64667 
155.638 51.5927 20.7756 -6.64691 
157.813 52.8623 20.7771 -6.64711 
159.987 54.1317 20.7783 -6.64736 
162.162 55.4007 20.779 -6.64751 
164.337 56.6696 20.7794 -6.64768 
151.303 46.5582 20.773 -6.64668 
153.476 47.8296 20.7747 -6.64688 
155.65 49.1002 20.7763 -6.64707 
157.825 50.3703 20.7776 -6.64726 
159.999 51.6398 20.7786 -6.64747 
162.174 52.909 20.7792 -6.64763 
155.663 46.6078 20.777 -6.6472 
157.837 47.8783 20.7781 -6.64737 
160.012 49.1481 20.7788 -6.64757 
118.528 90.1399 20.758 -6.64314 
120.684 91.4019 20.7591 -6.64335 
116.391 86.3669 20.7558 -6.64286 
118.547 87.631 20.7563 -6.64294 
120.704 88.8937 20.757 -6.64302 
122.861 90.1552 20.758 -6.64324 
125.018 91.4156 20.7591 -6.64343 
114.251 82.5902 20.7556 -6.643 
116.408 83.8568 20.7551 -6.64284 
118.564 85.1219 20.7552 -6.6428 
120.722 86.3854 20.7555 -6.64279 
122.88 87.6476 20.7562 -6.64292 
125.038 88.9087 20.757 -6.64307 
127.196 90.1688 20.7578 -6.64328 
129.354 91.4281 20.7588 -6.64351 
112.11 78.8096 20.7574 -6.64355 
114.266 80.0789 20.7559 -6.6432 
116.423 81.3464 20.7551 -6.64295 
118.58 82.6124 20.7546 -6.64281 
120.738 83.8768 20.7546 -6.64274 
122.897 85.1398 20.7549 -6.64278 
125.056 86.4015 20.7554 -6.64284 
127.215 87.6623 20.756 -6.64302 
129.374 88.9221 20.7568 -6.64316 
131.533 90.1813 20.7575 -6.6434 
133.692 91.4399 20.7582 -6.64355 
109.968 75.0245 20.7611 -6.64433 
112.123 76.2969 20.7587 -6.64386 
114.28 77.5673 20.7568 -6.64338 
116.437 78.8358 20.7555 -6.64308 
118.595 80.1027 20.7546 -6.64282 
120.753 81.368 20.7542 -6.64274 
122.912 82.6318 20.7542 -6.64269 
125.072 83.8944 20.7544 -6.64273 
127.231 85.1558 20.7548 -6.64277 
129.391 86.4163 20.7552 -6.64288 
131.552 87.6761 20.7558 -6.64301 
133.712 88.9352 20.7564 -6.64317 
135.872 90.1938 20.7569 -6.64333 
138.032 91.452 20.7575 -6.64351 
107.825 71.2349 20.766 -6.64521 
109.98 72.5104 20.763 -6.64466 
112.136 73.7839 20.7603 -6.64412 
114.293 75.0553 20.7581 -6.64361 
116.45 76.3248 20.7563 -6.64325 
118.608 77.5927 20.7551 -6.64293 
120.767 78.8589 20.7543 -6.64278 
122.926 80.1236 20.7539 -6.64267 
125.086 81.3869 20.7538 -6.64265 
127.247 82.6491 20.7539 -6.64267 
129.407 83.9103 20.7542 -6.64277 
131.568 85.1708 20.7546 -6.64285 
133.729 86.4305 20.755 -6.64294 
135.891 87.6897 20.7554 -6.64301 
138.052 88.9484 20.7559 -6.64313 
140.213 90.2068 20.7563 -6.64325 
142.374 91.4649 20.7568 -6.6434 
109.992 69.9958 20.7652 -6.64499 
112.148 71.2704 20.7622 -6.64442 
114.304 72.5429 20.7596 -6.64396 
116.462 73.8136 20.7575 -6.64353 
118.62 75.0823 20.7559 -6.64312 
120.779 76.3495 20.7547 -6.64293 
122.939 77.6152 20.754 -6.64275 
125.1 78.8794 20.7536 -6.64271 
127.261 80.1424 20.7535 -6.64263 
129.422 81.4044 20.7535 -6.64268 
131.584 82.6655 20.7537 -6.64269 
133.746 83.926 20.754 -6.64279 
135.908 85.1857 20.7543 -6.64281 
138.07 86.445 20.7547 -6.64286 
140.232 87.7038 20.7551 -6.64294 
142.394 88.9625 20.7555 -6.64305 
144.556 90.2211 20.7559 -6.64317 
146.718 91.4796 20.7565 -6.64333 
114.316 70.0302 20.7614 -6.64421 
116.473 71.3019 20.7589 -6.64371 
118.632 72.5718 20.7569 -6.64333 
120.791 73.84 20.7554 -6.64298 
122.951 75.1066 20.7544 -6.64282 
125.112 76.3718 20.7537 -6.64263 
127.273 77.6357 20.7533 -6.64261 
129.435 78.8985 20.7532 -6.64258 
131.597 80.1604 20.7533 -6.64257 
133.76 81.4214 20.7534 -6.64262 
135.923 82.6818 20.7537 -6.64272 
138.086 83.9417 20.754 -6.64273 
140.249 85.2011 20.7543 -6.6428 
142.412 86.4603 20.7546 -6.64285 
144.576 87.7193 20.7551 -6.64294 
146.739 88.9784 20.7556 -6.64303 
148.902 90.2374 20.7562 -6.64314 
151.064 91.4968 20.7571 -6.64335 
118.642 70.061 20.7582 -6.64355 
120.802 71.3302 20.7564 -6.6432 
122.962 72.5979 20.755 -6.64294 
125.123 73.8641 20.754 -6.64275 
127.285 75.1289 20.7534 -6.64268 
129.447 76.3925 20.7532 -6.6426 
131.61 77.6552 20.7531 -6.64257 
133.773 78.917 20.7532 -6.64259 
135.937 80.1781 20.7533 -6.64263 
138.101 81.4386 20.7536 -6.64265 
140.265 82.6985 20.7539 -6.64271 
142.429 83.9583 20.7542 -6.64272 
144.593 85.2179 20.7546 -6.64279 
146.757 86.4775 20.7551 -6.64283 
148.921 87.7371 20.7558 -6.64292 
151.085 88.9968 20.7566 -6.64306 
153.249 90.2568 20.7577 -6.64326 
155.412 91.5175 20.7591 -6.64355 
120.812 68.8202 20.7575 -6.64334 
122.972 70.089 20.7558 -6.64308 
125.134 71.3562 20.7546 -6.64284 
127.296 72.622 20.7537 -6.6427 
129.458 73.8865 20.7533 -6.64258 
131.622 75.15 20.7531 -6.64258 
133.785 76.4126 20.7531 -6.64256 
135.949 77.6745 20.7532 -6.64262 
138.114 78.9356 20.7535 -6.64259 
140.279 80.1963 20.7538 -6.64267 
142.444 81.4566 20.7542 -6.64265 
144.609 82.7168 20.7546 -6.64275 
146.774 83.977 20.7552 -6.64278 
148.94 85.2371 20.7558 -6.64291 
151.105 86.4973 20.7566 -6.64296 
153.27 87.7578 20.7577 -6.64317 
155.434 89.0187 20.7591 -6.64339 
157.599 90.2803 20.7608 -6.64378 
125.143 68.8481 20.7552 -6.64291 
127.306 70.115 20.7542 -6.64272 
129.469 71.3805 20.7535 -6.64265 
131.632 72.6449 20.7532 -6.64258 
133.796 73.9082 20.7532 -6.6426 
135.961 75.1709 20.7533 -6.64259 
138.126 76.4328 20.7535 -6.64268 
140.292 77.6943 20.7539 -6.64272 
142.458 78.9553 20.7544 -6.64274 
144.624 80.2161 20.7549 -6.64277 
146.79 81.4768 20.7555 -6.64283 
148.956 82.7375 20.7563 -6.64292 
151.122 83.9982 20.7572 -6.64302 
153.288 85.2592 20.7583 -6.64317 
155.454 86.5205 20.7596 -6.64339 
157.62 87.7826 20.7613 -6.64366 
159.786 89.0453 20.7635 -6.64403 
161.951 90.3088 20.7662 -6.64451 
129.478 68.8744 20.7539 -6.64269 
131.642 70.1397 20.7535 -6.64263 
133.807 71.4039 20.7533 -6.64263 
135.972 72.6674 20.7534 -6.64264 
138.138 73.9302 20.7537 -6.64269 
140.304 75.1924 20.7542 -6.64274 
142.47 76.4542 20.7547 -6.64281 
144.637 77.7156 20.7554 -6.64285 
146.804 78.977 20.7562 -6.64294 
148.971 80.2384 20.757 -6.643 
151.138 81.4997 20.7581 -6.64311 
153.306 82.7612 20.7592 -6.64324 
155.473 84.023 20.7606 -6.64342 
157.64 85.2854 20.7623 -6.6437 
159.807 86.5486 20.7644 -6.64406 
161.973 87.8124 20.7669 -6.64449 
164.139 89.0772 20.77 -6.64502 
166.305 90.3432 20.7738 -6.64582 
133.816 68.8998 20.7536 -6.64266 
135.982 70.1641 20.7537 -6.64265 
138.148 71.4277 20.754 -6.64277 
140.315 72.6908 20.7546 -6.6428 
142.482 73.9534 20.7552 -6.64291 
144.649 75.2156 20.756 -6.64298 
146.817 76.4776 20.757 -6.64309 
148.985 77.7395 20.758 -6.64322 
151.153 79.0015 20.7591 -6.64339 
153.322 80.2636 20.7605 -6.64352 
155.49 81.526 20.762 -6.64369 
157.658 82.7888 20.7637 -6.64387 
159.826 84.0525 20.7657 -6.6442 
161.994 85.3168 20.7681 -6.64458 
164.161 86.5818 20.7709 -6.64504 
166.328 87.848 20.7742 -6.64568 
168.495 89.1155 20.7782 -6.64647 
170.66 90.3846 20.7828 -6.64742 
138.158 68.9254 20.7544 -6.64282 
140.325 70.1893 20.755 -6.64296 
142.493 71.4527 20.7558 -6.64304 
144.661 72.7157 20.7568 -6.64318 
146.829 73.9785 20.7578 -6.64328 
148.998 75.2411 20.759 -6.64343 
151.167 76.5037 20.7604 -6.64358 
153.336 77.7665 20.7618 -6.64375 
155.505 79.0295 20.7634 -6.64394 
157.675 80.2929 20.7652 -6.6441 
159.844 81.557 20.7672 -6.64439 
162.013 82.8218 20.7694 -6.6447 
164.181 84.0872 20.7719 -6.64508 
166.35 85.3536 20.7749 -6.64559 
168.518 86.6212 20.7782 -6.64632 
170.685 87.8903 20.7822 -6.64708 
172.852 89.1611 20.7867 -6.64811 
175.017 90.4335 20.792 -6.64916 
142.503 68.9523 20.7564 -6.64319 
144.672 70.2162 20.7575 -6.64335 
146.841 71.4797 20.7588 -6.64354 
149.01 72.743 20.7602 -6.64366 
151.18 74.0064 20.7617 -6.64388 
153.35 75.2699 20.7633 -6.64403 
155.52 76.5335 20.765 -6.64425 
157.69 77.7975 20.7668 -6.64442 
159.86 79.062 20.7688 -6.64468 
162.03 80.3271 20.7708 -6.64498 
164.2 81.5931 20.7731 -6.6454 
166.37 82.8597 20.7757 -6.64573 
168.539 84.1275 20.7785 -6.6463 
170.708 85.3967 20.7817 -6.64693 
172.876 86.6673 20.7853 -6.64773 
175.043 87.9396 20.7895 -6.64872 
177.209 89.2137 20.7944 -6.64977 
179.374 90.4897 20.8 -6.65101 
146.852 68.9812 20.7597 -6.64377 
149.022 70.2453 20.7613 -6.64395 
151.192 71.5094 20.7629 -6.6442 
153.363 72.7736 20.7647 -6.64439 
155.534 74.038 20.7665 -6.64459 
157.705 75.3025 20.7684 -6.64478 
159.876 76.5675 20.7703 -6.64502 
162.047 77.8331 20.7723 -6.64526 
164.218 79.0993 20.7743 -6.64558 
166.388 80.3664 20.7765 -6.64597 
168.559 81.6344 20.7788 -6.64636 
170.729 82.9036 20.7812 -6.64689 
172.898 84.1743 20.784 -6.64748 
175.067 85.4464 20.7872 -6.64829 
177.235 86.7201 20.7909 -6.64915 
179.401 87.9957 20.7952 -6.65023 
181.567 89.2734 20.8002 -6.65133 
183.731 90.5533 20.8061 -6.6526 
151.204 69.0128 20.7642 -6.64444 
153.375 70.2777 20.7661 -6.64469 
155.546 71.5428 20.768 -6.64488 
157.718 72.8081 20.7699 -6.64513 
159.89 74.0735 20.7718 -6.64533 
162.062 75.3395 20.7736 -6.64558 
164.234 76.6061 20.7754 -6.64579 
166.405 77.8735 20.7772 -6.64617 
168.577 79.1418 20.779 -6.64642 
170.748 80.4111 20.7809 -6.64688 
172.919 81.6816 20.7829 -6.64734 
175.089 82.9536 20.7851 -6.64801 
177.258 84.227 20.7877 -6.64868 
179.426 85.5021 20.7907 -6.64956 
181.593 86.7791 20.7945 -6.65051 
155.559 69.0479 20.7693 -6.64523 
157.731 70.3138 20.7713 -6.64551 
159.904 71.5798 20.7731 -6.64571 
162.076 72.8462 20.7748 -6.64595 
164.249 74.1132 20.7764 -6.64618 
166.421 75.3808 20.7779 -6.64644 
168.594 76.6494 20.7792 -6.64669 
170.766 77.9189 20.7805 -6.64696 
172.938 79.1894 20.7818 -6.64733 
175.109 80.4611 20.7832 -6.64777 
177.279 81.7342 20.7847 -6.64836 
179.448 83.0088 20.7867 -6.64904 
159.916 69.0865 20.7743 -6.64608 
162.09 70.3533 20.7759 -6.64621 
164.263 71.6207 20.7772 -6.64644 
166.436 72.8886 20.7784 -6.64661 
168.609 74.1574 20.7793 -6.64683 
170.782 75.427 20.7801 -6.64704 
172.955 76.6974 20.7808 -6.64735 
175.127 77.9688 20.7814 -6.64762 
177.298 79.2416 20.7822 -6.64812 
164.276 69.1285 20.7779 -6.64672 
166.45 70.3967 20.7788 -6.64683 
168.624 71.6656 20.7794 -6.647 
170.798 72.9351 20.7798 -6.64717 
172.971 74.2055 20.7799 -6.64741 
175.144 75.4767 20.7799 -6.64765 
168.638 69.1738 20.7794 -6.64722 
170.812 70.4434 20.7794 -6.64738 
172.986 71.7136 20.7791 -6.64754 
131.28 112.73 20.7793 -6.64753 
133.432 113.986 20.7794 -6.64764 
129.162 108.968 20.7781 -6.64703 
131.314 110.224 20.7785 -6.64724 
133.466 111.48 20.7788 -6.64736 
135.618 112.736 20.779 -6.64754 
137.77 113.992 20.7792 -6.64764 
127.042 105.206 20.7753 -6.64637 
129.195 106.463 20.7761 -6.64663 
131.348 107.719 20.7769 -6.64684 
133.5 108.975 20.7774 -6.64704 
135.653 110.231 20.7779 -6.64721 
137.805 111.487 20.7782 -6.64736 
139.957 112.744 20.7786 -6.64744 
142.109 114 20.7788 -6.64753 
124.919 101.442 20.7713 -6.64549 
127.072 102.7 20.7725 -6.64582 
129.226 103.957 20.7736 -6.64613 
131.38 105.214 20.7745 -6.64638 
133.533 106.47 20.7753 -6.64662 
135.686 107.726 20.776 -6.64684 
137.839 108.982 20.7765 -6.64701 
139.991 110.239 20.7771 -6.64714 
142.144 111.495 20.7776 -6.64724 
144.295 112.752 20.7781 -6.64739 
146.447 114.009 20.7786 -6.64748 
122.792 97.6769 20.7665 -6.64457 
124.947 98.9357 20.768 -6.64493 
127.101 100.194 20.7693 -6.64525 
129.256 101.451 20.7706 -6.64559 
131.41 102.708 20.7717 -6.64587 
133.564 103.965 20.7726 -6.64613 
135.718 105.221 20.7734 -6.6464 
137.872 106.477 20.7742 -6.64661 
140.025 107.734 20.7749 -6.64682 
142.178 108.99 20.7756 -6.64693 
144.331 110.247 20.7762 -6.64711 
146.483 111.504 20.777 -6.64722 
148.634 112.762 20.7779 -6.6474 
150.785 114.021 20.7789 -6.64758 
120.662 93.9098 20.7618 -6.64374 
122.817 95.1699 20.7633 -6.64405 
124.973 96.4292 20.7647 -6.64439 
127.128 97.6877 20.7661 -6.64468 
129.283 98.9455 20.7673 -6.64502 
131.439 100.203 20.7685 -6.64529 
133.594 101.46 20.7696 -6.64559 
135.749 102.716 20.7705 -6.64588 
137.903 103.973 20.7714 -6.64612 
140.058 105.229 20.7722 -6.64633 
142.212 106.486 20.773 -6.6465 
144.365 107.743 20.7738 -6.64667 
146.518 109 20.7747 -6.64685 
148.67 110.257 20.7757 -6.64707 
150.822 111.516 20.777 -6.6473 
152.973 112.775 20.7785 -6.64751 
155.124 114.035 20.7802 -6.64788 
122.84 92.6626 20.7604 -6.6436 
124.997 93.9224 20.7617 -6.64386 
127.153 95.1814 20.7629 -6.64415 
129.309 96.4398 20.7642 -6.64448 
131.465 97.6974 20.7653 -6.64472 
133.622 98.9545 20.7664 -6.64504 
135.777 100.211 20.7674 -6.64528 
137.933 101.468 20.7683 -6.64556 
140.089 102.725 20.7692 -6.6458 
142.244 103.982 20.77 -6.64602 
144.398 105.238 20.7709 -6.64621 
146.552 106.496 20.7719 -6.64642 
148.706 107.753 20.773 -6.64666 
150.858 109.012 20.7744 -6.64692 
153.011 110.271 20.7761 -6.64722 
155.162 111.53 20.7781 -6.64758 
157.313 112.791 20.7805 -6.64801 
159.462 114.054 20.7835 -6.64856 
127.175 92.6751 20.7602 -6.64369 
129.333 93.9339 20.7613 -6.64395 
131.49 95.1921 20.7623 -6.64424 
133.647 96.4496 20.7633 -6.64448 
135.804 97.7068 20.7643 -6.64474 
137.961 98.9639 20.7652 -6.64497 
140.118 100.221 20.766 -6.64522 
142.274 101.478 20.7669 -6.64546 
144.43 102.735 20.7678 -6.6457 
146.585 103.992 20.7688 -6.64594 
148.74 105.25 20.77 -6.6462 
150.894 106.508 20.7714 -6.6465 
153.047 107.767 20.7731 -6.6468 
155.199 109.026 20.7753 -6.64721 
157.351 110.287 20.7779 -6.64767 
159.502 111.549 20.7812 -6.64831 
161.652 112.813 20.7851 -6.64897 
163.801 114.078 20.7896 -6.64976 
131.513 92.6867 20.7597 -6.64379 
133.671 93.9447 20.7606 -6.64397 
135.829 95.2023 20.7614 -6.64423 
137.987 96.4597 20.7622 -6.64441 
140.145 97.7169 20.763 -6.64467 
142.302 98.9741 20.7638 -6.64486 
144.459 100.231 20.7647 -6.64509 
146.616 101.489 20.7657 -6.64535 
148.772 102.746 20.7668 -6.64562 
150.927 104.005 20.7682 -6.64594 
153.082 105.264 20.7699 -6.64627 
155.236 106.523 20.7721 -6.64672 
157.389 107.784 20.7748 -6.64717 
159.541 109.046 20.7782 -6.64786 
161.692 110.309 20.7823 -6.64859 
163.842 111.574 20.7872 -6.6495 
165.992 112.841 20.7929 -6.6505 
168.14 114.11 20.7994 -6.65156 
135.852 92.698 20.7589 -6.64376 
138.011 93.9558 20.7596 -6.64392 
140.17 95.2133 20.7603 -6.64413 
142.328 96.4708 20.7611 -6.64432 
144.487 97.7282 20.7618 -6.64452 
146.644 98.9857 20.7627 -6.64474 
148.802 100.244 20.7638 -6.64499 
150.959 101.502 20.7651 -6.64539 
153.115 102.761 20.7667 -6.64574 
155.271 104.02 20.7688 -6.64621 
157.425 105.281 20.7715 -6.64666 
159.579 106.543 20.7748 -6.64737 
161.731 107.806 20.779 -6.64816 
163.883 109.07 20.7841 -6.64912 
166.034 110.337 20.7902 -6.65013 
168.183 111.605 20.7971 -6.65134 
170.331 112.876 20.8049 -6.65257 
172.478 114.15 20.8131 -6.6539 
140.192 92.7099 20.7581 -6.64364 
142.352 93.9677 20.7587 -6.64386 
144.512 95.2255 20.7594 -6.64401 
146.671 96.4833 20.7601 -6.64422 
148.83 97.7413 20.7611 -6.64446 
150.988 98.9998 20.7622 -6.64475 
153.146 100.259 20.7637 -6.64514 
155.303 101.519 20.7657 -6.64556 
157.46 102.779 20.7683 -6.64609 
159.615 104.041 20.7715 -6.6468 
161.769 105.303 20.7756 -6.6476 
163.923 106.568 20.7807 -6.64855 
166.075 107.834 20.7868 -6.64966 
168.226 109.102 20.794 -6.65087 
170.375 110.373 20.8022 -6.65224 
172.524 111.646 20.8111 -6.65362 
174.671 112.922 20.8206 -6.65503 
176.817 114.2 20.8301 -6.65631 
144.535 92.7231 20.7574 -6.64356 
146.696 93.9812 20.758 -6.64372 
148.856 95.2396 20.7588 -6.6439 
151.016 96.4983 20.7599 -6.64415 
153.175 97.7576 20.7613 -6.64452 
155.334 99.0174 20.7631 -6.64491 
157.492 100.278 20.7654 -6.64546 
159.649 101.539 20.7685 -6.6461 
161.805 102.802 20.7724 -6.64697 
163.96 104.066 20.7774 -6.64794 
166.114 105.332 20.7834 -6.64909 
168.267 106.6 20.7906 -6.65031 
170.419 107.87 20.7988 -6.65177 
172.569 109.143 20.8081 -6.65319 
174.717 110.418 20.8181 -6.65472 
176.865 111.696 20.8285 -6.65608 
179.01 112.978 20.8389 -6.65744 
181.155 114.262 20.8491 -6.65859 
148.88 92.7383 20.7572 -6.64349 
151.041 93.9972 20.7582 -6.64372 
153.202 95.2567 20.7594 -6.64401 
155.362 96.5168 20.761 -6.64439 
157.522 97.7775 20.7632 -6.64489 
159.681 99.039 20.7661 -6.64549 
161.839 100.302 20.7698 -6.64637 
163.996 101.566 20.7744 -6.64729 
166.152 102.832 20.7802 -6.64846 
168.307 104.099 20.7872 -6.64967 
170.46 105.369 20.7953 -6.65115 
172.612 106.641 20.8046 -6.65267 
174.763 107.916 20.8147 -6.65422 
176.912 109.193 20.8255 -6.6557 
179.06 110.474 20.8366 -6.65714 
181.205 111.758 20.8477 -6.65842 
183.35 113.045 20.8587 -6.65962 
185.493 114.336 20.8695 -6.66071 
153.227 92.7565 20.7582 -6.64361 
155.388 94.0168 20.7597 -6.64395 
157.55 95.2777 20.7617 -6.6444 
159.71 96.5395 20.7644 -6.64493 
161.87 97.8023 20.7678 -6.64567 
164.029 99.0665 20.7721 -6.64662 
166.187 100.332 20.7776 -6.64775 
168.344 101.6 20.7842 -6.64897 
170.5 102.869 20.792 -6.65042 
172.654 104.141 20.801 -6.652 
174.807 105.415 20.811 -6.65362 
176.958 106.692 20.8218 -6.65519 
179.107 107.972 20.8331 -6.65664 
181.255 109.255 20.8447 -6.65804 
183.401 110.542 20.8564 -6.65933 
185.546 111.832 20.8681 -6.66054 
187.689 113.124 20.8798 -6.6617 
189.832 114.42 20.8908 -6.66277 
157.575 92.7787 20.7609 -6.64397 
159.738 94.0407 20.7634 -6.64445 
161.899 95.3037 20.7666 -6.64515 
164.06 96.5679 20.7706 -6.64603 
166.22 97.8336 20.7756 -6.64707 
168.379 99.1009 20.7818 -6.64832 
170.537 100.37 20.7892 -6.64969 
172.693 101.641 20.7977 -6.65127 
174.848 102.915 20.8073 -6.65287 
177.002 104.192 20.8178 -6.65452 
179.154 105.471 20.8289 -6.65603 
181.304 106.754 20.8404 -6.65751 
183.452 108.039 20.8523 -6.65886 
185.598 109.328 20.8645 -6.66015 
187.743 110.621 20.8769 -6.66138 
189.886 111.916 20.8891 -6.66257 
192.029 113.213 20.9002 -6.66365 
194.17 114.512 20.9088 -6.66448 
159.763 91.5426 20.7631 -6.64418 
161.926 92.8058 20.7661 -6.64477 
164.089 94.0701 20.7698 -6.64558 
166.251 95.3359 20.7744 -6.64652 
168.412 96.6032 20.7801 -6.6477 
170.572 97.8721 20.7869 -6.649 
172.73 99.1432 20.7948 -6.65052 
174.888 100.417 20.8038 -6.65206 
177.043 101.693 20.8137 -6.65375 
179.197 102.972 20.8244 -6.65534 
181.35 104.254 20.8355 -6.65685 
183.5 105.538 20.8471 -6.65826 
185.649 106.827 20.8591 -6.65957 
187.795 108.118 20.8715 -6.66087 
189.94 109.412 20.8841 -6.66212 
192.084 110.709 20.8962 -6.66327 
194.226 112.008 20.9066 -6.6643 
196.367 113.308 20.9136 -6.66498 
164.115 91.5733 20.7696 -6.64521 
166.279 92.8391 20.7738 -6.64606 
168.442 94.1064 20.779 -6.64712 
170.603 95.3754 20.7851 -6.64834 
172.764 96.6463 20.7923 -6.64973 
174.924 97.9194 20.8006 -6.65131 
177.082 99.1951 20.8098 -6.6529 
179.239 100.474 20.8197 -6.65453 
181.393 101.755 20.8303 -6.65605 
183.546 103.039 20.8413 -6.65753 
185.697 104.326 20.8527 -6.65885 
187.846 105.616 20.8646 -6.66014 
189.992 106.91 20.8768 -6.66139 
192.137 108.206 20.889 -6.66261 
194.281 109.504 20.9001 -6.66365 
168.469 91.6106 20.7784 -6.64667 
170.633 92.8796 20.7838 -6.64785 
172.796 94.1503 20.7902 -6.64905 
174.958 95.4232 20.7976 -6.65051 
177.118 96.6984 20.8059 -6.652 
179.277 97.9762 20.815 -6.65366 
181.434 99.2566 20.8247 -6.65522 
183.589 100.54 20.835 -6.65671 
185.742 101.826 20.8456 -6.65803 
187.893 103.116 20.8567 -6.65934 
190.042 104.408 20.8681 -6.66052 
192.189 105.703 20.8797 -6.66171 
172.825 91.6554 20.7883 -6.6485 
174.989 92.928 20.7947 -6.64976 
177.151 94.2027 20.8019 -6.65119 
179.312 95.4799 20.81 -6.65269 
181.472 96.7597 20.8188 -6.65424 
183.629 98.0421 20.8282 -6.65575 
185.785 99.3275 20.838 -6.65714 
187.938 100.616 20.8482 -6.65842 
190.089 101.907 20.8587 -6.65961 
177.182 91.708 20.7981 -6.65043 
179.345 92.9845 20.805 -6.6518 
181.506 94.2635 20.8126 -6.6533 
183.666 95.5451 20.821 -6.65472 
185.824 96.8295 20.8299 -6.65615 
187.98 98.1166 20.8392 -6.65739 
181.538 91.768 20.8064 -6.65233 
183.7 93.0489 20.8135 -6.65368 
185.86 94.3323 20.8213 -6.65504 
