14.2486 22.6809 20.761 -6.76882 
12.1149 18.903 20.761 -6.76845 
14.2723 20.176 20.761 -6.7686 
16.4298 21.449 20.761 -6.76876 
18.5872 22.7219 20.761 -6.76893 
9.98113 15.1251 20.761 -6.76812 
12.1386 16.3981 20.761 -6.76826 
14.296 17.6711 20.761 -6.76841 
16.4535 18.9441 20.761 -6.76856 
18.6109 20.217 20.761 -6.76873 
20.7683 21.49 20.761 -6.76889 
22.9258 22.763 20.761 -6.76906 
7.8474 11.3473 20.761 -6.76786 
10.0048 12.6203 20.761 -6.76797 
12.1623 13.8932 20.761 -6.7681 
14.3197 15.1662 20.761 -6.76825 
16.4772 16.4392 20.761 -6.7684 
18.6346 17.7122 20.761 -6.76855 
20.7921 18.9851 20.761 -6.76872 
22.9495 20.2581 20.761 -6.76888 
25.1069 21.5311 20.761 -6.76905 
27.2644 22.8041 20.761 -6.76921 
5.71367 7.56942 20.761 -6.76767 
7.87111 8.84239 20.761 -6.76775 
10.0286 10.1154 20.761 -6.76786 
12.186 11.3883 20.761 -6.76798 
14.3434 12.6613 20.761 -6.76811 
16.5009 13.9343 20.761 -6.76826 
18.6583 15.2073 20.761 -6.76841 
20.8158 16.4802 20.761 -6.76857 
22.9732 17.7532 20.761 -6.76874 
25.1306 19.0262 20.761 -6.7689 
27.2881 20.2992 20.761 -6.76907 
29.4455 21.5721 20.761 -6.76923 
31.603 22.8451 20.761 -6.76939 
3.57993 3.79155 20.761 -6.76755 
5.73737 5.06453 20.761 -6.76761 
7.89482 6.3375 20.761 -6.76768 
10.0523 7.61048 20.761 -6.76777 
12.2097 8.88345 20.761 -6.76789 
14.3671 10.1564 20.761 -6.76801 
16.5246 11.4294 20.761 -6.76815 
18.682 12.7024 20.761 -6.7683 
20.8395 13.9754 20.761 -6.76846 
22.9969 15.2483 20.761 -6.76862 
25.1544 16.5213 20.761 -6.76878 
27.3118 17.7943 20.761 -6.76895 
29.4692 19.0673 20.761 -6.76911 
31.6267 20.3402 20.761 -6.76928 
33.7841 21.6132 20.761 -6.76943 
35.9416 22.8862 20.761 -6.76959 
1.4462 0.0136879 20.761 -6.7675 
3.60364 1.28666 20.761 -6.76753 
5.76108 2.55964 20.761 -6.76757 
7.91852 3.83262 20.761 -6.76764 
10.076 5.10559 20.761 -6.76772 
12.2334 6.37857 20.761 -6.76782 
14.3909 7.65154 20.761 -6.76794 
16.5483 8.92452 20.761 -6.76807 
18.7057 10.1975 20.761 -6.76822 
20.8632 11.4705 20.761 -6.76837 
23.0206 12.7434 20.761 -6.76853 
25.1781 14.0164 20.761 -6.76869 
27.3355 15.2894 20.761 -6.76886 
29.4929 16.5624 20.761 -6.76903 
31.6504 17.8353 20.761 -6.76919 
33.8078 19.1083 20.761 -6.76935 
35.9653 20.3813 20.761 -6.7695 
38.1227 21.6543 20.761 -6.76965 
5.78479 0.0547517 20.761 -6.76756 
7.94223 1.32773 20.761 -6.76762 
10.0997 2.6007 20.761 -6.7677 
12.2571 3.87368 20.761 -6.76779 
14.4146 5.14665 20.761 -6.7679 
16.572 6.41963 20.761 -6.76803 
18.7294 7.69261 20.761 -6.76817 
20.8869 8.96558 20.761 -6.76832 
23.0443 10.2386 20.761 -6.76847 
25.2018 11.5115 20.761 -6.76863 
27.3592 12.7845 20.761 -6.7688 
29.5167 14.0575 20.761 -6.76896 
31.6741 15.3305 20.761 -6.76913 
33.8315 16.6034 20.761 -6.76929 
35.989 17.8764 20.761 -6.76944 
38.1464 19.1494 20.761 -6.76959 
40.3039 20.4224 20.761 -6.76974 
42.4613 21.6953 20.761 -6.76987 
10.1234 0.0958154 20.761 -6.7677 
12.2808 1.36879 20.761 -6.76778 
14.4383 2.64177 20.761 -6.76789 
16.5957 3.91474 20.761 -6.76801 
18.7532 5.18772 20.761 -6.76814 
20.9106 6.46069 20.761 -6.76829 
23.068 7.73367 20.761 -6.76844 
25.2255 9.00665 20.761 -6.7686 
27.3829 10.2796 20.761 -6.76877 
29.5404 11.5526 20.761 -6.76893 
31.6978 12.8256 20.761 -6.76909 
33.8552 14.0985 20.761 -6.76925 
36.0127 15.3715 20.761 -6.76941 
38.1701 16.6445 20.761 -6.76956 
40.3276 17.9175 20.761 -6.76971 
42.485 19.1905 20.761 -6.76984 
44.6425 20.4634 20.761 -6.76997 
46.7999 21.7364 20.761 -6.77008 
14.462 0.136879 20.761 -6.76791 
16.6194 1.40985 20.761 -6.76802 
18.7769 2.68283 20.761 -6.76815 
20.9343 3.95581 20.761 -6.76829 
23.0917 5.22878 20.761 -6.76844 
25.2492 6.50176 20.761 -6.7686 
27.4066 7.77473 20.761 -6.76876 
29.5641 9.04771 20.761 -6.76893 
31.7215 10.3207 20.761 -6.76909 
33.879 11.5937 20.761 -6.76925 
36.0364 12.8666 20.761 -6.76941 
38.1938 14.1396 20.761 -6.76956 
40.3513 15.4126 20.761 -6.7697 
42.5087 16.6856 20.761 -6.76984 
44.6662 17.9585 20.761 -6.76996 
46.8236 19.2315 20.761 -6.77008 
48.9811 20.5045 20.761 -6.77018 
51.1385 21.7775 20.761 -6.77027 
18.8006 0.177943 20.761 -6.76818 
20.958 1.45092 20.761 -6.76832 
23.1155 2.72389 20.761 -6.76847 
25.2729 3.99687 20.761 -6.76863 
27.4303 5.26985 20.761 -6.76879 
29.5878 6.54282 20.761 -6.76895 
31.7452 7.8158 20.761 -6.76911 
33.9027 9.08877 20.761 -6.76927 
36.0601 10.3617 20.761 -6.76943 
38.2176 11.6347 20.761 -6.76958 
40.375 12.9077 20.761 -6.76972 
42.5324 14.1807 20.761 -6.76986 
44.6899 15.4537 20.761 -6.76998 
46.8473 16.7266 20.761 -6.7701 
49.0048 17.9996 20.761 -6.7702 
51.1622 19.2726 20.761 -6.77029 
53.3196 20.5456 20.761 -6.77036 
55.4771 21.8185 20.761 -6.77043 
23.1392 0.219007 20.761 -6.76852 
25.2966 1.49198 20.761 -6.76868 
27.454 2.76496 20.761 -6.76884 
29.6115 4.03793 20.761 -6.769 
31.7689 5.31091 20.761 -6.76916 
33.9264 6.58389 20.761 -6.76932 
36.0838 7.85686 20.761 -6.76948 
38.2413 9.12984 20.761 -6.76963 
40.3987 10.4028 20.761 -6.76977 
42.5561 11.6758 20.761 -6.7699 
44.7136 12.9488 20.761 -6.77003 
46.871 14.2217 20.761 -6.77014 
49.0285 15.4947 20.761 -6.77024 
51.1859 16.7677 20.761 -6.77033 
53.3434 18.0407 20.761 -6.7704 
55.5008 19.3136 20.761 -6.77046 
57.6582 20.5866 20.761 -6.77051 
59.8157 21.8596 20.761 -6.77054 
27.4778 0.26007 20.761 -6.76891 
29.6352 1.53305 20.761 -6.76908 
31.7926 2.80602 20.761 -6.76924 
33.9501 4.079 20.761 -6.7694 
36.1075 5.35197 20.761 -6.76955 
38.265 6.62495 20.761 -6.7697 
40.4224 7.89792 20.761 -6.76984 
42.5799 9.1709 20.761 -6.76997 
44.7373 10.4439 20.761 -6.7701 
46.8947 11.7169 20.761 -6.77021 
49.0522 12.9898 20.761 -6.77031 
51.2096 14.2628 20.761 -6.77039 
53.3671 15.5358 20.761 -6.77046 
55.5245 16.8088 20.761 -6.77052 
57.6819 18.0817 20.761 -6.77056 
59.8394 19.3547 20.761 -6.77058 
61.9968 20.6277 20.761 -6.7706 
64.1543 21.9007 20.761 -6.77059 
31.8163 0.301134 20.761 -6.76934 
33.9738 1.57411 20.761 -6.7695 
36.1312 2.84709 20.761 -6.76965 
38.2887 4.12006 20.761 -6.7698 
40.4461 5.39304 20.761 -6.76994 
42.6036 6.66601 20.761 -6.77007 
44.761 7.93899 20.761 -6.77019 
46.9184 9.21196 20.761 -6.7703 
49.0759 10.4849 20.761 -6.77039 
51.2333 11.7579 20.761 -6.77048 
53.3908 13.0309 20.761 -6.77054 
55.5482 14.3039 20.761 -6.7706 
57.7057 15.5768 20.761 -6.77063 
59.8631 16.8498 20.761 -6.77065 
62.0205 18.1228 20.761 -6.77066 
64.178 19.3958 20.761 -6.77065 
66.3354 20.6687 20.761 -6.77062 
68.4929 21.9417 20.761 -6.77059 
36.1549 0.342198 20.761 -6.76977 
38.3124 1.61517 20.761 -6.76992 
40.4698 2.88815 20.761 -6.77006 
42.6273 4.16113 20.761 -6.77019 
44.7847 5.4341 20.761 -6.77031 
46.9422 6.70708 20.761 -6.77042 
49.0996 7.98005 20.761 -6.77051 
51.257 9.25303 20.761 -6.77059 
53.4145 10.526 20.761 -6.77065 
55.5719 11.799 20.761 -6.7707 
57.7294 13.072 20.761 -6.77073 
59.8868 14.3449 20.761 -6.77074 
62.0442 15.6179 20.761 -6.77074 
64.2017 16.8909 20.761 -6.77072 
66.3591 18.1639 20.761 -6.77069 
68.5166 19.4368 20.761 -6.77064 
70.674 20.7098 20.761 -6.77059 
72.8315 21.9828 20.761 -6.77053 
40.4935 0.383262 20.761 -6.77021 
42.651 1.65624 20.761 -6.77034 
44.8084 2.92921 20.761 -6.77045 
46.9659 4.20219 20.761 -6.77056 
49.1233 5.47516 20.761 -6.77065 
51.2807 6.74814 20.761 -6.77072 
53.4382 8.02112 20.761 -6.77078 
55.5956 9.29409 20.761 -6.77082 
57.7531 10.5671 20.761 -6.77084 
59.9105 11.84 20.761 -6.77085 
62.068 13.113 20.761 -6.77084 
64.2254 14.386 20.761 -6.77081 
66.3828 15.659 20.761 -6.77077 
68.5403 16.9319 20.761 -6.77072 
70.6977 18.2049 20.761 -6.77065 
72.8552 19.4779 20.761 -6.77057 
75.0126 20.7509 20.761 -6.77049 
77.1701 22.0238 20.761 -6.77041 
44.8321 0.424325 20.761 -6.77062 
46.9896 1.6973 20.761 -6.77072 
49.147 2.97028 20.761 -6.77081 
51.3045 4.24325 20.761 -6.77088 
53.4619 5.51623 20.761 -6.77093 
55.6193 6.7892 20.761 -6.77097 
57.7768 8.06218 20.761 -6.77098 
59.9342 9.33516 20.761 -6.77098 
62.0917 10.6081 20.761 -6.77097 
64.2491 11.8811 20.761 -6.77093 
66.4066 13.1541 20.761 -6.77088 
68.564 14.4271 20.761 -6.77081 
70.7214 15.7 20.761 -6.77073 
72.8789 16.973 20.761 -6.77064 
75.0363 18.246 20.761 -6.77054 
77.1938 19.519 20.761 -6.77045 
49.1707 0.465389 20.761 -6.77098 
51.3282 1.73836 20.761 -6.77105 
53.4856 3.01134 20.761 -6.7711 
55.643 4.28432 20.761 -6.77113 
57.8005 5.55729 20.761 -6.77115 
59.9579 6.83027 20.761 -6.77114 
62.1154 8.10324 20.761 -6.77111 
64.2728 9.37622 20.761 -6.77107 
66.4303 10.6492 20.761 -6.771 
68.5877 11.9222 20.761 -6.77092 
70.7451 13.1951 20.761 -6.77083 
72.9026 14.4681 20.761 -6.77072 
75.06 15.7411 20.761 -6.77061 
53.5093 0.506453 20.761 -6.77129 
55.6668 1.77943 20.761 -6.77132 
57.8242 3.0524 20.761 -6.77133 
59.9816 4.32538 20.761 -6.77131 
62.1391 5.59836 20.761 -6.77128 
64.2965 6.87133 20.761 -6.77122 
66.454 8.14431 20.761 -6.77115 
68.6114 9.41728 20.761 -6.77106 
70.7689 10.6903 20.761 -6.77095 
72.9263 11.9632 20.761 -6.77083 
57.8479 0.547516 20.761 -6.77153 
60.0053 1.82049 20.761 -6.77151 
62.1628 3.09347 20.761 -6.77147 
64.3202 4.36644 20.761 -6.7714 
66.4777 5.63942 20.761 -6.77132 
68.6351 6.9124 20.761 -6.77122 
70.7926 8.18537 20.761 -6.77109 
62.1865 0.58858 20.761 -6.77167 
64.3439 1.86156 20.761 -6.7716 
66.5014 3.13453 20.761 -6.77151 
68.6588 4.40751 20.761 -6.77139 
66.5251 0.629644 20.761 -6.77171 
27.051 45.3481 20.761 -6.77123 
24.9173 41.5702 20.761 -6.7709 
27.0747 42.8432 20.761 -6.77098 
29.2322 44.1161 20.761 -6.77104 
31.3896 45.3891 20.761 -6.77109 
22.7835 37.7923 20.761 -6.77052 
24.941 39.0653 20.761 -6.77064 
27.0984 40.3383 20.761 -6.77073 
29.2559 41.6113 20.761 -6.77081 
31.4133 42.8842 20.761 -6.77088 
33.5708 44.1572 20.761 -6.77092 
35.7282 45.4302 20.761 -6.77095 
20.6498 34.0145 20.761 -6.77011 
22.8072 35.2874 20.761 -6.77024 
24.9647 36.5604 20.761 -6.77037 
27.1221 37.8334 20.761 -6.77048 
29.2796 39.1064 20.761 -6.77058 
31.437 40.3793 20.761 -6.77066 
33.5945 41.6523 20.761 -6.77073 
35.7519 42.9253 20.761 -6.77078 
37.9093 44.1983 20.761 -6.77082 
40.0668 45.4712 20.761 -6.77083 
18.5161 30.2366 20.761 -6.76967 
20.6735 31.5096 20.761 -6.76983 
22.831 32.7825 20.761 -6.76997 
24.9884 34.0555 20.761 -6.77011 
27.1458 35.3285 20.761 -6.77024 
29.3033 36.6015 20.761 -6.77035 
31.4607 37.8745 20.761 -6.77045 
33.6182 39.1474 20.761 -6.77054 
35.7756 40.4204 20.761 -6.77061 
37.9331 41.6934 20.761 -6.77066 
40.0905 42.9664 20.761 -6.7707 
42.2479 44.2393 20.761 -6.77072 
44.4054 45.5123 20.761 -6.77073 
16.3823 26.4587 20.761 -6.76924 
18.5398 27.7317 20.761 -6.7694 
20.6972 29.0047 20.761 -6.76956 
22.8547 30.2777 20.761 -6.76972 
25.0121 31.5506 20.761 -6.76986 
27.1695 32.8236 20.761 -6.77 
29.327 34.0966 20.761 -6.77013 
31.4844 35.3696 20.761 -6.77025 
33.6419 36.6425 20.761 -6.77035 
35.7993 37.9155 20.761 -6.77044 
37.9568 39.1885 20.761 -6.77051 
40.1142 40.4615 20.761 -6.77057 
42.2716 41.7344 20.761 -6.77061 
44.4291 43.0074 20.761 -6.77064 
46.5865 44.2804 20.761 -6.77065 
48.744 45.5534 20.761 -6.77064 
16.406 23.9538 20.761 -6.76899 
18.5635 25.2268 20.761 -6.76915 
20.7209 26.4998 20.761 -6.76932 
22.8784 27.7728 20.761 -6.76948 
25.0358 29.0457 20.761 -6.76963 
27.1933 30.3187 20.761 -6.76978 
29.3507 31.5917 20.761 -6.76992 
31.5081 32.8647 20.761 -6.77005 
33.6656 34.1377 20.761 -6.77016 
35.823 35.4106 20.761 -6.77027 
37.9805 36.6836 20.761 -6.77036 
40.1379 37.9566 20.761 -6.77044 
42.2954 39.2296 20.761 -6.7705 
44.4528 40.5025 20.761 -6.77054 
46.6102 41.7755 20.761 -6.77057 
48.7677 43.0485 20.761 -6.77059 
50.9251 44.3215 20.761 -6.77059 
53.0826 45.5944 20.761 -6.77058 
20.7446 23.9949 20.761 -6.76909 
22.9021 25.2679 20.761 -6.76925 
25.0595 26.5409 20.761 -6.76941 
27.217 27.8138 20.761 -6.76957 
29.3744 29.0868 20.761 -6.76972 
31.5319 30.3598 20.761 -6.76986 
33.6893 31.6328 20.761 -6.76999 
35.8467 32.9057 20.761 -6.7701 
38.0042 34.1787 20.761 -6.77021 
40.1616 35.4517 20.761 -6.7703 
42.3191 36.7247 20.761 -6.77038 
44.4765 37.9976 20.761 -6.77045 
46.6339 39.2706 20.761 -6.77049 
48.7914 40.5436 20.761 -6.77053 
50.9488 41.8166 20.761 -6.77055 
53.1063 43.0895 20.761 -6.77055 
55.2637 44.3625 20.761 -6.77054 
57.4212 45.6355 20.761 -6.77053 
25.0832 24.036 20.761 -6.76922 
27.2407 25.3089 20.761 -6.76938 
29.3981 26.5819 20.761 -6.76953 
31.5556 27.8549 20.761 -6.76968 
33.713 29.1279 20.761 -6.76982 
35.8704 30.4009 20.761 -6.76995 
38.0279 31.6738 20.761 -6.77007 
40.1853 32.9468 20.761 -6.77018 
42.3428 34.2198 20.761 -6.77027 
44.5002 35.4928 20.761 -6.77035 
46.6577 36.7657 20.761 -6.77041 
48.8151 38.0387 20.761 -6.77046 
50.9725 39.3117 20.761 -6.7705 
53.13 40.5847 20.761 -6.77052 
55.2874 41.8576 20.761 -6.77053 
57.4449 43.1306 20.761 -6.77052 
59.6023 44.4036 20.761 -6.77051 
61.7598 45.6766 20.761 -6.7705 
29.4218 24.077 20.761 -6.76937 
31.5793 25.35 20.761 -6.76953 
33.7367 26.623 20.761 -6.76967 
35.8942 27.896 20.761 -6.76981 
38.0516 29.1689 20.761 -6.76994 
40.209 30.4419 20.761 -6.77006 
42.3665 31.7149 20.761 -6.77017 
44.5239 32.9879 20.761 -6.77026 
46.6814 34.2608 20.761 -6.77034 
48.8388 35.5338 20.761 -6.7704 
50.9962 36.8068 20.761 -6.77045 
53.1537 38.0798 20.761 -6.77048 
55.3111 39.3527 20.761 -6.7705 
57.4686 40.6257 20.761 -6.77051 
59.626 41.8987 20.761 -6.77051 
61.7835 43.1717 20.761 -6.77051 
63.9409 44.4446 20.761 -6.7705 
66.0983 45.7176 20.761 -6.77049 
33.7604 24.1181 20.761 -6.76954 
35.9179 25.3911 20.761 -6.76969 
38.0753 26.6641 20.761 -6.76983 
40.2327 27.937 20.761 -6.76995 
42.3902 29.21 20.761 -6.77007 
44.5476 30.483 20.761 -6.77017 
46.7051 31.756 20.761 -6.77026 
48.8625 33.0289 20.761 -6.77034 
51.02 34.3019 20.761 -6.7704 
53.1774 35.5749 20.761 -6.77044 
55.3348 36.8479 20.761 -6.77048 
57.4923 38.1208 20.761 -6.7705 
59.6497 39.3938 20.761 -6.77051 
61.8072 40.6668 20.761 -6.77051 
63.9646 41.9398 20.761 -6.7705 
66.1221 43.2127 20.761 -6.7705 
68.2795 44.4857 20.761 -6.7705 
70.4369 45.7587 20.761 -6.7705 
38.099 24.1592 20.761 -6.76973 
40.2565 25.4321 20.761 -6.76986 
42.4139 26.7051 20.761 -6.76999 
44.5713 27.9781 20.761 -6.7701 
46.7288 29.2511 20.761 -6.7702 
48.8862 30.524 20.761 -6.77028 
51.0437 31.797 20.761 -6.77035 
53.2011 33.07 20.761 -6.77041 
55.3585 34.343 20.761 -6.77045 
57.516 35.6159 20.761 -6.77048 
59.6734 36.8889 20.761 -6.7705 
61.8309 38.1619 20.761 -6.7705 
63.9883 39.4349 20.761 -6.77051 
66.1458 40.7078 20.761 -6.77051 
68.3032 41.9808 20.761 -6.7705 
70.4606 43.2538 20.761 -6.77051 
72.6181 44.5268 20.761 -6.77051 
74.7755 45.7998 20.761 -6.77053 
40.2802 22.9273 20.761 -6.76979 
42.4376 24.2002 20.761 -6.76992 
44.595 25.4732 20.761 -6.77004 
46.7525 26.7462 20.761 -6.77014 
48.9099 28.0192 20.761 -6.77024 
51.0674 29.2921 20.761 -6.77031 
53.2248 30.5651 20.761 -6.77038 
55.3823 31.8381 20.761 -6.77043 
57.5397 33.1111 20.761 -6.77046 
59.6971 34.384 20.761 -6.77049 
61.8546 35.657 20.761 -6.7705 
64.012 36.93 20.761 -6.77051 
66.1695 38.203 20.761 -6.77051 
68.3269 39.4759 20.761 -6.77051 
70.4844 40.7489 20.761 -6.77051 
72.6418 42.0219 20.761 -6.77051 
74.7992 43.2949 20.761 -6.77052 
76.9567 44.5678 20.761 -6.77054 
79.1141 45.8408 20.761 -6.77058 
44.6188 22.9683 20.761 -6.76999 
46.7762 24.2413 20.761 -6.7701 
48.9336 25.5143 20.761 -6.7702 
51.0911 26.7872 20.761 -6.77029 
53.2485 28.0602 20.761 -6.77036 
55.406 29.3332 20.761 -6.77041 
57.5634 30.6062 20.761 -6.77045 
59.7209 31.8791 20.761 -6.77048 
61.8783 33.1521 20.761 -6.7705 
64.0357 34.4251 20.761 -6.7705 
66.1932 35.6981 20.761 -6.77051 
68.3506 36.971 20.761 -6.77051 
70.5081 38.244 20.761 -6.7705 
72.6655 39.517 20.761 -6.77051 
74.8229 40.79 20.761 -6.77051 
76.9804 42.063 20.761 -6.77053 
79.1378 43.3359 20.761 -6.77055 
81.2953 44.6089 20.761 -6.77059 
48.9573 23.0094 20.761 -6.77018 
51.1148 24.2824 20.761 -6.77027 
53.2722 25.5553 20.761 -6.77034 
55.4297 26.8283 20.761 -6.7704 
57.5871 28.1013 20.761 -6.77045 
59.7446 29.3743 20.761 -6.77048 
61.902 30.6472 20.761 -6.7705 
64.0594 31.9202 20.761 -6.77051 
66.2169 33.1932 20.761 -6.77051 
68.3743 34.4662 20.761 -6.7705 
70.5318 35.7391 20.761 -6.7705 
72.6892 37.0121 20.761 -6.7705 
74.8467 38.2851 20.761 -6.7705 
77.0041 39.5581 20.761 -6.77051 
79.1615 40.831 20.761 -6.77052 
81.319 42.104 20.761 -6.77055 
83.4764 43.377 20.761 -6.7706 
85.6339 44.65 20.761 -6.77066 
53.2959 23.0504 20.761 -6.77035 
55.4534 24.3234 20.761 -6.77041 
57.6108 25.5964 20.761 -6.77045 
59.7683 26.8694 20.761 -6.77049 
61.9257 28.1423 20.761 -6.77051 
64.0832 29.4153 20.761 -6.77051 
66.2406 30.6883 20.761 -6.77051 
68.398 31.9613 20.761 -6.77051 
70.5555 33.2342 20.761 -6.7705 
72.7129 34.5072 20.761 -6.77049 
74.8704 35.7802 20.761 -6.77048 
77.0278 37.0532 20.761 -6.77048 
79.1852 38.3262 20.761 -6.77049 
81.3427 39.5991 20.761 -6.7705 
83.5001 40.8721 20.761 -6.77054 
85.6576 42.1451 20.761 -6.77058 
87.815 43.4181 20.761 -6.77065 
89.9725 44.691 20.761 -6.77074 
57.6345 23.0915 20.761 -6.77047 
59.792 24.3645 20.761 -6.7705 
61.9494 25.6375 20.761 -6.77052 
64.1069 26.9104 20.761 -6.77053 
66.2643 28.1834 20.761 -6.77052 
68.4217 29.4564 20.761 -6.77051 
70.5792 30.7294 20.761 -6.7705 
72.7366 32.0023 20.761 -6.77048 
74.8941 33.2753 20.761 -6.77046 
77.0515 34.5483 20.761 -6.77045 
79.209 35.8213 20.761 -6.77045 
81.3664 37.0942 20.761 -6.77045 
83.5238 38.3672 20.761 -6.77047 
85.6813 39.6402 20.761 -6.77051 
87.8387 40.9132 20.761 -6.77056 
89.9962 42.1861 20.761 -6.77063 
61.9731 23.1326 20.761 -6.77055 
64.1306 24.4055 20.761 -6.77055 
66.288 25.6785 20.761 -6.77054 
68.4455 26.9515 20.761 -6.77053 
70.6029 28.2245 20.761 -6.7705 
72.7603 29.4974 20.761 -6.77048 
74.9178 30.7704 20.761 -6.77045 
77.0752 32.0434 20.761 -6.77043 
79.2327 33.3164 20.761 -6.77041 
81.3901 34.5894 20.761 -6.7704 
83.5475 35.8623 20.761 -6.77041 
85.705 37.1353 20.761 -6.77043 
87.8624 38.4083 20.761 -6.77046 
66.3117 23.1736 20.761 -6.77058 
68.4692 24.4466 20.761 -6.77055 
70.6266 25.7196 20.761 -6.77052 
72.784 26.9926 20.761 -6.77048 
74.9415 28.2655 20.761 -6.77044 
77.0989 29.5385 20.761 -6.77041 
79.2564 30.8115 20.761 -6.77038 
81.4138 32.0845 20.761 -6.77036 
83.5713 33.3574 20.761 -6.77034 
85.7287 34.6304 20.761 -6.77035 
70.6503 23.2147 20.761 -6.77055 
72.8078 24.4877 20.761 -6.7705 
74.9652 25.7606 20.761 -6.77045 
77.1226 27.0336 20.761 -6.7704 
79.2801 28.3066 20.761 -6.77035 
81.4375 29.5796 20.761 -6.77031 
83.595 30.8526 20.761 -6.77029 
74.9889 23.2558 20.761 -6.77046 
77.1463 24.5287 20.761 -6.7704 
79.3038 25.8017 20.761 -6.77034 
81.4612 27.0747 20.761 -6.77028 
79.3275 23.2968 20.761 -6.77034 
39.8534 68.0152 20.761 -6.77129 
37.7197 64.2374 20.761 -6.77153 
39.8771 65.5103 20.761 -6.77132 
42.0346 66.7833 20.761 -6.7711 
44.192 68.0563 20.761 -6.77088 
35.5859 60.4595 20.761 -6.77167 
37.7434 61.7325 20.761 -6.77151 
39.9008 63.0055 20.761 -6.77133 
42.0583 64.2784 20.761 -6.77113 
44.2157 65.5514 20.761 -6.77093 
46.3732 66.8244 20.761 -6.77072 
48.5306 68.0974 20.761 -6.77051 
33.4522 56.6816 20.761 -6.77171 
35.6097 57.9546 20.761 -6.7716 
37.7671 59.2276 20.761 -6.77147 
39.9245 60.5006 20.761 -6.77131 
42.082 61.7735 20.761 -6.77115 
44.2394 63.0465 20.761 -6.77097 
46.3969 64.3195 20.761 -6.77078 
48.5543 65.5925 20.761 -6.77059 
50.7118 66.8654 20.761 -6.77039 
52.8692 68.1384 20.761 -6.77021 
31.3185 52.9038 20.761 -6.77165 
33.4759 54.1768 20.761 -6.77159 
35.6334 55.4497 20.761 -6.77151 
37.7908 56.7227 20.761 -6.7714 
39.9482 57.9957 20.761 -6.77128 
42.1057 59.2687 20.761 -6.77114 
44.2631 60.5416 20.761 -6.77098 
46.4206 61.8146 20.761 -6.77082 
48.578 63.0876 20.761 -6.77065 
50.7355 64.3606 20.761 -6.77048 
52.8929 65.6335 20.761 -6.77031 
55.0503 66.9065 20.761 -6.77014 
57.2078 68.1795 20.761 -6.76998 
29.1847 49.1259 20.761 -6.77148 
31.3422 50.3989 20.761 -6.77148 
33.4996 51.6719 20.761 -6.77145 
35.6571 52.9448 20.761 -6.77139 
37.8145 54.2178 20.761 -6.77132 
39.972 55.4908 20.761 -6.77122 
42.1294 56.7638 20.761 -6.77111 
44.2868 58.0367 20.761 -6.77098 
46.4443 59.3097 20.761 -6.77084 
48.6017 60.5827 20.761 -6.7707 
50.7592 61.8557 20.761 -6.77054 
52.9166 63.1286 20.761 -6.77039 
55.0741 64.4016 20.761 -6.77024 
57.2315 65.6746 20.761 -6.7701 
59.3889 66.9476 20.761 -6.76996 
61.5464 68.2206 20.761 -6.76984 
29.2085 46.621 20.761 -6.77127 
31.3659 47.894 20.761 -6.77129 
33.5233 49.167 20.761 -6.77128 
35.6808 50.44 20.761 -6.77126 
37.8382 51.7129 20.761 -6.77122 
39.9957 52.9859 20.761 -6.77115 
42.1531 54.2589 20.761 -6.77107 
44.3105 55.5319 20.761 -6.77097 
46.468 56.8048 20.761 -6.77085 
48.6254 58.0778 20.761 -6.77073 
50.7829 59.3508 20.761 -6.7706 
52.9403 60.6238 20.761 -6.77046 
55.0978 61.8967 20.761 -6.77033 
57.2552 63.1697 20.761 -6.7702 
59.4126 64.4427 20.761 -6.77008 
61.5701 65.7157 20.761 -6.76997 
63.7275 66.9886 20.761 -6.76987 
65.885 68.2616 20.761 -6.76979 
33.547 46.6621 20.761 -6.77111 
35.7045 47.9351 20.761 -6.77111 
37.8619 49.208 20.761 -6.77109 
40.0194 50.481 20.761 -6.77106 
42.1768 51.754 20.761 -6.771 
44.3343 53.027 20.761 -6.77093 
46.4917 54.2999 20.761 -6.77084 
48.6491 55.5729 20.761 -6.77074 
50.8066 56.8459 20.761 -6.77063 
52.964 58.1189 20.761 -6.77052 
55.1215 59.3918 20.761 -6.7704 
57.2789 60.6648 20.761 -6.77029 
59.4364 61.9378 20.761 -6.77018 
61.5938 63.2108 20.761 -6.77008 
63.7512 64.4838 20.761 -6.76999 
65.9087 65.7567 20.761 -6.76992 
68.0661 67.0297 20.761 -6.76986 
70.2236 68.3027 20.761 -6.76983 
37.8856 46.7032 20.761 -6.77096 
40.0431 47.9761 20.761 -6.77095 
42.2005 49.2491 20.761 -6.77092 
44.358 50.5221 20.761 -6.77088 
46.5154 51.7951 20.761 -6.77081 
48.6728 53.068 20.761 -6.77074 
50.8303 54.341 20.761 -6.77065 
52.9877 55.614 20.761 -6.77056 
55.1452 56.887 20.761 -6.77046 
57.3026 58.1599 20.761 -6.77036 
59.4601 59.4329 20.761 -6.77027 
61.6175 60.7059 20.761 -6.77018 
63.7749 61.9789 20.761 -6.7701 
65.9324 63.2518 20.761 -6.77004 
68.0898 64.5248 20.761 -6.76999 
70.2473 65.7978 20.761 -6.76995 
72.4047 67.0708 20.761 -6.76994 
74.5622 68.3437 20.761 -6.76995 
42.2242 46.7442 20.761 -6.77083 
44.3817 48.0172 20.761 -6.77081 
46.5391 49.2902 20.761 -6.77077 
48.6966 50.5631 20.761 -6.77072 
50.854 51.8361 20.761 -6.77066 
53.0114 53.1091 20.761 -6.77058 
55.1689 54.3821 20.761 -6.77051 
57.3263 55.655 20.761 -6.77043 
59.4838 56.928 20.761 -6.77035 
61.6412 58.201 20.761 -6.77027 
63.7987 59.474 20.761 -6.7702 
65.9561 60.747 20.761 -6.77014 
68.1135 62.0199 20.761 -6.7701 
70.271 63.2929 20.761 -6.77007 
72.4284 64.5659 20.761 -6.77006 
74.5859 65.8389 20.761 -6.77007 
76.7433 67.1118 20.761 -6.7701 
78.9008 68.3848 20.761 -6.77016 
46.5628 46.7853 20.761 -6.77072 
48.7203 48.0583 20.761 -6.77069 
50.8777 49.3312 20.761 -6.77065 
53.0351 50.6042 20.761 -6.7706 
55.1926 51.8772 20.761 -6.77054 
57.35 53.1502 20.761 -6.77047 
59.5075 54.4231 20.761 -6.77041 
61.6649 55.6961 20.761 -6.77034 
63.8224 56.9691 20.761 -6.77029 
65.9798 58.2421 20.761 -6.77024 
68.1372 59.515 20.761 -6.7702 
70.2947 60.788 20.761 -6.77017 
72.4521 62.061 20.761 -6.77017 
74.6096 63.334 20.761 -6.77018 
76.767 64.6069 20.761 -6.77021 
78.9245 65.8799 20.761 -6.77027 
81.0819 67.1529 20.761 -6.77035 
83.2393 68.4259 20.761 -6.77045 
50.9014 46.8263 20.761 -6.77062 
53.0589 48.0993 20.761 -6.77059 
55.2163 49.3723 20.761 -6.77055 
57.3737 50.6453 20.761 -6.7705 
59.5312 51.9182 20.761 -6.77045 
61.6886 53.1912 20.761 -6.7704 
63.8461 54.4642 20.761 -6.77036 
66.0035 55.7372 20.761 -6.77031 
68.161 57.0102 20.761 -6.77028 
70.3184 58.2831 20.761 -6.77026 
72.4758 59.5561 20.761 -6.77026 
74.6333 60.8291 20.761 -6.77027 
76.7907 62.1021 20.761 -6.7703 
78.9482 63.375 20.761 -6.77036 
81.1056 64.648 20.761 -6.77044 
83.2631 65.921 20.761 -6.77054 
85.4205 67.194 20.761 -6.77066 
87.5779 68.4669 20.761 -6.77081 
55.24 46.8674 20.761 -6.77055 
57.3975 48.1404 20.761 -6.77052 
59.5549 49.4134 20.761 -6.77049 
61.7123 50.6863 20.761 -6.77045 
63.8698 51.9593 20.761 -6.77041 
66.0272 53.2323 20.761 -6.77038 
68.1847 54.5053 20.761 -6.77035 
70.3421 55.7782 20.761 -6.77034 
72.4995 57.0512 20.761 -6.77034 
74.657 58.3242 20.761 -6.77035 
76.8144 59.5972 20.761 -6.77038 
78.9719 60.8701 20.761 -6.77044 
81.1293 62.1431 20.761 -6.77051 
83.2868 63.4161 20.761 -6.77061 
85.4442 64.6891 20.761 -6.77073 
87.6016 65.962 20.761 -6.77088 
89.7591 67.235 20.761 -6.77104 
91.9165 68.508 20.761 -6.77123 
59.5786 46.9085 20.761 -6.77051 
61.736 48.1814 20.761 -6.77048 
63.8935 49.4544 20.761 -6.77045 
66.0509 50.7274 20.761 -6.77043 
68.2084 52.0004 20.761 -6.77041 
70.3658 53.2734 20.761 -6.7704 
72.5233 54.5463 20.761 -6.7704 
74.6807 55.8193 20.761 -6.77041 
76.8381 57.0923 20.761 -6.77045 
78.9956 58.3653 20.761 -6.7705 
81.153 59.6382 20.761 -6.77057 
83.3105 60.9112 20.761 -6.77066 
85.4679 62.1842 20.761 -6.77078 
87.6254 63.4572 20.761 -6.77092 
89.7828 64.7301 20.761 -6.77109 
91.9402 66.0031 20.761 -6.77127 
94.0977 67.2761 20.761 -6.77147 
96.2551 68.5491 20.761 -6.77168 
63.9172 46.9495 20.761 -6.77048 
66.0746 48.2225 20.761 -6.77046 
68.2321 49.4955 20.761 -6.77045 
70.3895 50.7685 20.761 -6.77044 
72.547 52.0414 20.761 -6.77045 
74.7044 53.3144 20.761 -6.77046 
76.8618 54.5874 20.761 -6.77049 
79.0193 55.8604 20.761 -6.77054 
81.1767 57.1333 20.761 -6.77061 
83.3342 58.4063 20.761 -6.7707 
85.4916 59.6793 20.761 -6.77082 
87.6491 60.9523 20.761 -6.77095 
89.8065 62.2252 20.761 -6.77111 
91.9639 63.4982 20.761 -6.77129 
94.1214 64.7712 20.761 -6.77148 
96.2788 66.0442 20.761 -6.77169 
98.4363 67.3171 20.761 -6.77192 
100.594 68.5901 20.761 -6.77215 
68.2558 46.9906 20.761 -6.77048 
70.4132 48.2636 20.761 -6.77048 
72.5707 49.5366 20.761 -6.77048 
74.7281 50.8095 20.761 -6.7705 
76.8856 52.0825 20.761 -6.77053 
79.043 53.3555 20.761 -6.77057 
81.2004 54.6285 20.761 -6.77064 
83.3579 55.9014 20.761 -6.77072 
85.5153 57.1744 20.761 -6.77083 
87.6728 58.4474 20.761 -6.77096 
89.8302 59.7204 20.761 -6.77111 
91.9877 60.9933 20.761 -6.77128 
94.1451 62.2663 20.761 -6.77148 
96.3025 63.5393 20.761 -6.77168 
98.46 64.8123 20.761 -6.7719 
100.617 66.0852 20.761 -6.77213 
102.775 67.3582 20.761 -6.77237 
104.932 68.6312 20.761 -6.7726 
72.5944 47.0317 20.761 -6.7705 
74.7518 48.3046 20.761 -6.77052 
76.9093 49.5776 20.761 -6.77055 
79.0667 50.8506 20.761 -6.77059 
81.2241 52.1236 20.761 -6.77065 
83.3816 53.3965 20.761 -6.77073 
85.539 54.6695 20.761 -6.77083 
87.6965 55.9425 20.761 -6.77095 
89.8539 57.2155 20.761 -6.77109 
92.0114 58.4884 20.761 -6.77126 
94.1688 59.7614 20.761 -6.77145 
96.3262 61.0344 20.761 -6.77165 
98.4837 62.3074 20.761 -6.77187 
100.641 63.5803 20.761 -6.77209 
102.799 64.8533 20.761 -6.77233 
76.933 47.0727 20.761 -6.77055 
79.0904 48.3457 20.761 -6.77059 
81.2479 49.6187 20.761 -6.77064 
83.4053 50.8917 20.761 -6.77072 
85.5627 52.1646 20.761 -6.77081 
87.7202 53.4376 20.761 -6.77092 
89.8776 54.7106 20.761 -6.77106 
92.0351 55.9836 20.761 -6.77122 
94.1925 57.2565 20.761 -6.77139 
96.35 58.5295 20.761 -6.77159 
98.5074 59.8025 20.761 -6.7718 
100.665 61.0755 20.761 -6.77203 
81.2716 47.1138 20.761 -6.77062 
83.429 48.3868 20.761 -6.77069 
85.5865 49.6597 20.761 -6.77077 
87.7439 50.9327 20.761 -6.77088 
89.9013 52.2057 20.761 -6.771 
92.0588 53.4787 20.761 -6.77115 
94.2162 54.7516 20.761 -6.77132 
96.3737 56.0246 20.761 -6.77151 
98.5311 57.2976 20.761 -6.77171 
83.4527 45.8819 20.761 -6.77065 
85.6102 47.1549 20.761 -6.77072 
87.7676 48.4278 20.761 -6.77081 
89.925 49.7008 20.761 -6.77093 
92.0825 50.9738 20.761 -6.77107 
94.2399 52.2468 20.761 -6.77122 
96.3974 53.5197 20.761 -6.7714 
87.7913 45.9229 20.761 -6.77074 
89.9488 47.1959 20.761 -6.77084 
92.1062 48.4689 20.761 -6.77097 
94.2636 49.7419 20.761 -6.77111 
92.1299 45.964 20.761 -6.77085 
52.6558 90.6824 20.761 -6.76891 
50.5221 86.9046 20.761 -6.76934 
52.6795 88.1775 20.761 -6.76908 
54.837 89.4505 20.761 -6.76884 
56.9944 90.7235 20.761 -6.76863 
48.3884 83.1267 20.761 -6.76977 
50.5458 84.3997 20.761 -6.7695 
52.7032 85.6726 20.761 -6.76924 
54.8607 86.9456 20.761 -6.769 
57.0181 88.2186 20.761 -6.76879 
59.1756 89.4916 20.761 -6.7686 
61.333 90.7645 20.761 -6.76844 
46.2546 79.3488 20.761 -6.77021 
48.4121 80.6218 20.761 -6.76992 
50.5695 81.8948 20.761 -6.76965 
52.7269 83.1678 20.761 -6.7694 
54.8844 84.4407 20.761 -6.76916 
57.0418 85.7137 20.761 -6.76895 
59.1993 86.9867 20.761 -6.76876 
61.3567 88.2597 20.761 -6.7686 
63.5142 89.5326 20.761 -6.76847 
65.6716 90.8056 20.761 -6.76837 
44.1209 75.571 20.761 -6.77062 
46.2783 76.8439 20.761 -6.77034 
48.4358 78.1169 20.761 -6.77006 
50.5932 79.3899 20.761 -6.7698 
52.7507 80.6629 20.761 -6.76955 
54.9081 81.9358 20.761 -6.76932 
57.0655 83.2088 20.761 -6.76911 
59.223 84.4818 20.761 -6.76893 
61.3804 85.7548 20.761 -6.76877 
63.5379 87.0277 20.761 -6.76863 
65.6953 88.3007 20.761 -6.76853 
67.8527 89.5737 20.761 -6.76846 
70.0102 90.8467 20.761 -6.76841 
41.9871 71.7931 20.761 -6.77098 
44.1446 73.0661 20.761 -6.77072 
46.302 74.339 20.761 -6.77045 
48.4595 75.612 20.761 -6.77019 
50.6169 76.885 20.761 -6.76994 
52.7744 78.158 20.761 -6.7697 
54.9318 79.431 20.761 -6.76948 
57.0892 80.7039 20.761 -6.76927 
59.2467 81.9769 20.761 -6.76909 
61.4041 83.2499 20.761 -6.76893 
63.5616 84.5229 20.761 -6.7688 
65.719 85.7958 20.761 -6.76869 
67.8765 87.0688 20.761 -6.76862 
70.0339 88.3418 20.761 -6.76857 
72.1913 89.6148 20.761 -6.76855 
74.3488 90.8877 20.761 -6.76856 
42.0109 69.2882 20.761 -6.77105 
44.1683 70.5612 20.761 -6.77081 
46.3257 71.8342 20.761 -6.77056 
48.4832 73.1071 20.761 -6.77031 
50.6406 74.3801 20.761 -6.77007 
52.7981 75.6531 20.761 -6.76984 
54.9555 76.9261 20.761 -6.76963 
57.113 78.199 20.761 -6.76943 
59.2704 79.472 20.761 -6.76925 
61.4278 80.745 20.761 -6.76909 
63.5853 82.018 20.761 -6.76896 
65.7427 83.2909 20.761 -6.76886 
67.9002 84.5639 20.761 -6.76878 
70.0576 85.8369 20.761 -6.76874 
72.215 87.1099 20.761 -6.76872 
74.3725 88.3828 20.761 -6.76873 
76.5299 89.6558 20.761 -6.76876 
78.6874 90.9288 20.761 -6.76882 
46.3494 69.3293 20.761 -6.77065 
48.5069 70.6022 20.761 -6.77042 
50.6643 71.8752 20.761 -6.77019 
52.8218 73.1482 20.761 -6.76997 
54.9792 74.4212 20.761 -6.76977 
57.1367 75.6942 20.761 -6.76958 
59.2941 76.9671 20.761 -6.76941 
61.4515 78.2401 20.761 -6.76925 
63.609 79.5131 20.761 -6.76913 
65.7664 80.7861 20.761 -6.76903 
67.9239 82.059 20.761 -6.76895 
70.0813 83.332 20.761 -6.7689 
72.2388 84.605 20.761 -6.76888 
74.3962 85.878 20.761 -6.76889 
76.5536 87.1509 20.761 -6.76893 
78.7111 88.4239 20.761 -6.76899 
80.8685 89.6969 20.761 -6.76907 
83.026 90.9699 20.761 -6.76918 
50.688 69.3703 20.761 -6.7703 
52.8455 70.6433 20.761 -6.7701 
55.0029 71.9163 20.761 -6.7699 
57.1604 73.1893 20.761 -6.76972 
59.3178 74.4622 20.761 -6.76956 
61.4753 75.7352 20.761 -6.76941 
63.6327 77.0082 20.761 -6.76929 
65.7901 78.2812 20.761 -6.76919 
67.9476 79.5541 20.761 -6.76911 
70.105 80.8271 20.761 -6.76907 
72.2625 82.1001 20.761 -6.76905 
74.4199 83.3731 20.761 -6.76906 
76.5774 84.646 20.761 -6.76909 
78.7348 85.919 20.761 -6.76915 
80.8922 87.192 20.761 -6.76924 
83.0497 88.465 20.761 -6.76935 
85.2071 89.7379 20.761 -6.76948 
87.3646 91.0109 20.761 -6.76962 
55.0266 69.4114 20.761 -6.77003 
57.1841 70.6844 20.761 -6.76986 
59.3415 71.9574 20.761 -6.7697 
61.499 73.2303 20.761 -6.76956 
63.6564 74.5033 20.761 -6.76944 
65.8138 75.7763 20.761 -6.76935 
67.9713 77.0493 20.761 -6.76928 
70.1287 78.3222 20.761 -6.76923 
72.2862 79.5952 20.761 -6.76921 
74.4436 80.8682 20.761 -6.76922 
76.6011 82.1412 20.761 -6.76925 
78.7585 83.4141 20.761 -6.76932 
80.9159 84.6871 20.761 -6.7694 
83.0734 85.9601 20.761 -6.76951 
85.2308 87.2331 20.761 -6.76964 
87.3883 88.506 20.761 -6.76979 
89.5457 89.779 20.761 -6.76995 
91.7032 91.052 20.761 -6.77013 
59.3652 69.4525 20.761 -6.76984 
61.5227 70.7254 20.761 -6.76971 
63.6801 71.9984 20.761 -6.76959 
65.8376 73.2714 20.761 -6.7695 
67.995 74.5444 20.761 -6.76943 
70.1524 75.8173 20.761 -6.76939 
72.3099 77.0903 20.761 -6.76937 
74.4673 78.3633 20.761 -6.76938 
76.6248 79.6363 20.761 -6.76941 
78.7822 80.9092 20.761 -6.76948 
80.9397 82.1822 20.761 -6.76956 
83.0971 83.4552 20.761 -6.76967 
85.2545 84.7282 20.761 -6.7698 
87.412 86.0011 20.761 -6.76995 
89.5694 87.2741 20.761 -6.77012 
91.7269 88.5471 20.761 -6.7703 
93.8843 89.8201 20.761 -6.77048 
96.0417 91.0931 20.761 -6.77067 
63.7038 69.4935 20.761 -6.76974 
65.8613 70.7665 20.761 -6.76965 
68.0187 72.0395 20.761 -6.76959 
70.1761 73.3125 20.761 -6.76954 
72.3336 74.5854 20.761 -6.76953 
74.491 75.8584 20.761 -6.76953 
76.6485 77.1314 20.761 -6.76957 
78.8059 78.4044 20.761 -6.76963 
80.9634 79.6773 20.761 -6.76972 
83.1208 80.9503 20.761 -6.76983 
85.2782 82.2233 20.761 -6.76996 
87.4357 83.4963 20.761 -6.77011 
89.5931 84.7692 20.761 -6.77028 
91.7506 86.0422 20.761 -6.77046 
93.908 87.3152 20.761 -6.77065 
96.0655 88.5882 20.761 -6.77085 
98.2229 89.8611 20.761 -6.77104 
100.38 91.1341 20.761 -6.77124 
68.0424 69.5346 20.761 -6.76973 
70.1999 70.8076 20.761 -6.76969 
72.3573 72.0805 20.761 -6.76967 
74.5147 73.3535 20.761 -6.76968 
76.6722 74.6265 20.761 -6.76972 
78.8296 75.8995 20.761 -6.76978 
80.9871 77.1724 20.761 -6.76986 
83.1445 78.4454 20.761 -6.76997 
85.302 79.7184 20.761 -6.77011 
87.4594 80.9914 20.761 -6.77026 
89.6168 82.2643 20.761 -6.77043 
91.7743 83.5373 20.761 -6.77061 
93.9317 84.8103 20.761 -6.77081 
96.0892 86.0833 20.761 -6.77101 
98.2466 87.3563 20.761 -6.77121 
100.404 88.6292 20.761 -6.77141 
102.561 89.9022 20.761 -6.77161 
104.719 91.1752 20.761 -6.7718 
72.381 69.5757 20.761 -6.76981 
74.5384 70.8486 20.761 -6.76982 
76.6959 72.1216 20.761 -6.76986 
78.8533 73.3946 20.761 -6.76992 
81.0108 74.6676 20.761 -6.77 
83.1682 75.9405 20.761 -6.77011 
85.3257 77.2135 20.761 -6.77024 
87.4831 78.4865 20.761 -6.7704 
89.6405 79.7595 20.761 -6.77057 
91.798 81.0324 20.761 -6.77076 
93.9554 82.3054 20.761 -6.77095 
96.1129 83.5784 20.761 -6.77116 
98.2703 84.8514 20.761 -6.77137 
100.428 86.1243 20.761 -6.77157 
102.585 87.3973 20.761 -6.77178 
104.743 88.6703 20.761 -6.77197 
106.9 89.9433 20.761 -6.77215 
109.058 91.2162 20.761 -6.77232 
76.7196 69.6167 20.761 -6.76999 
78.877 70.8897 20.761 -6.77005 
81.0345 72.1627 20.761 -6.77013 
83.1919 73.4356 20.761 -6.77024 
85.3494 74.7086 20.761 -6.77037 
87.5068 75.9816 20.761 -6.77052 
89.6643 77.2546 20.761 -6.7707 
91.8217 78.5275 20.761 -6.77088 
93.9791 79.8005 20.761 -6.77108 
96.1366 81.0735 20.761 -6.77129 
98.294 82.3465 20.761 -6.7715 
100.451 83.6195 20.761 -6.77172 
102.609 84.8924 20.761 -6.77193 
104.766 86.1654 20.761 -6.77213 
106.924 87.4384 20.761 -6.77232 
109.081 88.7114 20.761 -6.77249 
111.239 89.9843 20.761 -6.77265 
113.396 91.2573 20.761 -6.77279 
81.0582 69.6578 20.761 -6.77025 
83.2156 70.9308 20.761 -6.77035 
85.3731 72.2037 20.761 -6.77048 
87.5305 73.4767 20.761 -6.77064 
89.688 74.7497 20.761 -6.77081 
91.8454 76.0227 20.761 -6.771 
94.0028 77.2956 20.761 -6.7712 
96.1603 78.5686 20.761 -6.77141 
98.3177 79.8416 20.761 -6.77163 
100.475 81.1146 20.761 -6.77184 
102.633 82.3875 20.761 -6.77206 
104.79 83.6605 20.761 -6.77227 
106.948 84.9335 20.761 -6.77246 
109.105 86.2065 20.761 -6.77265 
111.262 87.4794 20.761 -6.77281 
113.42 88.7524 20.761 -6.77296 
115.577 90.0254 20.761 -6.77308 
117.735 91.2984 20.761 -6.77318 
85.3968 69.6988 20.761 -6.77058 
87.5542 70.9718 20.761 -6.77073 
89.7117 72.2448 20.761 -6.7709 
91.8691 73.5178 20.761 -6.77109 
94.0266 74.7907 20.761 -6.77129 
96.184 76.0637 20.761 -6.77151 
98.3414 77.3367 20.761 -6.77173 
100.499 78.6097 20.761 -6.77195 
102.656 79.8827 20.761 -6.77217 
104.814 81.1556 20.761 -6.77238 
106.971 82.4286 20.761 -6.77259 
109.129 83.7016 20.761 -6.77278 
111.286 84.9746 20.761 -6.77295 
113.444 86.2475 20.761 -6.77311 
115.601 87.5205 20.761 -6.77324 
89.7354 69.7399 20.761 -6.77098 
91.8928 71.0129 20.761 -6.77117 
94.0503 72.2859 20.761 -6.77137 
96.2077 73.5588 20.761 -6.77159 
98.3651 74.8318 20.761 -6.77181 
100.523 76.1048 20.761 -6.77203 
102.68 77.3778 20.761 -6.77226 
104.837 78.6507 20.761 -6.77248 
106.995 79.9237 20.761 -6.77269 
109.152 81.1967 20.761 -6.77288 
111.31 82.4697 20.761 -6.77307 
113.467 83.7426 20.761 -6.77323 
94.074 69.781 20.761 -6.77143 
96.2314 71.0539 20.761 -6.77164 
98.3889 72.3269 20.761 -6.77187 
100.546 73.5999 20.761 -6.77209 
102.704 74.8729 20.761 -6.77232 
104.861 76.1459 20.761 -6.77255 
107.019 77.4188 20.761 -6.77276 
109.176 78.6918 20.761 -6.77297 
111.334 79.9648 20.761 -6.77316 
98.4126 69.822 20.761 -6.7719 
100.57 71.095 20.761 -6.77213 
102.727 72.368 20.761 -6.77236 
104.885 73.641 20.761 -6.77259 
107.042 74.9139 20.761 -6.77281 
109.2 76.1869 20.761 -6.77302 
102.751 69.8631 20.761 -6.77238 
104.909 71.1361 20.761 -6.77261 
107.066 72.4091 20.761 -6.77284 
65.4582 113.35 20.761 -6.7675 
63.3245 109.572 20.761 -6.76756 
65.4819 110.845 20.761 -6.76753 
67.6394 112.118 20.761 -6.76752 
69.7968 113.391 20.761 -6.76753 
61.1908 105.794 20.761 -6.7677 
63.3482 107.067 20.761 -6.76762 
65.5056 108.34 20.761 -6.76757 
67.6631 109.613 20.761 -6.76755 
69.8205 110.886 20.761 -6.76755 
71.978 112.159 20.761 -6.76758 
74.1354 113.432 20.761 -6.76763 
59.057 102.016 20.761 -6.76791 
61.2145 103.289 20.761 -6.76778 
63.3719 104.562 20.761 -6.7677 
65.5293 105.835 20.761 -6.76764 
67.6868 107.108 20.761 -6.76761 
69.8442 108.381 20.761 -6.7676 
72.0017 109.654 20.761 -6.76762 
74.1591 110.927 20.761 -6.76766 
76.3166 112.2 20.761 -6.76772 
78.474 113.473 20.761 -6.76781 
56.9233 98.2381 20.761 -6.76818 
59.0807 99.5111 20.761 -6.76802 
61.2382 100.784 20.761 -6.76789 
63.3956 102.057 20.761 -6.76779 
65.5531 103.33 20.761 -6.76772 
67.7105 104.603 20.761 -6.76768 
69.8679 105.876 20.761 -6.76767 
72.0254 107.149 20.761 -6.76768 
74.1828 108.422 20.761 -6.76772 
76.3403 109.695 20.761 -6.76777 
78.4977 110.968 20.761 -6.76785 
80.6552 112.241 20.761 -6.76795 
82.8126 113.514 20.761 -6.76806 
54.7896 94.4603 20.761 -6.76852 
56.947 95.7333 20.761 -6.76832 
59.1044 97.0062 20.761 -6.76815 
61.2619 98.2792 20.761 -6.76801 
63.4193 99.5522 20.761 -6.7679 
65.5768 100.825 20.761 -6.76782 
67.7342 102.098 20.761 -6.76777 
69.8917 103.371 20.761 -6.76775 
72.0491 104.644 20.761 -6.76776 
74.2065 105.917 20.761 -6.76779 
76.364 107.19 20.761 -6.76784 
78.5214 108.463 20.761 -6.76792 
80.6789 109.736 20.761 -6.76801 
82.8363 111.009 20.761 -6.76812 
84.9937 112.282 20.761 -6.76824 
87.1512 113.555 20.761 -6.76838 
54.8133 91.9554 20.761 -6.76868 
56.9707 93.2284 20.761 -6.76847 
59.1281 94.5013 20.761 -6.76829 
61.2856 95.7743 20.761 -6.76814 
63.443 97.0473 20.761 -6.76803 
65.6005 98.3203 20.761 -6.76794 
67.7579 99.5932 20.761 -6.76789 
69.9154 100.866 20.761 -6.76786 
72.0728 102.139 20.761 -6.76786 
74.2302 103.412 20.761 -6.76788 
76.3877 104.685 20.761 -6.76793 
78.5451 105.958 20.761 -6.768 
80.7026 107.231 20.761 -6.76809 
82.86 108.504 20.761 -6.7682 
85.0175 109.777 20.761 -6.76832 
87.1749 111.05 20.761 -6.76846 
89.3323 112.323 20.761 -6.7686 
91.4898 113.596 20.761 -6.76876 
59.1519 91.9965 20.761 -6.76844 
61.3093 93.2694 20.761 -6.76829 
63.4667 94.5424 20.761 -6.76817 
65.6242 95.8154 20.761 -6.76807 
67.7816 97.0884 20.761 -6.76801 
69.9391 98.3613 20.761 -6.76798 
72.0965 99.6343 20.761 -6.76797 
74.254 100.907 20.761 -6.76799 
76.4114 102.18 20.761 -6.76804 
78.5688 103.453 20.761 -6.76811 
80.7263 104.726 20.761 -6.7682 
82.8837 105.999 20.761 -6.7683 
85.0412 107.272 20.761 -6.76842 
87.1986 108.545 20.761 -6.76856 
89.356 109.818 20.761 -6.7687 
91.5135 111.091 20.761 -6.76886 
93.6709 112.364 20.761 -6.76901 
95.8284 113.637 20.761 -6.76918 
63.4904 92.0375 20.761 -6.76832 
65.6479 93.3105 20.761 -6.76822 
67.8053 94.5835 20.761 -6.76815 
69.9628 95.8564 20.761 -6.76811 
72.1202 97.1294 20.761 -6.7681 
74.2777 98.4024 20.761 -6.76812 
76.4351 99.6754 20.761 -6.76816 
78.5925 100.948 20.761 -6.76823 
80.75 102.221 20.761 -6.76831 
82.9074 103.494 20.761 -6.76842 
85.0649 104.767 20.761 -6.76854 
87.2223 106.04 20.761 -6.76868 
89.3798 107.313 20.761 -6.76882 
91.5372 108.586 20.761 -6.76898 
93.6946 109.859 20.761 -6.76914 
95.8521 111.132 20.761 -6.7693 
98.0095 112.405 20.761 -6.76946 
100.167 113.678 20.761 -6.76962 
67.829 92.0786 20.761 -6.7683 
69.9865 93.3516 20.761 -6.76826 
72.1439 94.6245 20.761 -6.76825 
74.3014 95.8975 20.761 -6.76826 
76.4588 97.1705 20.761 -6.7683 
78.6163 98.4435 20.761 -6.76836 
80.7737 99.7164 20.761 -6.76845 
82.9311 100.989 20.761 -6.76855 
85.0886 102.262 20.761 -6.76868 
87.246 103.535 20.761 -6.76881 
89.4035 104.808 20.761 -6.76896 
91.5609 106.081 20.761 -6.76911 
93.7183 107.354 20.761 -6.76927 
95.8758 108.627 20.761 -6.76944 
98.0332 109.9 20.761 -6.7696 
100.191 111.173 20.761 -6.76976 
102.348 112.446 20.761 -6.76992 
104.506 113.719 20.761 -6.77007 
72.1676 92.1196 20.761 -6.7684 
74.3251 93.3926 20.761 -6.76841 
76.4825 94.6656 20.761 -6.76845 
78.64 95.9386 20.761 -6.76851 
80.7974 97.2115 20.761 -6.76859 
82.9548 98.4845 20.761 -6.7687 
85.1123 99.7575 20.761 -6.76882 
87.2697 101.03 20.761 -6.76896 
89.4272 102.303 20.761 -6.76911 
91.5846 103.576 20.761 -6.76926 
93.7421 104.849 20.761 -6.76943 
95.8995 106.122 20.761 -6.76959 
98.0569 107.395 20.761 -6.76976 
100.214 108.668 20.761 -6.76992 
102.372 109.941 20.761 -6.77008 
104.529 111.214 20.761 -6.77023 
106.687 112.487 20.761 -6.77037 
108.844 113.76 20.761 -6.7705 
76.5062 92.1607 20.761 -6.7686 
78.6637 93.4337 20.761 -6.76866 
80.8211 94.7067 20.761 -6.76875 
82.9786 95.9796 20.761 -6.76885 
85.136 97.2526 20.761 -6.76898 
87.2934 98.5256 20.761 -6.76912 
89.4509 99.7986 20.761 -6.76927 
91.6083 101.072 20.761 -6.76943 
93.7658 102.345 20.761 -6.76959 
95.9232 103.617 20.761 -6.76976 
98.0807 104.89 20.761 -6.76993 
100.238 106.163 20.761 -6.7701 
102.396 107.436 20.761 -6.77026 
104.553 108.709 20.761 -6.77041 
106.71 109.982 20.761 -6.77055 
108.868 111.255 20.761 -6.77068 
111.025 112.528 20.761 -6.7708 
113.183 113.801 20.761 -6.7709 
80.8448 92.2018 20.761 -6.76891 
83.0023 93.4747 20.761 -6.76902 
85.1597 94.7477 20.761 -6.76914 
87.3171 96.0207 20.761 -6.76928 
89.4746 97.2937 20.761 -6.76943 
91.632 98.5667 20.761 -6.7696 
93.7895 99.8396 20.761 -6.76977 
95.9469 101.113 20.761 -6.76994 
98.1044 102.386 20.761 -6.77011 
100.262 103.659 20.761 -6.77028 
102.419 104.932 20.761 -6.77045 
104.577 106.205 20.761 -6.7706 
106.734 107.477 20.761 -6.77075 
108.892 108.75 20.761 -6.77088 
111.049 110.023 20.761 -6.771 
113.206 111.296 20.761 -6.7711 
115.364 112.569 20.761 -6.77118 
117.521 113.842 20.761 -6.77125 
85.1834 92.2428 20.761 -6.76931 
87.3409 93.5158 20.761 -6.76945 
89.4983 94.7888 20.761 -6.76961 
91.6557 96.0618 20.761 -6.76977 
93.8132 97.3347 20.761 -6.76995 
95.9706 98.6077 20.761 -6.77012 
98.1281 99.8807 20.761 -6.7703 
100.286 101.154 20.761 -6.77048 
102.443 102.427 20.761 -6.77064 
104.6 103.7 20.761 -6.7708 
106.758 104.973 20.761 -6.77095 
108.915 106.246 20.761 -6.77109 
111.073 107.519 20.761 -6.77121 
113.23 108.792 20.761 -6.77131 
115.388 110.064 20.761 -6.77139 
117.545 111.337 20.761 -6.77146 
119.702 112.61 20.761 -6.7715 
121.86 113.883 20.761 -6.77153 
89.522 92.2839 20.761 -6.76978 
91.6794 93.5569 20.761 -6.76995 
93.8369 94.8299 20.761 -6.77013 
95.9943 96.1028 20.761 -6.77031 
98.1518 97.3758 20.761 -6.77049 
100.309 98.6488 20.761 -6.77067 
102.467 99.9218 20.761 -6.77084 
104.624 101.195 20.761 -6.77101 
106.782 102.468 20.761 -6.77116 
108.939 103.741 20.761 -6.7713 
111.096 105.014 20.761 -6.77142 
113.254 106.287 20.761 -6.77153 
115.411 107.56 20.761 -6.77161 
117.569 108.833 20.761 -6.77168 
119.726 110.106 20.761 -6.77172 
121.884 111.379 20.761 -6.77174 
124.041 112.652 20.761 -6.77174 
126.199 113.924 20.761 -6.77172 
93.8606 92.325 20.761 -6.77031 
96.018 93.5979 20.761 -6.77049 
98.1755 94.8709 20.761 -6.77068 
100.333 96.1439 20.761 -6.77087 
102.49 97.4169 20.761 -6.77104 
104.648 98.6898 20.761 -6.77121 
106.805 99.9628 20.761 -6.77137 
108.963 101.236 20.761 -6.77151 
111.12 102.509 20.761 -6.77164 
113.278 103.782 20.761 -6.77175 
115.435 105.055 20.761 -6.77184 
117.592 106.328 20.761 -6.77191 
119.75 107.601 20.761 -6.77195 
121.907 108.874 20.761 -6.77197 
124.065 110.147 20.761 -6.77197 
126.222 111.42 20.761 -6.77194 
128.38 112.693 20.761 -6.77189 
130.537 113.966 20.761 -6.77181 
98.1992 92.366 20.761 -6.77087 
100.357 93.639 20.761 -6.77106 
102.514 94.912 20.761 -6.77124 
104.672 96.185 20.761 -6.77142 
106.829 97.4579 20.761 -6.77158 
108.986 98.7309 20.761 -6.77173 
111.144 100.004 20.761 -6.77186 
113.301 101.277 20.761 -6.77197 
115.459 102.55 20.761 -6.77207 
117.616 103.823 20.761 -6.77214 
119.774 105.096 20.761 -6.77218 
121.931 106.369 20.761 -6.77221 
124.088 107.642 20.761 -6.7722 
126.246 108.915 20.761 -6.77218 
128.403 110.188 20.761 -6.77212 
102.538 92.4071 20.761 -6.77143 
104.695 93.6801 20.761 -6.77161 
106.853 94.953 20.761 -6.77178 
109.01 96.226 20.761 -6.77194 
111.168 97.499 20.761 -6.77208 
113.325 98.772 20.761 -6.77219 
115.482 100.045 20.761 -6.77229 
117.64 101.318 20.761 -6.77236 
119.797 102.591 20.761 -6.77241 
121.955 103.864 20.761 -6.77244 
124.112 105.137 20.761 -6.77244 
126.27 106.41 20.761 -6.77241 
106.876 92.4482 20.761 -6.77198 
109.034 93.7211 20.761 -6.77214 
111.191 94.9941 20.761 -6.77228 
113.349 96.2671 20.761 -6.77241 
115.506 97.5401 20.761 -6.77251 
117.664 98.813 20.761 -6.77259 
119.821 100.086 20.761 -6.77264 
121.978 101.359 20.761 -6.77267 
124.136 102.632 20.761 -6.77267 
111.215 92.4892 20.761 -6.77247 
113.372 93.7622 20.761 -6.77261 
115.53 95.0352 20.761 -6.77272 
117.687 96.3081 20.761 -6.7728 
119.845 97.5811 20.761 -6.77286 
122.002 98.8541 20.761 -6.7729 
115.554 92.5303 20.761 -6.77291 
117.711 93.8033 20.761 -6.773 
119.868 95.0762 20.761 -6.77307 
79.3512 20.7919 20.761 -6.77035 
81.5086 22.0649 20.761 -6.77026 
77.2175 17.0141 20.761 -6.7705 
79.3749 18.287 20.761 -6.77038 
81.5324 19.56 20.761 -6.77027 
83.6898 20.833 20.761 -6.77017 
85.8472 22.106 20.761 -6.77007 
75.0837 13.2362 20.761 -6.7707 
77.2412 14.5092 20.761 -6.77057 
79.3986 15.7822 20.761 -6.77044 
81.5561 17.0551 20.761 -6.7703 
83.7135 18.3281 20.761 -6.77018 
85.8709 19.6011 20.761 -6.77006 
88.0284 20.8741 20.761 -6.76995 
90.1858 22.147 20.761 -6.76986 
72.95 9.45835 20.761 -6.77096 
75.1074 10.7313 20.761 -6.77082 
77.2649 12.0043 20.761 -6.77066 
79.4223 13.2773 20.761 -6.77051 
81.5798 14.5502 20.761 -6.77036 
83.7372 15.8232 20.761 -6.77021 
85.8947 17.0962 20.761 -6.77007 
88.0521 18.3692 20.761 -6.76994 
90.2095 19.6422 20.761 -6.76983 
92.367 20.9151 20.761 -6.76973 
94.5244 22.1881 20.761 -6.76965 
70.8163 5.68048 20.761 -6.77126 
72.9737 6.95346 20.761 -6.77111 
75.1312 8.22643 20.761 -6.77095 
77.2886 9.49941 20.761 -6.77078 
79.446 10.7724 20.761 -6.77061 
81.6035 12.0454 20.761 -6.77044 
83.7609 13.3183 20.761 -6.77027 
85.9184 14.5913 20.761 -6.7701 
88.0758 15.8643 20.761 -6.76995 
90.2333 17.1373 20.761 -6.76981 
92.3907 18.4102 20.761 -6.76969 
94.5481 19.6832 20.761 -6.76959 
96.7056 20.9562 20.761 -6.7695 
98.863 22.2292 20.761 -6.76944 
68.6825 1.90262 20.761 -6.77159 
70.84 3.1756 20.761 -6.77145 
72.9974 4.44857 20.761 -6.77128 
75.1549 5.72155 20.761 -6.77111 
77.3123 6.99452 20.761 -6.77092 
79.4697 8.2675 20.761 -6.77073 
81.6272 9.54047 20.761 -6.77054 
83.7846 10.8135 20.761 -6.77035 
85.9421 12.0864 20.761 -6.77016 
88.0995 13.3594 20.761 -6.76999 
90.257 14.6324 20.761 -6.76982 
92.4144 15.9054 20.761 -6.76967 
94.5718 17.1783 20.761 -6.76954 
96.7293 18.4513 20.761 -6.76943 
98.8867 19.7243 20.761 -6.76935 
101.044 20.9973 20.761 -6.76929 
103.202 22.2702 20.761 -6.76925 
70.8637 0.670708 20.761 -6.77165 
73.0211 1.94368 20.761 -6.77148 
75.1786 3.21666 20.761 -6.77129 
77.336 4.48963 20.761 -6.77109 
79.4935 5.76261 20.761 -6.77088 
81.6509 7.03559 20.761 -6.77066 
83.8083 8.30856 20.761 -6.77045 
85.9658 9.58154 20.761 -6.77025 
88.1232 10.8545 20.761 -6.77005 
90.2807 12.1275 20.761 -6.76986 
92.4381 13.4005 20.761 -6.76968 
94.5956 14.6734 20.761 -6.76953 
96.753 15.9464 20.761 -6.76939 
98.9104 17.2194 20.761 -6.76928 
101.068 18.4924 20.761 -6.76919 
103.225 19.7653 20.761 -6.76913 
105.383 21.0383 20.761 -6.76909 
107.54 22.3113 20.761 -6.76909 
75.2023 0.711771 20.761 -6.77148 
77.3597 1.98475 20.761 -6.77127 
79.5172 3.25772 20.761 -6.77104 
81.6746 4.5307 20.761 -6.77081 
83.832 5.80367 20.761 -6.77058 
85.9895 7.07665 20.761 -6.77035 
88.1469 8.34963 20.761 -6.77013 
90.3044 9.6226 20.761 -6.76992 
92.4618 10.8956 20.761 -6.76972 
94.6193 12.1686 20.761 -6.76953 
96.7767 13.4415 20.761 -6.76937 
98.9341 14.7145 20.761 -6.76923 
101.092 15.9875 20.761 -6.76911 
103.249 17.2605 20.761 -6.76903 
105.406 18.5334 20.761 -6.76896 
107.564 19.8064 20.761 -6.76893 
109.721 21.0794 20.761 -6.76893 
111.879 22.3524 20.761 -6.76895 
79.5409 0.752835 20.761 -6.77123 
81.6983 2.02581 20.761 -6.77098 
83.8558 3.29879 20.761 -6.77073 
86.0132 4.57176 20.761 -6.77048 
88.1706 5.84474 20.761 -6.77024 
90.3281 7.11771 20.761 -6.77 
92.4855 8.39069 20.761 -6.76978 
94.643 9.66367 20.761 -6.76957 
96.8004 10.9366 20.761 -6.76938 
98.9579 12.2096 20.761 -6.76921 
101.115 13.4826 20.761 -6.76907 
103.273 14.7556 20.761 -6.76895 
105.43 16.0285 20.761 -6.76886 
107.588 17.3015 20.761 -6.7688 
109.745 18.5745 20.761 -6.76877 
111.903 19.8475 20.761 -6.76876 
114.06 21.1204 20.761 -6.76879 
116.217 22.3934 20.761 -6.76884 
83.8795 0.793899 20.761 -6.7709 
86.0369 2.06687 20.761 -6.77064 
88.1943 3.33985 20.761 -6.77037 
90.3518 4.61283 20.761 -6.77011 
92.5092 5.8858 20.761 -6.76986 
94.6667 7.15878 20.761 -6.76963 
96.8241 8.43175 20.761 -6.76941 
98.9816 9.70473 20.761 -6.76922 
101.139 10.9777 20.761 -6.76905 
103.296 12.2507 20.761 -6.7689 
105.454 13.5237 20.761 -6.76878 
107.611 14.7966 20.761 -6.76869 
109.769 16.0696 20.761 -6.76863 
111.926 17.3426 20.761 -6.7686 
114.084 18.6156 20.761 -6.7686 
116.241 19.8885 20.761 -6.76863 
118.399 21.1615 20.761 -6.76868 
120.556 22.4345 20.761 -6.76876 
88.2181 0.834963 20.761 -6.77052 
90.3755 2.10794 20.761 -6.77024 
92.5329 3.38091 20.761 -6.76997 
94.6904 4.65389 20.761 -6.76972 
96.8478 5.92687 20.761 -6.76948 
99.0053 7.19984 20.761 -6.76925 
101.163 8.47282 20.761 -6.76906 
103.32 9.74579 20.761 -6.76888 
105.478 11.0188 20.761 -6.76874 
107.635 12.2917 20.761 -6.76862 
109.792 13.5647 20.761 -6.76853 
111.95 14.8377 20.761 -6.76847 
114.107 16.1107 20.761 -6.76844 
116.265 17.3836 20.761 -6.76844 
118.422 18.6566 20.761 -6.76847 
120.58 19.9296 20.761 -6.76852 
122.737 21.2026 20.761 -6.7686 
124.895 22.4756 20.761 -6.7687 
92.5566 0.876026 20.761 -6.77011 
94.7141 2.149 20.761 -6.76983 
96.8715 3.42198 20.761 -6.76956 
99.029 4.69495 20.761 -6.76932 
101.186 5.96793 20.761 -6.76909 
103.344 7.24091 20.761 -6.76889 
105.501 8.51388 20.761 -6.76872 
107.659 9.78686 20.761 -6.76857 
109.816 11.0598 20.761 -6.76846 
111.974 12.3328 20.761 -6.76837 
114.131 13.6058 20.761 -6.76832 
116.289 14.8788 20.761 -6.76829 
118.446 16.1517 20.761 -6.76829 
120.603 17.4247 20.761 -6.76832 
122.761 18.6977 20.761 -6.76838 
124.918 19.9707 20.761 -6.76846 
127.076 21.2436 20.761 -6.76856 
129.233 22.5166 20.761 -6.76868 
96.8952 0.91709 20.761 -6.76967 
99.0527 2.19007 20.761 -6.7694 
101.21 3.46304 20.761 -6.76915 
103.368 4.73602 20.761 -6.76893 
105.525 6.00899 20.761 -6.76873 
107.682 7.28197 20.761 -6.76855 
109.84 8.55494 20.761 -6.76841 
111.997 9.82792 20.761 -6.7683 
114.155 11.1009 20.761 -6.76822 
116.312 12.3739 20.761 -6.76817 
118.47 13.6468 20.761 -6.76814 
120.627 14.9198 20.761 -6.76815 
122.785 16.1928 20.761 -6.76818 
124.942 17.4658 20.761 -6.76824 
127.099 18.7388 20.761 -6.76832 
129.257 20.0117 20.761 -6.76842 
131.414 21.2847 20.761 -6.76854 
133.572 22.5577 20.761 -6.76868 
101.234 0.958154 20.761 -6.76924 
103.391 2.23113 20.761 -6.76899 
105.549 3.50411 20.761 -6.76876 
107.706 4.77708 20.761 -6.76856 
109.864 6.05006 20.761 -6.7684 
112.021 7.32303 20.761 -6.76826 
114.178 8.59601 20.761 -6.76815 
116.336 9.86898 20.761 -6.76807 
118.493 11.142 20.761 -6.76803 
120.651 12.4149 20.761 -6.76801 
122.808 13.6879 20.761 -6.76802 
124.966 14.9609 20.761 -6.76806 
127.123 16.2339 20.761 -6.76812 
129.281 17.5068 20.761 -6.7682 
131.438 18.7798 20.761 -6.7683 
133.595 20.0528 20.761 -6.76842 
135.753 21.3258 20.761 -6.76855 
137.91 22.5987 20.761 -6.7687 
105.572 0.999218 20.761 -6.76882 
107.73 2.27219 20.761 -6.7686 
109.887 3.54517 20.761 -6.76841 
112.045 4.81814 20.761 -6.76825 
114.202 6.09112 20.761 -6.76811 
116.36 7.3641 20.761 -6.76801 
118.517 8.63707 20.761 -6.76794 
120.675 9.91005 20.761 -6.7679 
122.832 11.183 20.761 -6.76789 
124.989 12.456 20.761 -6.76791 
127.147 13.729 20.761 -6.76795 
129.304 15.002 20.761 -6.76801 
131.462 16.2749 20.761 -6.76809 
133.619 17.5479 20.761 -6.7682 
135.777 18.8209 20.761 -6.76831 
137.934 20.0939 20.761 -6.76845 
140.092 21.3668 20.761 -6.76859 
142.249 22.6398 20.761 -6.76875 
109.911 1.04028 20.761 -6.76845 
112.068 2.31326 20.761 -6.76826 
114.226 3.58623 20.761 -6.7681 
116.383 4.85921 20.761 -6.76798 
118.541 6.13218 20.761 -6.76789 
120.698 7.40516 20.761 -6.76782 
122.856 8.67814 20.761 -6.76779 
125.013 9.95111 20.761 -6.76778 
127.171 11.2241 20.761 -6.76781 
129.328 12.4971 20.761 -6.76785 
131.485 13.77 20.761 -6.76792 
133.643 15.043 20.761 -6.768 
135.8 16.316 20.761 -6.76811 
137.958 17.589 20.761 -6.76823 
140.115 18.8619 20.761 -6.76836 
142.273 20.1349 20.761 -6.76851 
144.43 21.4079 20.761 -6.76866 
114.25 1.08135 20.761 -6.76812 
116.407 2.35432 20.761 -6.76797 
118.564 3.6273 20.761 -6.76786 
120.722 4.90027 20.761 -6.76777 
122.879 6.17325 20.761 -6.76772 
125.037 7.44622 20.761 -6.7677 
127.194 8.7192 20.761 -6.7677 
129.352 9.99218 20.761 -6.76772 
131.509 11.2652 20.761 -6.76777 
133.667 12.5381 20.761 -6.76784 
135.824 13.8111 20.761 -6.76793 
137.981 15.0841 20.761 -6.76804 
140.139 16.3571 20.761 -6.76816 
142.296 17.63 20.761 -6.7683 
118.588 1.12241 20.761 -6.76786 
120.746 2.39538 20.761 -6.76775 
122.903 3.66836 20.761 -6.76768 
125.061 4.94134 20.761 -6.76764 
127.218 6.21431 20.761 -6.76762 
129.375 7.48729 20.761 -6.76763 
131.533 8.76026 20.761 -6.76766 
133.69 10.0332 20.761 -6.76772 
135.848 11.3062 20.761 -6.76779 
138.005 12.5792 20.761 -6.76788 
140.163 13.8522 20.761 -6.76799 
122.927 1.16347 20.761 -6.76767 
125.084 2.43645 20.761 -6.76761 
127.242 3.70942 20.761 -6.76757 
129.399 4.9824 20.761 -6.76756 
131.557 6.25538 20.761 -6.76758 
133.714 7.52835 20.761 -6.76762 
135.871 8.80133 20.761 -6.76768 
138.029 10.0743 20.761 -6.76776 
127.265 1.20454 20.761 -6.76755 
129.423 2.47751 20.761 -6.76753 
131.58 3.75049 20.761 -6.76753 
133.738 5.02346 20.761 -6.76755 
135.895 6.29644 20.761 -6.7676 
131.604 1.2456 20.761 -6.7675 
133.761 2.51858 20.761 -6.76752 
92.1536 43.4591 20.761 -6.77073 
94.3111 44.7321 20.761 -6.77084 
90.0199 39.6813 20.761 -6.77052 
92.1773 40.9542 20.761 -6.7706 
94.3348 42.2272 20.761 -6.7707 
96.4922 43.5002 20.761 -6.77082 
98.6496 44.7732 20.761 -6.77097 
87.8861 35.9034 20.761 -6.77036 
90.0436 37.1764 20.761 -6.7704 
92.201 38.4493 20.761 -6.77046 
94.3585 39.7223 20.761 -6.77054 
96.5159 40.9953 20.761 -6.77065 
98.6734 42.2683 20.761 -6.77078 
100.831 43.5412 20.761 -6.77093 
102.988 44.8142 20.761 -6.7711 
85.7524 32.1255 20.761 -6.77027 
87.9099 33.3985 20.761 -6.77027 
90.0673 34.6715 20.761 -6.77029 
92.2247 35.9445 20.761 -6.77033 
94.3822 37.2174 20.761 -6.77039 
96.5396 38.4904 20.761 -6.77048 
98.6971 39.7634 20.761 -6.77059 
100.855 41.0364 20.761 -6.77072 
103.012 42.3093 20.761 -6.77088 
105.169 43.5823 20.761 -6.77105 
107.327 44.8553 20.761 -6.77125 
83.6187 28.3477 20.761 -6.77024 
85.7761 29.6206 20.761 -6.7702 
87.9336 30.8936 20.761 -6.77018 
90.091 32.1666 20.761 -6.77018 
92.2484 33.4396 20.761 -6.7702 
94.4059 34.7125 20.761 -6.77024 
96.5633 35.9855 20.761 -6.77031 
98.7208 37.2585 20.761 -6.77039 
100.878 38.5315 20.761 -6.77051 
103.036 39.8044 20.761 -6.77065 
105.193 41.0774 20.761 -6.77081 
107.351 42.3504 20.761 -6.77098 
109.508 43.6234 20.761 -6.77118 
111.665 44.8963 20.761 -6.77139 
81.4849 24.5698 20.761 -6.77026 
83.6424 25.8428 20.761 -6.7702 
85.7998 27.1158 20.761 -6.77014 
87.9573 28.3887 20.761 -6.7701 
90.1147 29.6617 20.761 -6.77008 
92.2722 30.9347 20.761 -6.77008 
94.4296 32.2077 20.761 -6.7701 
96.587 33.4806 20.761 -6.77014 
98.7445 34.7536 20.761 -6.77021 
100.902 36.0266 20.761 -6.7703 
103.059 37.2996 20.761 -6.77042 
105.217 38.5725 20.761 -6.77056 
107.374 39.8455 20.761 -6.77072 
109.532 41.1185 20.761 -6.7709 
111.689 42.3915 20.761 -6.7711 
113.847 43.6644 20.761 -6.77131 
116.004 44.9374 20.761 -6.77153 
83.6661 23.3379 20.761 -6.77017 
85.8235 24.6109 20.761 -6.7701 
87.981 25.8838 20.761 -6.77004 
90.1384 27.1568 20.761 -6.76999 
92.2959 28.4298 20.761 -6.76997 
94.4533 29.7028 20.761 -6.76996 
96.6107 30.9757 20.761 -6.76998 
98.7682 32.2487 20.761 -6.77003 
100.926 33.5217 20.761 -6.7701 
103.083 34.7947 20.761 -6.77019 
105.241 36.0676 20.761 -6.77031 
107.398 37.3406 20.761 -6.77045 
109.555 38.6136 20.761 -6.77062 
111.713 39.8866 20.761 -6.7708 
113.87 41.1595 20.761 -6.771 
116.028 42.4325 20.761 -6.77121 
118.185 43.7055 20.761 -6.77142 
120.343 44.9785 20.761 -6.77164 
88.0047 23.379 20.761 -6.76999 
90.1621 24.6519 20.761 -6.76992 
92.3196 25.9249 20.761 -6.76987 
94.477 27.1979 20.761 -6.76984 
96.6345 28.4709 20.761 -6.76984 
98.7919 29.7438 20.761 -6.76986 
100.949 31.0168 20.761 -6.7699 
103.107 32.2898 20.761 -6.76997 
105.264 33.5628 20.761 -6.77007 
107.422 34.8357 20.761 -6.77019 
109.579 36.1087 20.761 -6.77034 
111.737 37.3817 20.761 -6.7705 
113.894 38.6547 20.761 -6.77068 
116.051 39.9276 20.761 -6.77088 
118.209 41.2006 20.761 -6.77109 
120.366 42.4736 20.761 -6.7713 
122.524 43.7466 20.761 -6.77151 
124.681 45.0195 20.761 -6.77173 
92.3433 23.42 20.761 -6.76979 
94.5007 24.693 20.761 -6.76974 
96.6582 25.966 20.761 -6.76971 
98.8156 27.2389 20.761 -6.7697 
100.973 28.5119 20.761 -6.76972 
103.13 29.7849 20.761 -6.76977 
105.288 31.0579 20.761 -6.76984 
107.445 32.3308 20.761 -6.76994 
109.603 33.6038 20.761 -6.77006 
111.76 34.8768 20.761 -6.77021 
113.918 36.1498 20.761 -6.77037 
116.075 37.4228 20.761 -6.77055 
118.233 38.6957 20.761 -6.77075 
120.39 39.9687 20.761 -6.77095 
122.547 41.2417 20.761 -6.77116 
124.705 42.5147 20.761 -6.77137 
126.862 43.7876 20.761 -6.77158 
129.02 45.0606 20.761 -6.77178 
96.6819 23.4611 20.761 -6.76959 
98.8393 24.7341 20.761 -6.76956 
100.997 26.007 20.761 -6.76956 
103.154 27.28 20.761 -6.76958 
105.312 28.553 20.761 -6.76963 
107.469 29.826 20.761 -6.7697 
109.627 31.0989 20.761 -6.7698 
111.784 32.3719 20.761 -6.76992 
113.941 33.6449 20.761 -6.77007 
116.099 34.9179 20.761 -6.77023 
118.256 36.1908 20.761 -6.77041 
120.414 37.4638 20.761 -6.7706 
122.571 38.7368 20.761 -6.7708 
124.729 40.0098 20.761 -6.77101 
126.886 41.2827 20.761 -6.77121 
129.044 42.5557 20.761 -6.77142 
131.201 43.8287 20.761 -6.77161 
133.358 45.1017 20.761 -6.7718 
101.02 23.5021 20.761 -6.76941 
103.178 24.7751 20.761 -6.76941 
105.335 26.0481 20.761 -6.76943 
107.493 27.3211 20.761 -6.76948 
109.65 28.594 20.761 -6.76955 
111.808 29.867 20.761 -6.76965 
113.965 31.14 20.761 -6.76977 
116.123 32.413 20.761 -6.76992 
118.28 33.686 20.761 -6.77008 
120.437 34.9589 20.761 -6.77026 
122.595 36.2319 20.761 -6.77045 
124.752 37.5049 20.761 -6.77064 
126.91 38.7779 20.761 -6.77084 
129.067 40.0508 20.761 -6.77104 
131.225 41.3238 20.761 -6.77124 
133.382 42.5968 20.761 -6.77143 
135.54 43.8698 20.761 -6.77161 
137.697 45.1427 20.761 -6.77178 
105.359 23.5432 20.761 -6.76925 
107.516 24.8162 20.761 -6.76927 
109.674 26.0892 20.761 -6.76932 
111.831 27.3621 20.761 -6.7694 
113.989 28.6351 20.761 -6.7695 
116.146 29.9081 20.761 -6.76962 
118.304 31.1811 20.761 -6.76976 
120.461 32.454 20.761 -6.76992 
122.619 33.727 20.761 -6.7701 
124.776 35 20.761 -6.77028 
126.933 36.273 20.761 -6.77048 
129.091 37.5459 20.761 -6.77067 
131.248 38.8189 20.761 -6.77087 
133.406 40.0919 20.761 -6.77106 
135.563 41.3649 20.761 -6.77124 
137.721 42.6378 20.761 -6.77141 
139.878 43.9108 20.761 -6.77157 
142.036 45.1838 20.761 -6.77172 
109.698 23.5843 20.761 -6.76911 
111.855 24.8572 20.761 -6.76916 
114.013 26.1302 20.761 -6.76924 
116.17 27.4032 20.761 -6.76934 
118.327 28.6762 20.761 -6.76946 
120.485 29.9492 20.761 -6.7696 
122.642 31.2221 20.761 -6.76976 
124.8 32.4951 20.761 -6.76993 
126.957 33.7681 20.761 -6.77011 
129.115 35.0411 20.761 -6.7703 
131.272 36.314 20.761 -6.77049 
133.43 37.587 20.761 -6.77068 
135.587 38.86 20.761 -6.77087 
137.744 40.133 20.761 -6.77104 
139.902 41.4059 20.761 -6.77121 
142.059 42.6789 20.761 -6.77137 
144.217 43.9519 20.761 -6.7715 
146.374 45.2249 20.761 -6.77163 
114.036 23.6253 20.761 -6.769 
116.194 24.8983 20.761 -6.76908 
118.351 26.1713 20.761 -6.76918 
120.509 27.4443 20.761 -6.7693 
122.666 28.7172 20.761 -6.76944 
124.823 29.9902 20.761 -6.76959 
126.981 31.2632 20.761 -6.76976 
129.138 32.5362 20.761 -6.76994 
131.296 33.8091 20.761 -6.77012 
133.453 35.0821 20.761 -6.77031 
135.611 36.3551 20.761 -6.77049 
137.768 37.6281 20.761 -6.77067 
139.926 38.901 20.761 -6.77085 
142.083 40.174 20.761 -6.77101 
144.24 41.447 20.761 -6.77116 
146.398 42.72 20.761 -6.77129 
148.555 43.9929 20.761 -6.77141 
150.713 45.2659 20.761 -6.77151 
118.375 23.6664 20.761 -6.76891 
120.532 24.9394 20.761 -6.76901 
122.69 26.2124 20.761 -6.76914 
124.847 27.4853 20.761 -6.76927 
127.005 28.7583 20.761 -6.76943 
129.162 30.0313 20.761 -6.76959 
131.319 31.3043 20.761 -6.76977 
133.477 32.5772 20.761 -6.76995 
135.634 33.8502 20.761 -6.77013 
137.792 35.1232 20.761 -6.77031 
139.949 36.3962 20.761 -6.77048 
142.107 37.6691 20.761 -6.77065 
144.264 38.9421 20.761 -6.77081 
146.422 40.2151 20.761 -6.77095 
148.579 41.4881 20.761 -6.77108 
150.736 42.761 20.761 -6.7712 
152.894 44.034 20.761 -6.77129 
155.051 45.307 20.761 -6.77137 
122.713 23.7075 20.761 -6.76886 
124.871 24.9804 20.761 -6.76898 
127.028 26.2534 20.761 -6.76911 
129.186 27.5264 20.761 -6.76926 
131.343 28.7994 20.761 -6.76943 
133.501 30.0723 20.761 -6.7696 
135.658 31.3453 20.761 -6.76977 
137.816 32.6183 20.761 -6.76995 
139.973 33.8913 20.761 -6.77013 
142.13 35.1642 20.761 -6.7703 
144.288 36.4372 20.761 -6.77046 
146.445 37.7102 20.761 -6.77061 
148.603 38.9832 20.761 -6.77076 
150.76 40.2561 20.761 -6.77088 
152.918 41.5291 20.761 -6.771 
155.075 42.8021 20.761 -6.77109 
157.233 44.0751 20.761 -6.77117 
127.052 23.7485 20.761 -6.76882 
129.209 25.0215 20.761 -6.76896 
131.367 26.2945 20.761 -6.76911 
133.524 27.5675 20.761 -6.76927 
135.682 28.8404 20.761 -6.76943 
137.839 30.1134 20.761 -6.76961 
139.997 31.3864 20.761 -6.76978 
142.154 32.6594 20.761 -6.76995 
144.312 33.9323 20.761 -6.77012 
146.469 35.2053 20.761 -6.77028 
148.626 36.4783 20.761 -6.77043 
150.784 37.7513 20.761 -6.77057 
152.941 39.0242 20.761 -6.7707 
155.099 40.2972 20.761 -6.77081 
131.391 23.7896 20.761 -6.76881 
133.548 25.0626 20.761 -6.76896 
135.705 26.3355 20.761 -6.76912 
137.863 27.6085 20.761 -6.76928 
140.02 28.8815 20.761 -6.76945 
142.178 30.1545 20.761 -6.76962 
144.335 31.4274 20.761 -6.76979 
146.493 32.7004 20.761 -6.76995 
148.65 33.9734 20.761 -6.77011 
150.808 35.2464 20.761 -6.77026 
152.965 36.5193 20.761 -6.7704 
135.729 23.8307 20.761 -6.76882 
137.887 25.1036 20.761 -6.76898 
140.044 26.3766 20.761 -6.76914 
142.202 27.6496 20.761 -6.76931 
144.359 28.9226 20.761 -6.76948 
146.516 30.1955 20.761 -6.76964 
148.674 31.4685 20.761 -6.7698 
150.831 32.7415 20.761 -6.76996 
140.068 23.8717 20.761 -6.76885 
142.225 25.1447 20.761 -6.76902 
144.383 26.4177 20.761 -6.76918 
146.54 27.6906 20.761 -6.76935 
148.698 28.9636 20.761 -6.76951 
144.406 23.9128 20.761 -6.76891 
146.564 25.1858 20.761 -6.76907 
104.956 66.1263 20.761 -6.77256 
107.113 67.3993 20.761 -6.7728 
109.271 68.6723 20.761 -6.77302 
102.822 62.3484 20.761 -6.77226 
104.98 63.6214 20.761 -6.7725 
107.137 64.8944 20.761 -6.77273 
109.295 66.1674 20.761 -6.77296 
111.452 67.4403 20.761 -6.77319 
113.609 68.7133 20.761 -6.7734 
100.689 58.5706 20.761 -6.77193 
102.846 59.8435 20.761 -6.77216 
105.003 61.1165 20.761 -6.7724 
107.161 62.3895 20.761 -6.77264 
109.318 63.6625 20.761 -6.77287 
111.476 64.9355 20.761 -6.7731 
113.633 66.2084 20.761 -6.77332 
115.791 67.4814 20.761 -6.77352 
117.948 68.7544 20.761 -6.7737 
98.5548 54.7927 20.761 -6.7716 
100.712 56.0657 20.761 -6.77181 
102.87 57.3387 20.761 -6.77204 
105.027 58.6116 20.761 -6.77227 
107.185 59.8846 20.761 -6.77251 
109.342 61.1576 20.761 -6.77275 
111.499 62.4306 20.761 -6.77298 
113.657 63.7035 20.761 -6.7732 
115.814 64.9765 20.761 -6.77341 
117.972 66.2495 20.761 -6.77361 
120.129 67.5225 20.761 -6.77378 
96.4211 51.0148 20.761 -6.77128 
98.5785 52.2878 20.761 -6.77147 
100.736 53.5608 20.761 -6.77167 
102.893 54.8338 20.761 -6.77189 
105.051 56.1067 20.761 -6.77212 
107.208 57.3797 20.761 -6.77236 
109.366 58.6527 20.761 -6.77259 
111.523 59.9257 20.761 -6.77283 
113.681 61.1987 20.761 -6.77306 
115.838 62.4716 20.761 -6.77328 
117.996 63.7446 20.761 -6.77348 
120.153 65.0176 20.761 -6.77366 
122.31 66.2906 20.761 -6.77383 
124.468 67.5635 20.761 -6.77397 
94.2873 47.237 20.761 -6.77098 
96.4448 48.51 20.761 -6.77114 
98.6022 49.7829 20.761 -6.77131 
100.76 51.0559 20.761 -6.77151 
102.917 52.3289 20.761 -6.77172 
105.075 53.6019 20.761 -6.77194 
107.232 54.8748 20.761 -6.77218 
109.389 56.1478 20.761 -6.77241 
111.547 57.4208 20.761 -6.77265 
113.704 58.6938 20.761 -6.77288 
115.862 59.9667 20.761 -6.7731 
118.019 61.2397 20.761 -6.77332 
120.177 62.5127 20.761 -6.77351 
122.334 63.7857 20.761 -6.77369 
124.492 65.0586 20.761 -6.77384 
126.649 66.3316 20.761 -6.77397 
128.806 67.6046 20.761 -6.77408 
96.4685 46.0051 20.761 -6.77098 
98.6259 47.278 20.761 -6.77115 
100.783 48.551 20.761 -6.77133 
102.941 49.824 20.761 -6.77153 
105.098 51.097 20.761 -6.77174 
107.256 52.3699 20.761 -6.77197 
109.413 53.6429 20.761 -6.7722 
111.571 54.9159 20.761 -6.77244 
113.728 56.1889 20.761 -6.77267 
115.885 57.4619 20.761 -6.7729 
118.043 58.7348 20.761 -6.77312 
120.2 60.0078 20.761 -6.77333 
122.358 61.2808 20.761 -6.77351 
124.515 62.5538 20.761 -6.77368 
126.673 63.8267 20.761 -6.77382 
128.83 65.0997 20.761 -6.77394 
130.988 66.3727 20.761 -6.77404 
133.145 67.6457 20.761 -6.7741 
100.807 46.0461 20.761 -6.77113 
102.965 47.3191 20.761 -6.77132 
105.122 48.5921 20.761 -6.77153 
107.279 49.8651 20.761 -6.77174 
109.437 51.138 20.761 -6.77197 
111.594 52.411 20.761 -6.77221 
113.752 53.684 20.761 -6.77244 
115.909 54.957 20.761 -6.77267 
118.067 56.2299 20.761 -6.7729 
120.224 57.5029 20.761 -6.77311 
122.382 58.7759 20.761 -6.77331 
124.539 60.0489 20.761 -6.77349 
126.696 61.3218 20.761 -6.77364 
128.854 62.5948 20.761 -6.77378 
131.011 63.8678 20.761 -6.77389 
133.169 65.1408 20.761 -6.77397 
135.326 66.4137 20.761 -6.77402 
137.484 67.6867 20.761 -6.77405 
105.146 46.0872 20.761 -6.77129 
107.303 47.3602 20.761 -6.7715 
109.461 48.6331 20.761 -6.77172 
111.618 49.9061 20.761 -6.77195 
113.775 51.1791 20.761 -6.77218 
115.933 52.4521 20.761 -6.77241 
118.09 53.7251 20.761 -6.77264 
120.248 54.998 20.761 -6.77286 
122.405 56.271 20.761 -6.77307 
124.563 57.544 20.761 -6.77326 
126.72 58.817 20.761 -6.77343 
128.878 60.0899 20.761 -6.77358 
131.035 61.3629 20.761 -6.7737 
133.192 62.6359 20.761 -6.7738 
135.35 63.9089 20.761 -6.77388 
137.507 65.1818 20.761 -6.77392 
139.665 66.4548 20.761 -6.77393 
141.822 67.7278 20.761 -6.77392 
109.484 46.1283 20.761 -6.77146 
111.642 47.4012 20.761 -6.77168 
113.799 48.6742 20.761 -6.77191 
115.957 49.9472 20.761 -6.77214 
118.114 51.2202 20.761 -6.77236 
120.271 52.4931 20.761 -6.77259 
122.429 53.7661 20.761 -6.7728 
124.586 55.0391 20.761 -6.773 
126.744 56.3121 20.761 -6.77318 
128.901 57.585 20.761 -6.77335 
131.059 58.858 20.761 -6.77349 
133.216 60.131 20.761 -6.7736 
135.374 61.404 20.761 -6.77369 
137.531 62.6769 20.761 -6.77376 
139.688 63.9499 20.761 -6.77379 
141.846 65.2229 20.761 -6.77379 
144.003 66.4959 20.761 -6.77376 
146.161 67.7688 20.761 -6.7737 
113.823 46.1693 20.761 -6.77161 
115.98 47.4423 20.761 -6.77184 
118.138 48.7153 20.761 -6.77207 
120.295 49.9883 20.761 -6.77229 
122.453 51.2612 20.761 -6.77251 
124.61 52.5342 20.761 -6.77272 
126.768 53.8072 20.761 -6.77291 
128.925 55.0802 20.761 -6.77308 
131.082 56.3531 20.761 -6.77324 
133.24 57.6261 20.761 -6.77337 
135.397 58.8991 20.761 -6.77348 
137.555 60.1721 20.761 -6.77356 
139.712 61.445 20.761 -6.77361 
141.87 62.718 20.761 -6.77363 
144.027 63.991 20.761 -6.77363 
146.185 65.264 20.761 -6.77359 
148.342 66.5369 20.761 -6.77352 
150.499 67.8099 20.761 -6.77341 
118.161 46.2104 20.761 -6.77175 
120.319 47.4834 20.761 -6.77197 
122.476 48.7563 20.761 -6.77219 
124.634 50.0293 20.761 -6.77241 
126.791 51.3023 20.761 -6.77261 
128.949 52.5753 20.761 -6.77279 
131.106 53.8482 20.761 -6.77296 
133.264 55.1212 20.761 -6.77311 
135.421 56.3942 20.761 -6.77323 
137.578 57.6672 20.761 -6.77333 
139.736 58.9401 20.761 -6.7734 
141.893 60.2131 20.761 -6.77344 
144.051 61.4861 20.761 -6.77346 
146.208 62.7591 20.761 -6.77344 
148.366 64.0321 20.761 -6.7734 
150.523 65.305 20.761 -6.77332 
152.681 66.578 20.761 -6.7732 
154.838 67.851 20.761 -6.77306 
122.5 46.2515 20.761 -6.77186 
124.657 47.5244 20.761 -6.77208 
126.815 48.7974 20.761 -6.77228 
128.972 50.0704 20.761 -6.77247 
131.13 51.3434 20.761 -6.77265 
133.287 52.6163 20.761 -6.77281 
135.445 53.8893 20.761 -6.77295 
137.602 55.1623 20.761 -6.77307 
139.76 56.4353 20.761 -6.77316 
141.917 57.7082 20.761 -6.77322 
144.074 58.9812 20.761 -6.77326 
146.232 60.2542 20.761 -6.77326 
148.389 61.5272 20.761 -6.77324 
150.547 62.8001 20.761 -6.77319 
152.704 64.0731 20.761 -6.7731 
154.862 65.3461 20.761 -6.77298 
157.019 66.6191 20.761 -6.77283 
159.177 67.892 20.761 -6.77265 
126.839 46.2925 20.761 -6.77194 
128.996 47.5655 20.761 -6.77214 
131.154 48.8385 20.761 -6.77232 
133.311 50.1114 20.761 -6.77249 
135.468 51.3844 20.761 -6.77265 
137.626 52.6574 20.761 -6.77278 
139.783 53.9304 20.761 -6.77288 
141.941 55.2033 20.761 -6.77297 
144.098 56.4763 20.761 -6.77302 
146.256 57.7493 20.761 -6.77305 
148.413 59.0223 20.761 -6.77305 
150.571 60.2953 20.761 -6.77302 
152.728 61.5682 20.761 -6.77296 
154.885 62.8412 20.761 -6.77287 
157.043 64.1142 20.761 -6.77275 
159.2 65.3872 20.761 -6.77259 
161.358 66.6601 20.761 -6.77241 
163.515 67.9331 20.761 -6.7722 
131.177 46.3336 20.761 -6.77198 
133.335 47.6066 20.761 -6.77215 
135.492 48.8795 20.761 -6.77232 
137.65 50.1525 20.761 -6.77246 
139.807 51.4255 20.761 -6.77259 
141.964 52.6985 20.761 -6.77269 
144.122 53.9714 20.761 -6.77276 
146.279 55.2444 20.761 -6.77281 
148.437 56.5174 20.761 -6.77284 
150.594 57.7904 20.761 -6.77283 
152.752 59.0633 20.761 -6.7728 
154.909 60.3363 20.761 -6.77273 
157.067 61.6093 20.761 -6.77264 
159.224 62.8823 20.761 -6.77251 
161.381 64.1552 20.761 -6.77236 
163.539 65.4282 20.761 -6.77218 
165.696 66.7012 20.761 -6.77197 
167.854 67.9742 20.761 -6.77174 
135.516 46.3746 20.761 -6.77197 
137.673 47.6476 20.761 -6.77213 
139.831 48.9206 20.761 -6.77227 
141.988 50.1936 20.761 -6.77238 
144.146 51.4665 20.761 -6.77248 
146.303 52.7395 20.761 -6.77255 
148.46 54.0125 20.761 -6.77259 
150.618 55.2855 20.761 -6.77261 
152.775 56.5585 20.761 -6.7726 
154.933 57.8314 20.761 -6.77256 
157.09 59.1044 20.761 -6.7725 
159.248 60.3774 20.761 -6.7724 
161.405 61.6504 20.761 -6.77227 
163.563 62.9233 20.761 -6.77212 
165.72 64.1963 20.761 -6.77194 
167.877 65.4693 20.761 -6.77174 
170.035 66.7423 20.761 -6.77153 
139.854 46.4157 20.761 -6.77193 
142.012 47.6887 20.761 -6.77206 
144.169 48.9617 20.761 -6.77217 
146.327 50.2346 20.761 -6.77226 
148.484 51.5076 20.761 -6.77232 
150.642 52.7806 20.761 -6.77236 
152.799 54.0536 20.761 -6.77238 
154.957 55.3265 20.761 -6.77237 
157.114 56.5995 20.761 -6.77233 
159.271 57.8725 20.761 -6.77226 
161.429 59.1455 20.761 -6.77216 
163.586 60.4184 20.761 -6.77204 
165.744 61.6914 20.761 -6.77189 
167.901 62.9644 20.761 -6.77172 
144.193 46.4568 20.761 -6.77184 
146.35 47.7297 20.761 -6.77195 
148.508 49.0027 20.761 -6.77203 
150.665 50.2757 20.761 -6.77209 
152.823 51.5487 20.761 -6.77213 
154.98 52.8217 20.761 -6.77215 
157.138 54.0946 20.761 -6.77213 
159.295 55.3676 20.761 -6.77209 
161.453 56.6406 20.761 -6.77203 
163.61 57.9136 20.761 -6.77193 
165.767 59.1865 20.761 -6.77181 
148.532 46.4978 20.761 -6.77173 
150.689 47.7708 20.761 -6.77181 
152.846 49.0438 20.761 -6.77187 
155.004 50.3168 20.761 -6.7719 
157.161 51.5897 20.761 -6.77192 
159.319 52.8627 20.761 -6.7719 
161.476 54.1357 20.761 -6.77187 
163.634 55.4087 20.761 -6.7718 
152.87 46.5389 20.761 -6.77159 
155.028 47.8119 20.761 -6.77164 
157.185 49.0849 20.761 -6.77168 
159.343 50.3578 20.761 -6.77169 
161.5 51.6308 20.761 -6.77168 
157.209 46.58 20.761 -6.77143 
159.366 47.8529 20.761 -6.77147 
117.758 88.7935 20.761 -6.77335 
119.916 90.0665 20.761 -6.77343 
122.073 91.3394 20.761 -6.77349 
115.625 85.0156 20.761 -6.77337 
117.782 86.2886 20.761 -6.77349 
119.94 87.5616 20.761 -6.77358 
122.097 88.8345 20.761 -6.77364 
124.254 90.1075 20.761 -6.77368 
126.412 91.3805 20.761 -6.77369 
113.491 81.2378 20.761 -6.77333 
115.648 82.5107 20.761 -6.77348 
117.806 83.7837 20.761 -6.7736 
119.963 85.0567 20.761 -6.7737 
122.121 86.3297 20.761 -6.77378 
124.278 87.6026 20.761 -6.77382 
126.436 88.8756 20.761 -6.77384 
128.593 90.1486 20.761 -6.77383 
130.75 91.4216 20.761 -6.77378 
111.357 77.4599 20.761 -6.77322 
113.515 78.7329 20.761 -6.7734 
115.672 80.0058 20.761 -6.77356 
117.83 81.2788 20.761 -6.77369 
119.987 82.5518 20.761 -6.7738 
122.144 83.8248 20.761 -6.77389 
124.302 85.0977 20.761 -6.77394 
126.459 86.3707 20.761 -6.77397 
128.617 87.6437 20.761 -6.77397 
130.774 88.9167 20.761 -6.77393 
132.932 90.1896 20.761 -6.77387 
135.089 91.4626 20.761 -6.77376 
109.223 73.682 20.761 -6.77305 
111.381 74.955 20.761 -6.77326 
113.538 76.228 20.761 -6.77344 
115.696 77.501 20.761 -6.77361 
117.853 78.7739 20.761 -6.77376 
120.011 80.0469 20.761 -6.77388 
122.168 81.3199 20.761 -6.77397 
124.326 82.5929 20.761 -6.77404 
126.483 83.8658 20.761 -6.77408 
128.64 85.1388 20.761 -6.77408 
130.798 86.4118 20.761 -6.77406 
132.955 87.6848 20.761 -6.77401 
135.113 88.9577 20.761 -6.77392 
137.27 90.2307 20.761 -6.77379 
139.428 91.5037 20.761 -6.77363 
107.09 69.9042 20.761 -6.77283 
109.247 71.1771 20.761 -6.77305 
111.405 72.4501 20.761 -6.77326 
113.562 73.7231 20.761 -6.77346 
115.72 74.9961 20.761 -6.77363 
117.877 76.269 20.761 -6.77379 
120.034 77.542 20.761 -6.77392 
122.192 78.815 20.761 -6.77402 
124.349 80.088 20.761 -6.7741 
126.507 81.3609 20.761 -6.77415 
128.664 82.6339 20.761 -6.77417 
130.822 83.9069 20.761 -6.77416 
132.979 85.1799 20.761 -6.77412 
135.137 86.4528 20.761 -6.77404 
137.294 87.7258 20.761 -6.77393 
139.451 88.9988 20.761 -6.77379 
141.609 90.2718 20.761 -6.77361 
143.766 91.5448 20.761 -6.7734 
111.428 69.9452 20.761 -6.77324 
113.586 71.2182 20.761 -6.77344 
115.743 72.4912 20.761 -6.77363 
117.901 73.7642 20.761 -6.77379 
120.058 75.0371 20.761 -6.77393 
122.216 76.3101 20.761 -6.77405 
124.373 77.5831 20.761 -6.77414 
126.53 78.8561 20.761 -6.7742 
128.688 80.129 20.761 -6.77423 
130.845 81.402 20.761 -6.77424 
133.003 82.675 20.761 -6.77421 
135.16 83.948 20.761 -6.77415 
137.318 85.2209 20.761 -6.77405 
139.475 86.4939 20.761 -6.77392 
141.633 87.7669 20.761 -6.77376 
143.79 89.0399 20.761 -6.77356 
145.947 90.3128 20.761 -6.77333 
148.105 91.5858 20.761 -6.77307 
115.767 69.9863 20.761 -6.77359 
117.924 71.2593 20.761 -6.77376 
120.082 72.5322 20.761 -6.77392 
122.239 73.8052 20.761 -6.77404 
124.397 75.0782 20.761 -6.77415 
126.554 76.3512 20.761 -6.77422 
128.712 77.6241 20.761 -6.77427 
130.869 78.8971 20.761 -6.77428 
133.026 80.1701 20.761 -6.77427 
135.184 81.4431 20.761 -6.77422 
137.341 82.716 20.761 -6.77414 
139.499 83.989 20.761 -6.77402 
141.656 85.262 20.761 -6.77388 
143.814 86.535 20.761 -6.77369 
145.971 87.808 20.761 -6.77348 
148.129 89.0809 20.761 -6.77323 
150.286 90.3539 20.761 -6.77295 
152.443 91.6269 20.761 -6.77265 
120.106 70.0274 20.761 -6.77387 
122.263 71.3003 20.761 -6.77401 
124.42 72.5733 20.761 -6.77412 
126.578 73.8463 20.761 -6.77421 
128.735 75.1193 20.761 -6.77427 
130.893 76.3922 20.761 -6.7743 
133.05 77.6652 20.761 -6.7743 
135.208 78.9382 20.761 -6.77427 
137.365 80.2112 20.761 -6.7742 
139.523 81.4841 20.761 -6.7741 
141.68 82.7571 20.761 -6.77397 
143.837 84.0301 20.761 -6.7738 
145.995 85.3031 20.761 -6.7736 
148.152 86.576 20.761 -6.77337 
150.31 87.849 20.761 -6.77311 
152.467 89.122 20.761 -6.77281 
154.625 90.395 20.761 -6.77249 
156.782 91.6679 20.761 -6.77215 
122.287 68.7954 20.761 -6.77393 
124.444 70.0684 20.761 -6.77406 
126.602 71.3414 20.761 -6.77416 
128.759 72.6144 20.761 -6.77424 
130.916 73.8873 20.761 -6.77428 
133.074 75.1603 20.761 -6.7743 
135.231 76.4333 20.761 -6.77428 
137.389 77.7063 20.761 -6.77423 
139.546 78.9792 20.761 -6.77415 
141.704 80.2522 20.761 -6.77404 
143.861 81.5252 20.761 -6.77389 
146.019 82.7982 20.761 -6.7737 
148.176 84.0712 20.761 -6.77349 
150.333 85.3441 20.761 -6.77324 
152.491 86.6171 20.761 -6.77296 
154.648 87.8901 20.761 -6.77265 
156.806 89.1631 20.761 -6.77232 
158.963 90.436 20.761 -6.77198 
126.625 68.8365 20.761 -6.77408 
128.783 70.1095 20.761 -6.77417 
130.94 71.3825 20.761 -6.77423 
133.098 72.6554 20.761 -6.77427 
135.255 73.9284 20.761 -6.77427 
137.412 75.2014 20.761 -6.77424 
139.57 76.4744 20.761 -6.77417 
141.727 77.7473 20.761 -6.77408 
143.885 79.0203 20.761 -6.77394 
146.042 80.2933 20.761 -6.77378 
148.2 81.5663 20.761 -6.77358 
150.357 82.8392 20.761 -6.77335 
152.515 84.1122 20.761 -6.77308 
154.672 85.3852 20.761 -6.77279 
156.829 86.6582 20.761 -6.77247 
158.987 87.9311 20.761 -6.77214 
161.144 89.2041 20.761 -6.77178 
163.302 90.4771 20.761 -6.77142 
130.964 68.8776 20.761 -6.77415 
133.121 70.1505 20.761 -6.7742 
135.279 71.4235 20.761 -6.77422 
137.436 72.6965 20.761 -6.77421 
139.594 73.9695 20.761 -6.77416 
141.751 75.2424 20.761 -6.77408 
143.909 76.5154 20.761 -6.77397 
146.066 77.7884 20.761 -6.77382 
148.223 79.0614 20.761 -6.77364 
150.381 80.3344 20.761 -6.77343 
152.538 81.6073 20.761 -6.77318 
154.696 82.8803 20.761 -6.77291 
156.853 84.1533 20.761 -6.77261 
159.011 85.4263 20.761 -6.77228 
161.168 86.6992 20.761 -6.77194 
163.326 87.9722 20.761 -6.77158 
165.483 89.2452 20.761 -6.77121 
167.64 90.5182 20.761 -6.77084 
135.302 68.9186 20.761 -6.77414 
137.46 70.1916 20.761 -6.77415 
139.617 71.4646 20.761 -6.77412 
141.775 72.7376 20.761 -6.77406 
143.932 74.0105 20.761 -6.77397 
146.09 75.2835 20.761 -6.77384 
148.247 76.5565 20.761 -6.77368 
150.405 77.8295 20.761 -6.77349 
152.562 79.1024 20.761 -6.77326 
154.719 80.3754 20.761 -6.773 
156.877 81.6484 20.761 -6.77272 
159.034 82.9214 20.761 -6.77241 
161.192 84.1943 20.761 -6.77208 
163.349 85.4673 20.761 -6.77173 
165.507 86.7403 20.761 -6.77137 
167.664 88.0133 20.761 -6.77101 
169.822 89.2862 20.761 -6.77064 
171.979 90.5592 20.761 -6.77028 
139.641 68.9597 20.761 -6.77404 
141.798 70.2327 20.761 -6.77401 
143.956 71.5056 20.761 -6.77393 
146.113 72.7786 20.761 -6.77383 
148.271 74.0516 20.761 -6.77369 
150.428 75.3246 20.761 -6.77351 
152.586 76.5976 20.761 -6.77331 
154.743 77.8705 20.761 -6.77307 
156.901 79.1435 20.761 -6.7728 
159.058 80.4165 20.761 -6.77251 
161.215 81.6895 20.761 -6.77219 
163.373 82.9624 20.761 -6.77186 
165.53 84.2354 20.761 -6.77151 
167.688 85.5084 20.761 -6.77116 
169.845 86.7814 20.761 -6.7708 
172.003 88.0543 20.761 -6.77045 
174.16 89.3273 20.761 -6.7701 
176.318 90.6003 20.761 -6.76976 
143.98 69.0008 20.761 -6.77387 
146.137 70.2737 20.761 -6.77378 
148.295 71.5467 20.761 -6.77366 
150.452 72.8197 20.761 -6.77351 
152.609 74.0927 20.761 -6.77333 
154.767 75.3656 20.761 -6.77311 
156.924 76.6386 20.761 -6.77286 
159.082 77.9116 20.761 -6.77259 
161.239 79.1846 20.761 -6.77229 
163.397 80.4575 20.761 -6.77197 
165.554 81.7305 20.761 -6.77164 
167.712 83.0035 20.761 -6.7713 
169.869 84.2765 20.761 -6.77095 
172.026 85.5494 20.761 -6.7706 
174.184 86.8224 20.761 -6.77026 
176.341 88.0954 20.761 -6.76992 
178.499 89.3684 20.761 -6.7696 
180.656 90.6414 20.761 -6.7693 
148.318 69.0418 20.761 -6.77361 
150.476 70.3148 20.761 -6.77348 
152.633 71.5878 20.761 -6.77332 
154.791 72.8608 20.761 -6.77312 
156.948 74.1337 20.761 -6.7729 
159.105 75.4067 20.761 -6.77264 
161.263 76.6797 20.761 -6.77236 
163.42 77.9527 20.761 -6.77207 
165.578 79.2256 20.761 -6.77175 
167.735 80.4986 20.761 -6.77142 
169.893 81.7716 20.761 -6.77109 
172.05 83.0446 20.761 -6.77075 
174.208 84.3175 20.761 -6.77041 
176.365 85.5905 20.761 -6.77008 
178.522 86.8635 20.761 -6.76976 
180.68 88.1365 20.761 -6.76946 
182.837 89.4094 20.761 -6.76918 
152.657 69.0829 20.761 -6.77328 
154.814 70.3559 20.761 -6.7731 
156.972 71.6288 20.761 -6.7729 
159.129 72.9018 20.761 -6.77267 
161.287 74.1748 20.761 -6.77241 
163.444 75.4478 20.761 -6.77214 
165.601 76.7207 20.761 -6.77184 
167.759 77.9937 20.761 -6.77153 
169.916 79.2667 20.761 -6.77121 
172.074 80.5397 20.761 -6.77088 
174.231 81.8126 20.761 -6.77055 
176.389 83.0856 20.761 -6.77023 
178.546 84.3586 20.761 -6.76992 
180.704 85.6316 20.761 -6.76962 
156.995 69.124 20.761 -6.77288 
159.153 70.3969 20.761 -6.77267 
161.31 71.6699 20.761 -6.77244 
163.468 72.9429 20.761 -6.77218 
165.625 74.2159 20.761 -6.77191 
167.783 75.4888 20.761 -6.77161 
169.94 76.7618 20.761 -6.77131 
172.098 78.0348 20.761 -6.771 
174.255 79.3078 20.761 -6.77068 
176.412 80.5807 20.761 -6.77037 
178.57 81.8537 20.761 -6.77007 
161.334 69.165 20.761 -6.77244 
163.491 70.438 20.761 -6.77221 
165.649 71.711 20.761 -6.77195 
167.806 72.9839 20.761 -6.77168 
169.964 74.2569 20.761 -6.77139 
172.121 75.5299 20.761 -6.7711 
174.279 76.8029 20.761 -6.7708 
176.436 78.0758 20.761 -6.7705 
165.673 69.2061 20.761 -6.77197 
167.83 70.4791 20.761 -6.77172 
169.987 71.752 20.761 -6.77146 
172.145 73.025 20.761 -6.77118 
174.302 74.298 20.761 -6.7709 
170.011 69.2471 20.761 -6.7715 
172.169 70.5201 20.761 -6.77125 
130.561 111.461 20.761 -6.77204 
132.718 112.734 20.761 -6.77193 
134.876 114.007 20.761 -6.7718 
128.427 107.683 20.761 -6.77236 
130.585 108.956 20.761 -6.77227 
132.742 110.229 20.761 -6.77216 
134.899 111.502 20.761 -6.77203 
137.057 112.775 20.761 -6.77187 
139.214 114.048 20.761 -6.77168 
126.293 103.905 20.761 -6.77265 
128.451 105.178 20.761 -6.77259 
130.608 106.451 20.761 -6.77251 
132.766 107.724 20.761 -6.7724 
134.923 108.997 20.761 -6.77226 
137.081 110.27 20.761 -6.77209 
139.238 111.543 20.761 -6.7719 
141.395 112.816 20.761 -6.77169 
143.553 114.089 20.761 -6.77147 
124.16 100.127 20.761 -6.7729 
126.317 101.4 20.761 -6.77288 
128.475 102.673 20.761 -6.77283 
130.632 103.946 20.761 -6.77275 
132.789 105.219 20.761 -6.77264 
134.947 106.492 20.761 -6.7725 
137.104 107.765 20.761 -6.77233 
139.262 109.038 20.761 -6.77213 
141.419 110.311 20.761 -6.77192 
143.577 111.584 20.761 -6.77168 
145.734 112.857 20.761 -6.77143 
147.891 114.13 20.761 -6.77117 
122.026 96.3492 20.761 -6.77311 
124.183 97.6222 20.761 -6.77312 
126.341 98.8952 20.761 -6.7731 
128.498 100.168 20.761 -6.77306 
130.656 101.441 20.761 -6.77298 
132.813 102.714 20.761 -6.77287 
134.971 103.987 20.761 -6.77273 
137.128 105.26 20.761 -6.77256 
139.285 106.533 20.761 -6.77237 
141.443 107.806 20.761 -6.77215 
143.6 109.079 20.761 -6.7719 
145.758 110.352 20.761 -6.77164 
147.915 111.625 20.761 -6.77137 
150.073 112.898 20.761 -6.77109 
152.23 114.171 20.761 -6.77081 
119.892 92.5713 20.761 -6.77326 
122.05 93.8443 20.761 -6.77331 
124.207 95.1173 20.761 -6.77333 
126.364 96.3903 20.761 -6.77332 
128.522 97.6632 20.761 -6.77328 
130.679 98.9362 20.761 -6.7732 
132.837 100.209 20.761 -6.7731 
134.994 101.482 20.761 -6.77296 
137.152 102.755 20.761 -6.7728 
139.309 104.028 20.761 -6.7726 
141.467 105.301 20.761 -6.77238 
143.624 106.574 20.761 -6.77213 
145.781 107.847 20.761 -6.77187 
147.939 109.12 20.761 -6.77159 
150.096 110.393 20.761 -6.77129 
152.254 111.666 20.761 -6.771 
154.411 112.939 20.761 -6.7707 
156.569 114.212 20.761 -6.7704 
124.231 92.6124 20.761 -6.77351 
126.388 93.8854 20.761 -6.77351 
128.546 95.1584 20.761 -6.77348 
130.703 96.4313 20.761 -6.77341 
132.861 97.7043 20.761 -6.77332 
135.018 98.9773 20.761 -6.77319 
137.175 100.25 20.761 -6.77302 
139.333 101.523 20.761 -6.77283 
141.49 102.796 20.761 -6.77261 
143.648 104.069 20.761 -6.77236 
145.805 105.342 20.761 -6.77209 
147.963 106.615 20.761 -6.77181 
150.12 107.888 20.761 -6.77151 
152.278 109.161 20.761 -6.7712 
154.435 110.434 20.761 -6.77088 
156.592 111.707 20.761 -6.77057 
158.75 112.98 20.761 -6.77026 
160.907 114.253 20.761 -6.76996 
128.569 92.6535 20.761 -6.77366 
130.727 93.9264 20.761 -6.77361 
132.884 95.1994 20.761 -6.77352 
135.042 96.4724 20.761 -6.7734 
137.199 97.7454 20.761 -6.77324 
139.357 99.0184 20.761 -6.77305 
141.514 100.291 20.761 -6.77284 
143.671 101.564 20.761 -6.77259 
145.829 102.837 20.761 -6.77232 
147.986 104.11 20.761 -6.77203 
150.144 105.383 20.761 -6.77173 
152.301 106.656 20.761 -6.77141 
154.459 107.929 20.761 -6.77108 
156.616 109.202 20.761 -6.77076 
158.774 110.475 20.761 -6.77043 
160.931 111.748 20.761 -6.77011 
163.088 113.021 20.761 -6.7698 
165.246 114.294 20.761 -6.76951 
132.908 92.6945 20.761 -6.7737 
135.065 93.9675 20.761 -6.77359 
137.223 95.2405 20.761 -6.77344 
139.38 96.5135 20.761 -6.77326 
141.538 97.7864 20.761 -6.77305 
143.695 99.0594 20.761 -6.77281 
145.853 100.332 20.761 -6.77255 
148.01 101.605 20.761 -6.77226 
150.167 102.878 20.761 -6.77195 
152.325 104.151 20.761 -6.77163 
154.482 105.424 20.761 -6.77129 
156.64 106.697 20.761 -6.77095 
158.797 107.97 20.761 -6.77061 
160.955 109.243 20.761 -6.77028 
163.112 110.516 20.761 -6.76995 
165.27 111.789 20.761 -6.76964 
167.427 113.062 20.761 -6.76935 
169.584 114.335 20.761 -6.76907 
137.247 92.7356 20.761 -6.77363 
139.404 94.0086 20.761 -6.77346 
141.561 95.2816 20.761 -6.77326 
143.719 96.5545 20.761 -6.77302 
145.876 97.8275 20.761 -6.77276 
148.034 99.1005 20.761 -6.77248 
150.191 100.373 20.761 -6.77217 
152.349 101.646 20.761 -6.77184 
154.506 102.919 20.761 -6.7715 
156.664 104.192 20.761 -6.77116 
158.821 105.465 20.761 -6.77081 
160.978 106.738 20.761 -6.77046 
163.136 108.011 20.761 -6.77012 
165.293 109.284 20.761 -6.76979 
167.451 110.557 20.761 -6.76948 
169.608 111.83 20.761 -6.76918 
171.766 113.103 20.761 -6.76891 
173.923 114.376 20.761 -6.76866 
141.585 92.7767 20.761 -6.77344 
143.743 94.0496 20.761 -6.77322 
145.9 95.3226 20.761 -6.77297 
148.057 96.5956 20.761 -6.77269 
150.215 97.8686 20.761 -6.77238 
152.372 99.1415 20.761 -6.77206 
154.53 100.415 20.761 -6.77172 
156.687 101.687 20.761 -6.77137 
158.845 102.96 20.761 -6.77101 
161.002 104.233 20.761 -6.77065 
163.16 105.506 20.761 -6.7703 
165.317 106.779 20.761 -6.76995 
167.474 108.052 20.761 -6.76962 
169.632 109.325 20.761 -6.76931 
171.789 110.598 20.761 -6.76902 
173.947 111.871 20.761 -6.76875 
176.104 113.144 20.761 -6.76851 
178.262 114.417 20.761 -6.7683 
145.924 92.8177 20.761 -6.77316 
148.081 94.0907 20.761 -6.77288 
150.239 95.3637 20.761 -6.77259 
152.396 96.6367 20.761 -6.77227 
154.553 97.9096 20.761 -6.77193 
156.711 99.1826 20.761 -6.77157 
158.868 100.456 20.761 -6.77121 
161.026 101.729 20.761 -6.77085 
163.183 103.002 20.761 -6.77048 
165.341 104.275 20.761 -6.77013 
167.498 105.547 20.761 -6.76978 
169.656 106.82 20.761 -6.76945 
171.813 108.093 20.761 -6.76914 
173.97 109.366 20.761 -6.76885 
176.128 110.639 20.761 -6.76859 
178.285 111.912 20.761 -6.76836 
180.443 113.185 20.761 -6.76816 
182.6 114.458 20.761 -6.76799 
150.262 92.8588 20.761 -6.77278 
152.42 94.1318 20.761 -6.77246 
154.577 95.4047 20.761 -6.77213 
156.735 96.6777 20.761 -6.77178 
158.892 97.9507 20.761 -6.77141 
161.05 99.2237 20.761 -6.77104 
163.207 100.497 20.761 -6.77067 
165.364 101.77 20.761 -6.77031 
167.522 103.043 20.761 -6.76995 
169.679 104.316 20.761 -6.76961 
171.837 105.589 20.761 -6.76928 
173.994 106.862 20.761 -6.76898 
176.152 108.135 20.761 -6.7687 
178.309 109.407 20.761 -6.76845 
180.467 110.68 20.761 -6.76823 
182.624 111.953 20.761 -6.76804 
184.781 113.226 20.761 -6.76788 
186.939 114.499 20.761 -6.76776 
154.601 92.8999 20.761 -6.77232 
156.758 94.1728 20.761 -6.77197 
158.916 95.4458 20.761 -6.77161 
161.073 96.7188 20.761 -6.77124 
163.231 97.9918 20.761 -6.77087 
165.388 99.2647 20.761 -6.77049 
167.546 100.538 20.761 -6.77013 
169.703 101.811 20.761 -6.76977 
171.86 103.084 20.761 -6.76943 
174.018 104.357 20.761 -6.76912 
176.175 105.63 20.761 -6.76882 
178.333 106.903 20.761 -6.76855 
180.49 108.176 20.761 -6.76831 
182.648 109.449 20.761 -6.76811 
184.805 110.722 20.761 -6.76793 
186.963 111.994 20.761 -6.76779 
189.12 113.267 20.761 -6.76768 
191.277 114.54 20.761 -6.7676 
158.939 92.9409 20.761 -6.7718 
161.097 94.2139 20.761 -6.77143 
163.254 95.4869 20.761 -6.77106 
165.412 96.7598 20.761 -6.77068 
167.569 98.0328 20.761 -6.77031 
169.727 99.3058 20.761 -6.76995 
171.884 100.579 20.761 -6.7696 
174.042 101.852 20.761 -6.76927 
176.199 103.125 20.761 -6.76896 
178.356 104.398 20.761 -6.76868 
180.514 105.671 20.761 -6.76842 
182.671 106.944 20.761 -6.7682 
184.829 108.217 20.761 -6.768 
186.986 109.49 20.761 -6.76784 
189.144 110.763 20.761 -6.76772 
191.301 112.036 20.761 -6.76762 
193.459 113.309 20.761 -6.76755 
195.616 114.582 20.761 -6.76752 
161.121 91.709 20.761 -6.77161 
163.278 92.982 20.761 -6.77124 
165.436 94.255 20.761 -6.77087 
167.593 95.5279 20.761 -6.77049 
169.75 96.8009 20.761 -6.77012 
171.908 98.0739 20.761 -6.76977 
174.065 99.3469 20.761 -6.76943 
176.223 100.62 20.761 -6.76911 
178.38 101.893 20.761 -6.76881 
180.538 103.166 20.761 -6.76854 
182.695 104.439 20.761 -6.7683 
184.853 105.712 20.761 -6.76809 
187.01 106.985 20.761 -6.76792 
189.167 108.258 20.761 -6.76777 
191.325 109.531 20.761 -6.76766 
193.482 110.804 20.761 -6.76758 
195.64 112.077 20.761 -6.76753 
165.459 91.7501 20.761 -6.77104 
167.617 93.023 20.761 -6.77067 
169.774 94.296 20.761 -6.7703 
171.932 95.569 20.761 -6.76994 
174.089 96.842 20.761 -6.76959 
176.246 98.1149 20.761 -6.76926 
178.404 99.3879 20.761 -6.76896 
180.561 100.661 20.761 -6.76868 
182.719 101.934 20.761 -6.76842 
184.876 103.207 20.761 -6.7682 
187.034 104.48 20.761 -6.76801 
189.191 105.753 20.761 -6.76785 
191.349 107.026 20.761 -6.76772 
193.506 108.299 20.761 -6.76763 
169.798 91.7911 20.761 -6.77048 
171.955 93.0641 20.761 -6.77011 
174.113 94.3371 20.761 -6.76976 
176.27 95.6101 20.761 -6.76943 
178.428 96.883 20.761 -6.76911 
180.585 98.156 20.761 -6.76882 
182.742 99.429 20.761 -6.76856 
184.9 100.702 20.761 -6.76832 
187.057 101.975 20.761 -6.76812 
189.215 103.248 20.761 -6.76795 
191.372 104.521 20.761 -6.76781 
174.136 91.8322 20.761 -6.76993 
176.294 93.1052 20.761 -6.76959 
178.451 94.3781 20.761 -6.76927 
180.609 95.6511 20.761 -6.76898 
182.766 96.9241 20.761 -6.7687 
184.924 98.1971 20.761 -6.76846 
187.081 99.4701 20.761 -6.76824 
189.239 100.743 20.761 -6.76806 
178.475 91.8733 20.761 -6.76944 
180.632 93.1462 20.761 -6.76914 
182.79 94.4192 20.761 -6.76886 
184.947 95.6922 20.761 -6.7686 
187.105 96.9652 20.761 -6.76838 
182.814 91.9143 20.761 -6.76901 
184.971 93.1873 20.761 -6.76876 
