13.2292 22.4208 17.5 -6.63495 
11.0243 18.684 17.5 -6.63337 
13.2054 19.9159 17.5 -6.63412 
15.3866 21.1478 17.5 -6.63492 
17.5677 22.3797 17.5 -6.63575 
8.81943 14.9472 17.5 -6.63196 
11.0006 16.1791 17.5 -6.63263 
13.1817 17.411 17.5 -6.63336 
15.3629 18.6429 17.5 -6.63415 
17.544 19.8748 17.5 -6.63498 
19.7252 21.1068 17.5 -6.63584 
21.9063 22.3387 17.5 -6.63672 
6.61458 11.2104 17.5 -6.6308 
8.79573 12.4423 17.5 -6.63135 
10.9769 13.6742 17.5 -6.63198 
13.158 14.9061 17.5 -6.63269 
15.3392 16.138 17.5 -6.63345 
17.5203 17.37 17.5 -6.63428 
19.7015 18.6019 17.5 -6.63513 
21.8826 19.8338 17.5 -6.63602 
24.0638 21.0657 17.5 -6.63692 
26.2449 22.2976 17.5 -6.63783 
4.40972 7.4736 17.5 -6.62993 
6.59087 8.70551 17.5 -6.63033 
8.77202 9.93742 17.5 -6.63083 
10.9532 11.1693 17.5 -6.63143 
13.1343 12.4012 17.5 -6.6321 
15.3155 13.6332 17.5 -6.63285 
17.4966 14.8651 17.5 -6.63365 
19.6778 16.097 17.5 -6.6345 
21.8589 17.3289 17.5 -6.63538 
24.0401 18.5608 17.5 -6.63629 
26.2212 19.7927 17.5 -6.6372 
28.4024 21.0246 17.5 -6.63812 
30.5835 22.2565 17.5 -6.63902 
2.20486 3.7368 17.5 -6.62939 
4.38601 4.96871 17.5 -6.62963 
6.56716 6.20062 17.5 -6.62998 
8.74831 7.43254 17.5 -6.63043 
10.9295 8.66445 17.5 -6.63098 
13.1106 9.89636 17.5 -6.63162 
15.2918 11.1283 17.5 -6.63234 
17.4729 12.3602 17.5 -6.63312 
19.6541 13.5921 17.5 -6.63395 
21.8352 14.824 17.5 -6.63482 
24.0164 16.0559 17.5 -6.63572 
26.1975 17.2878 17.5 -6.63664 
28.3787 18.5197 17.5 -6.63756 
30.5598 19.7517 17.5 -6.63848 
32.741 20.9836 17.5 -6.63937 
34.9221 22.2155 17.5 -6.64024 
0 0 17.5 -6.62921 
2.18115 1.23191 17.5 -6.62927 
4.3623 2.46382 17.5 -6.62945 
6.54345 3.69574 17.5 -6.62974 
8.7246 4.92765 17.5 -6.63015 
10.9058 6.15956 17.5 -6.63065 
13.0869 7.39147 17.5 -6.63125 
15.2681 8.62338 17.5 -6.63193 
17.4492 9.8553 17.5 -6.63268 
19.6304 11.0872 17.5 -6.63349 
21.8115 12.3191 17.5 -6.63434 
23.9927 13.551 17.5 -6.63523 
26.1738 14.7829 17.5 -6.63615 
28.355 16.0149 17.5 -6.63707 
30.5361 17.2468 17.5 -6.63799 
32.7173 18.4787 17.5 -6.6389 
34.8984 19.7106 17.5 -6.63979 
37.0796 20.9425 17.5 -6.64064 
39.2607 22.1744 17.5 -6.64145 
6.51974 1.19085 17.5 -6.62963 
8.70089 2.42276 17.5 -6.62998 
10.882 3.65467 17.5 -6.63043 
13.0632 4.88658 17.5 -6.63099 
15.2443 6.1185 17.5 -6.63162 
17.4255 7.35041 17.5 -6.63234 
19.6066 8.58232 17.5 -6.63312 
21.7878 9.81423 17.5 -6.63395 
23.9689 11.0461 17.5 -6.63483 
26.1501 12.2781 17.5 -6.63573 
28.3312 13.51 17.5 -6.63664 
30.5124 14.7419 17.5 -6.63757 
32.6936 15.9738 17.5 -6.63848 
34.8747 17.2057 17.5 -6.63938 
37.0559 18.4376 17.5 -6.64025 
39.237 19.6695 17.5 -6.64108 
41.4182 20.9014 17.5 -6.64187 
43.5993 22.1334 17.5 -6.6426 
10.8583 1.14978 17.5 -6.63033 
13.0395 2.3817 17.5 -6.63084 
15.2206 3.61361 17.5 -6.63143 
17.4018 4.84552 17.5 -6.63211 
19.5829 6.07743 17.5 -6.63285 
21.7641 7.30934 17.5 -6.63366 
23.9452 8.54126 17.5 -6.63451 
26.1264 9.77317 17.5 -6.63539 
28.3075 11.0051 17.5 -6.6363 
30.4887 12.237 17.5 -6.63721 
32.6698 13.4689 17.5 -6.63813 
34.851 14.7008 17.5 -6.63903 
37.0321 15.9327 17.5 -6.6399 
39.2133 17.1646 17.5 -6.64075 
41.3944 18.3966 17.5 -6.64155 
43.5756 19.6285 17.5 -6.6423 
45.7567 20.8604 17.5 -6.643 
47.9379 22.0923 17.5 -6.64363 
15.1969 1.10872 17.5 -6.63135 
17.3781 2.34063 17.5 -6.63198 
19.5592 3.57254 17.5 -6.63269 
21.7404 4.80446 17.5 -6.63346 
23.9215 6.03637 17.5 -6.63428 
26.1027 7.26828 17.5 -6.63515 
28.2838 8.50019 17.5 -6.63603 
30.465 9.73211 17.5 -6.63694 
32.6461 10.964 17.5 -6.63784 
34.8273 12.1959 17.5 -6.63874 
37.0084 13.4278 17.5 -6.63962 
39.1896 14.6598 17.5 -6.64046 
41.3707 15.8917 17.5 -6.64127 
43.5519 17.1236 17.5 -6.64204 
45.733 18.3555 17.5 -6.64275 
47.9142 19.5874 17.5 -6.6434 
50.0953 20.8193 17.5 -6.64398 
52.2765 22.0512 17.5 -6.6445 
19.5355 1.06766 17.5 -6.63264 
21.7167 2.29957 17.5 -6.63337 
23.8978 3.53148 17.5 -6.63416 
26.079 4.76339 17.5 -6.63499 
28.2601 5.99531 17.5 -6.63586 
30.4413 7.22722 17.5 -6.63674 
32.6224 8.45913 17.5 -6.63763 
34.8036 9.69104 17.5 -6.63852 
36.9847 10.923 17.5 -6.63939 
39.1659 12.1549 17.5 -6.64024 
41.347 13.3868 17.5 -6.64105 
43.5282 14.6187 17.5 -6.64182 
45.7093 15.8506 17.5 -6.64254 
47.8905 17.0825 17.5 -6.6432 
50.0716 18.3144 17.5 -6.64379 
52.2528 19.5463 17.5 -6.64432 
54.4339 20.7782 17.5 -6.64478 
56.6151 22.0102 17.5 -6.64517 
23.8741 1.02659 17.5 -6.63413 
26.0553 2.25851 17.5 -6.63493 
28.2364 3.49042 17.5 -6.63577 
30.4176 4.72233 17.5 -6.63663 
32.5987 5.95424 17.5 -6.6375 
34.7799 7.18615 17.5 -6.63837 
36.961 8.41807 17.5 -6.63924 
39.1422 9.64998 17.5 -6.64008 
41.3233 10.8819 17.5 -6.64088 
43.5045 12.1138 17.5 -6.64165 
45.6856 13.3457 17.5 -6.64237 
47.8668 14.5776 17.5 -6.64303 
50.0479 15.8095 17.5 -6.64364 
52.2291 17.0414 17.5 -6.64417 
54.4102 18.2734 17.5 -6.64464 
56.5914 19.5053 17.5 -6.64503 
58.7725 20.7372 17.5 -6.64536 
60.9537 21.9691 17.5 -6.64561 
28.2127 0.98553 17.5 -6.63577 
30.3939 2.21744 17.5 -6.63661 
32.575 3.44935 17.5 -6.63745 
34.7562 4.68127 17.5 -6.63831 
36.9373 5.91318 17.5 -6.63915 
39.1185 7.14509 17.5 -6.63998 
41.2996 8.377 17.5 -6.64078 
43.4808 9.60891 17.5 -6.64154 
45.6619 10.8408 17.5 -6.64225 
47.8431 12.0727 17.5 -6.64292 
50.0242 13.3046 17.5 -6.64352 
52.2054 14.5366 17.5 -6.64406 
54.3865 15.7685 17.5 -6.64453 
56.5677 17.0004 17.5 -6.64492 
58.7488 18.2323 17.5 -6.64525 
60.93 19.4642 17.5 -6.6455 
63.1111 20.6961 17.5 -6.64568 
65.2923 21.928 17.5 -6.64579 
32.5513 0.944466 17.5 -6.63749 
34.7325 2.17638 17.5 -6.63832 
36.9136 3.40829 17.5 -6.63914 
39.0948 4.6402 17.5 -6.63995 
41.2759 5.87211 17.5 -6.64074 
43.4571 7.10403 17.5 -6.64149 
45.6382 8.33594 17.5 -6.6422 
47.8194 9.56785 17.5 -6.64285 
50.0005 10.7998 17.5 -6.64345 
52.1817 12.0317 17.5 -6.64398 
54.3628 13.2636 17.5 -6.64445 
56.544 14.4955 17.5 -6.64484 
58.7251 15.7274 17.5 -6.64516 
60.9063 16.9593 17.5 -6.64541 
63.0874 18.1912 17.5 -6.64559 
65.2686 19.4231 17.5 -6.6457 
67.4497 20.6551 17.5 -6.64573 
69.6309 21.887 17.5 -6.64571 
36.8899 0.903402 17.5 -6.63921 
39.071 2.13531 17.5 -6.64 
41.2522 3.36723 17.5 -6.64077 
43.4333 4.59914 17.5 -6.6415 
45.6145 5.83105 17.5 -6.6422 
47.7956 7.06296 17.5 -6.64284 
49.9768 8.29487 17.5 -6.64343 
52.1579 9.52679 17.5 -6.64395 
54.3391 10.7587 17.5 -6.64441 
56.5202 11.9906 17.5 -6.6448 
58.7014 13.2225 17.5 -6.64512 
60.8826 14.4544 17.5 -6.64536 
63.0637 15.6863 17.5 -6.64552 
65.2449 16.9183 17.5 -6.64562 
67.426 18.1502 17.5 -6.64565 
69.6072 19.3821 17.5 -6.64561 
71.7883 20.614 17.5 -6.64552 
73.9695 21.8459 17.5 -6.64537 
41.2285 0.862338 17.5 -6.64086 
43.4096 2.09425 17.5 -6.64158 
45.5908 3.32616 17.5 -6.64226 
47.7719 4.55807 17.5 -6.64289 
49.9531 5.78999 17.5 -6.64346 
52.1342 7.0219 17.5 -6.64398 
54.3154 8.25381 17.5 -6.64442 
56.4965 9.48572 17.5 -6.6448 
58.6777 10.7176 17.5 -6.64511 
60.8588 11.9495 17.5 -6.64534 
63.04 13.1815 17.5 -6.64549 
65.2211 14.4134 17.5 -6.64558 
67.4023 15.6453 17.5 -6.64559 
69.5834 16.8772 17.5 -6.64554 
71.7646 18.1091 17.5 -6.64542 
73.9457 19.341 17.5 -6.64525 
76.1269 20.5729 17.5 -6.64504 
78.308 21.8048 17.5 -6.64478 
45.5671 0.821275 17.5 -6.64238 
47.7482 2.05319 17.5 -6.64299 
49.9294 3.2851 17.5 -6.64355 
52.1105 4.51701 17.5 -6.64405 
54.2917 5.74892 17.5 -6.64449 
56.4728 6.98083 17.5 -6.64485 
58.654 8.21275 17.5 -6.64514 
60.8351 9.44466 17.5 -6.64536 
63.0163 10.6766 17.5 -6.6455 
65.1974 11.9085 17.5 -6.64557 
67.3786 13.1404 17.5 -6.64556 
69.5597 14.3723 17.5 -6.64549 
71.7409 15.6042 17.5 -6.64535 
73.922 16.8361 17.5 -6.64516 
76.1032 18.068 17.5 -6.64492 
49.9057 0.780211 17.5 -6.64369 
52.0868 2.01212 17.5 -6.64418 
54.268 3.24404 17.5 -6.6446 
56.4491 4.47595 17.5 -6.64495 
58.6303 5.70786 17.5 -6.64522 
60.8114 6.93977 17.5 -6.64542 
62.9926 8.17168 17.5 -6.64555 
65.1737 9.4036 17.5 -6.6456 
67.3549 10.6355 17.5 -6.64557 
69.536 11.8674 17.5 -6.64548 
71.7172 13.0993 17.5 -6.64532 
73.8983 14.3312 17.5 -6.6451 
54.2443 0.739147 17.5 -6.64476 
56.4254 1.97106 17.5 -6.64509 
58.6066 3.20297 17.5 -6.64535 
60.7877 4.43488 17.5 -6.64553 
62.9689 5.6668 17.5 -6.64564 
65.15 6.89871 17.5 -6.64567 
67.3312 8.13062 17.5 -6.64563 
69.5123 9.36253 17.5 -6.64551 
71.6935 10.5944 17.5 -6.64532 
58.5829 0.698083 17.5 -6.64552 
60.764 1.93 17.5 -6.64569 
62.9452 3.16191 17.5 -6.64578 
65.1263 4.39382 17.5 -6.64579 
67.3075 5.62573 17.5 -6.64572 
69.4886 6.85764 17.5 -6.64558 
62.9215 0.65702 17.5 -6.64596 
65.1026 1.88893 17.5 -6.64595 
67.2838 3.12084 17.5 -6.64586 
26.4583 44.8416 17.5 -6.64428 
24.2534 41.1048 17.5 -6.64308 
26.4346 42.3367 17.5 -6.64362 
28.6157 43.5686 17.5 -6.64411 
30.7969 44.8005 17.5 -6.64453 
22.0486 37.368 17.5 -6.64166 
24.2297 38.5999 17.5 -6.64232 
26.4109 39.8318 17.5 -6.64293 
28.592 41.0637 17.5 -6.64349 
30.7732 42.2956 17.5 -6.64399 
32.9543 43.5276 17.5 -6.64443 
35.1355 44.7595 17.5 -6.6448 
19.8437 33.6312 17.5 -6.64007 
22.0249 34.8631 17.5 -6.64081 
24.206 36.095 17.5 -6.64153 
26.3872 37.3269 17.5 -6.6422 
28.5683 38.5588 17.5 -6.64283 
30.7495 39.7908 17.5 -6.64341 
32.9306 41.0227 17.5 -6.64393 
35.1118 42.2546 17.5 -6.64438 
37.2929 43.4865 17.5 -6.64476 
39.4741 44.7184 17.5 -6.64508 
17.6389 29.8944 17.5 -6.63837 
19.82 31.1263 17.5 -6.63917 
22.0012 32.3582 17.5 -6.63996 
24.1823 33.5901 17.5 -6.64072 
26.3635 34.822 17.5 -6.64146 
28.5446 36.054 17.5 -6.64215 
30.7258 37.2859 17.5 -6.64279 
32.9069 38.5178 17.5 -6.64339 
35.0881 39.7497 17.5 -6.64391 
37.2692 40.9816 17.5 -6.64438 
39.4504 42.2135 17.5 -6.64477 
41.6315 43.4454 17.5 -6.6451 
43.8127 44.6773 17.5 -6.64535 
15.434 26.1576 17.5 -6.63664 
17.6152 27.3895 17.5 -6.63746 
19.7963 28.6214 17.5 -6.63829 
21.9775 29.8533 17.5 -6.63911 
24.1586 31.0852 17.5 -6.63992 
26.3398 32.3172 17.5 -6.6407 
28.5209 33.5491 17.5 -6.64145 
30.7021 34.781 17.5 -6.64216 
32.8832 36.0129 17.5 -6.64281 
35.0644 37.2448 17.5 -6.64341 
37.2455 38.4767 17.5 -6.64395 
39.4267 39.7086 17.5 -6.64442 
41.6078 40.9405 17.5 -6.64483 
43.789 42.1725 17.5 -6.64516 
45.9701 43.4044 17.5 -6.64542 
48.1513 44.6363 17.5 -6.64561 
15.4103 23.6527 17.5 -6.63575 
17.5915 24.8846 17.5 -6.63658 
19.7726 26.1165 17.5 -6.63743 
21.9538 27.3484 17.5 -6.63828 
24.1349 28.5804 17.5 -6.63912 
26.3161 29.8123 17.5 -6.63995 
28.4972 31.0442 17.5 -6.64075 
30.6784 32.2761 17.5 -6.64151 
32.8595 33.508 17.5 -6.64222 
35.0407 34.7399 17.5 -6.64289 
37.2218 35.9718 17.5 -6.64349 
39.403 37.2037 17.5 -6.64404 
41.5841 38.4357 17.5 -6.64451 
43.7653 39.6676 17.5 -6.64492 
45.9464 40.8995 17.5 -6.64525 
48.1276 42.1314 17.5 -6.64552 
50.3087 43.3633 17.5 -6.64571 
52.4899 44.5952 17.5 -6.64584 
54.671 45.8271 17.5 -6.6459 
19.7489 23.6116 17.5 -6.63661 
21.93 24.8436 17.5 -6.63748 
24.1112 26.0755 17.5 -6.63835 
26.2923 27.3074 17.5 -6.63921 
28.4735 28.5393 17.5 -6.64005 
30.6546 29.7712 17.5 -6.64086 
32.8358 31.0031 17.5 -6.64162 
35.0169 32.235 17.5 -6.64234 
37.1981 33.4669 17.5 -6.64301 
39.3793 34.6989 17.5 -6.64362 
41.5604 35.9308 17.5 -6.64416 
43.7416 37.1627 17.5 -6.64463 
45.9227 38.3946 17.5 -6.64504 
48.1039 39.6265 17.5 -6.64537 
50.285 40.8584 17.5 -6.64563 
52.4662 42.0903 17.5 -6.64583 
54.6473 43.3222 17.5 -6.64595 
56.8285 44.5542 17.5 -6.64602 
59.0096 45.7861 17.5 -6.64603 
24.0875 23.5706 17.5 -6.63761 
26.2686 24.8025 17.5 -6.6385 
28.4498 26.0344 17.5 -6.63937 
30.6309 27.2663 17.5 -6.64022 
32.8121 28.4982 17.5 -6.64103 
34.9932 29.7301 17.5 -6.6418 
37.1744 30.9621 17.5 -6.64252 
39.3555 32.194 17.5 -6.64318 
41.5367 33.4259 17.5 -6.64378 
43.7178 34.6578 17.5 -6.64432 
45.899 35.8897 17.5 -6.64478 
48.0801 37.1216 17.5 -6.64518 
50.2613 38.3535 17.5 -6.6455 
52.4424 39.5854 17.5 -6.64576 
54.6236 40.8174 17.5 -6.64595 
56.8047 42.0493 17.5 -6.64607 
58.9859 43.2812 17.5 -6.64613 
61.167 44.5131 17.5 -6.64614 
63.3482 45.745 17.5 -6.6461 
28.4261 23.5295 17.5 -6.63872 
30.6072 24.7614 17.5 -6.6396 
32.7884 25.9933 17.5 -6.64045 
34.9695 27.2253 17.5 -6.64126 
37.1507 28.4572 17.5 -6.64202 
39.3318 29.6891 17.5 -6.64274 
41.513 30.921 17.5 -6.64339 
43.6941 32.1529 17.5 -6.64398 
45.8753 33.3848 17.5 -6.6445 
48.0564 34.6167 17.5 -6.64495 
50.2376 35.8486 17.5 -6.64534 
52.4187 37.0806 17.5 -6.64565 
54.5999 38.3125 17.5 -6.64589 
56.781 39.5444 17.5 -6.64606 
58.9622 40.7763 17.5 -6.64617 
61.1433 42.0082 17.5 -6.64623 
63.3245 43.2401 17.5 -6.64623 
65.5056 44.472 17.5 -6.64619 
67.6868 45.7039 17.5 -6.64611 
32.7647 23.4885 17.5 -6.63989 
34.9458 24.7204 17.5 -6.64074 
37.127 25.9523 17.5 -6.64154 
39.3081 27.1842 17.5 -6.64229 
41.4893 28.4161 17.5 -6.64299 
43.6704 29.648 17.5 -6.64363 
45.8516 30.8799 17.5 -6.6442 
48.0327 32.1118 17.5 -6.6447 
50.2139 33.3438 17.5 -6.64513 
52.395 34.5757 17.5 -6.6455 
54.5762 35.8076 17.5 -6.64579 
56.7573 37.0395 17.5 -6.64601 
58.9385 38.2714 17.5 -6.64616 
61.1196 39.5033 17.5 -6.64626 
63.3008 40.7352 17.5 -6.6463 
65.4819 41.9671 17.5 -6.64629 
67.6631 43.199 17.5 -6.64624 
69.8442 44.431 17.5 -6.64616 
72.0254 45.6629 17.5 -6.64606 
37.1033 23.4474 17.5 -6.64107 
39.2844 24.6793 17.5 -6.64186 
41.4656 25.9112 17.5 -6.6426 
43.6467 27.1431 17.5 -6.64327 
45.8279 28.375 17.5 -6.64389 
48.009 29.607 17.5 -6.64443 
50.1902 30.8389 17.5 -6.64491 
52.3713 32.0708 17.5 -6.64532 
54.5525 33.3027 17.5 -6.64565 
56.7336 34.5346 17.5 -6.64591 
58.9148 35.7665 17.5 -6.64611 
61.0959 36.9984 17.5 -6.64624 
63.2771 38.2303 17.5 -6.64632 
65.4582 39.4622 17.5 -6.64634 
67.6394 40.6942 17.5 -6.64632 
69.8205 41.9261 17.5 -6.64626 
72.0017 43.158 17.5 -6.64617 
74.1828 44.3899 17.5 -6.64607 
76.364 45.6218 17.5 -6.64595 
41.4419 23.4063 17.5 -6.64222 
43.623 24.6382 17.5 -6.64293 
45.8042 25.8702 17.5 -6.64358 
47.9853 27.1021 17.5 -6.64416 
50.1665 28.334 17.5 -6.64467 
52.3476 29.5659 17.5 -6.64512 
54.5288 30.7978 17.5 -6.64549 
56.7099 32.0297 17.5 -6.64579 
58.8911 33.2616 17.5 -6.64602 
61.0722 34.4935 17.5 -6.64619 
63.2534 35.7254 17.5 -6.64629 
65.4345 36.9574 17.5 -6.64634 
67.6157 38.1893 17.5 -6.64634 
69.7968 39.4212 17.5 -6.6463 
71.978 40.6531 17.5 -6.64623 
74.1591 41.885 17.5 -6.64613 
76.3403 43.1169 17.5 -6.64602 
78.5214 44.3488 17.5 -6.6459 
80.7026 45.5807 17.5 -6.64579 
45.7805 23.3653 17.5 -6.64328 
47.9616 24.5972 17.5 -6.64389 
50.1428 25.8291 17.5 -6.64443 
52.3239 27.061 17.5 -6.64491 
54.5051 28.2929 17.5 -6.64531 
56.6862 29.5248 17.5 -6.64564 
58.8674 30.7567 17.5 -6.64591 
61.0485 31.9886 17.5 -6.6461 
63.2297 33.2206 17.5 -6.64623 
65.4108 34.4525 17.5 -6.6463 
67.592 35.6844 17.5 -6.64632 
69.7731 36.9163 17.5 -6.64629 
71.9543 38.1482 17.5 -6.64623 
74.1354 39.3801 17.5 -6.64614 
76.3166 40.612 17.5 -6.64603 
78.4977 41.8439 17.5 -6.64591 
80.6789 43.0759 17.5 -6.64579 
82.86 44.3078 17.5 -6.64568 
85.0412 45.5397 17.5 -6.64559 
50.119 23.3242 17.5 -6.6442 
52.3002 24.5561 17.5 -6.6447 
54.4813 25.788 17.5 -6.64513 
56.6625 27.0199 17.5 -6.64549 
58.8436 28.2518 17.5 -6.64577 
61.0248 29.4838 17.5 -6.64599 
63.2059 30.7157 17.5 -6.64614 
65.3871 31.9476 17.5 -6.64623 
67.5683 33.1795 17.5 -6.64626 
69.7494 34.4114 17.5 -6.64624 
71.9306 35.6433 17.5 -6.64619 
74.1117 36.8752 17.5 -6.6461 
76.2929 38.1071 17.5 -6.64599 
78.474 39.3391 17.5 -6.64586 
80.6552 40.571 17.5 -6.64573 
82.8363 41.8029 17.5 -6.64561 
85.0175 43.0348 17.5 -6.6455 
87.1986 44.2667 17.5 -6.64541 
89.3798 45.4986 17.5 -6.64536 
54.4576 23.2831 17.5 -6.64495 
56.6388 24.515 17.5 -6.64533 
58.8199 25.747 17.5 -6.64563 
61.0011 26.9789 17.5 -6.64586 
63.1822 28.2108 17.5 -6.64603 
65.3634 29.4427 17.5 -6.64613 
67.5445 30.6746 17.5 -6.64617 
69.7257 31.9065 17.5 -6.64616 
71.9068 33.1384 17.5 -6.64611 
74.088 34.3703 17.5 -6.64602 
76.2691 35.6023 17.5 -6.64591 
78.4503 36.8342 17.5 -6.64577 
80.6314 38.0661 17.5 -6.64563 
82.8126 39.298 17.5 -6.64549 
84.9937 40.5299 17.5 -6.64536 
87.1749 41.7618 17.5 -6.64525 
89.356 42.9937 17.5 -6.64516 
91.5372 44.2256 17.5 -6.64512 
58.7962 23.2421 17.5 -6.64549 
60.9774 24.474 17.5 -6.64573 
63.1585 25.7059 17.5 -6.64591 
65.3397 26.9378 17.5 -6.64602 
67.5208 28.1697 17.5 -6.64607 
69.702 29.4016 17.5 -6.64606 
71.8831 30.6335 17.5 -6.64601 
74.0643 31.8655 17.5 -6.64591 
76.2454 33.0974 17.5 -6.64579 
78.4266 34.3293 17.5 -6.64564 
80.6077 35.5612 17.5 -6.64549 
82.7889 36.7931 17.5 -6.64533 
84.97 38.025 17.5 -6.64517 
87.1512 39.2569 17.5 -6.64503 
89.3323 40.4888 17.5 -6.64492 
63.1348 23.201 17.5 -6.64579 
65.316 24.4329 17.5 -6.6459 
67.4971 25.6648 17.5 -6.64595 
69.6783 26.8967 17.5 -6.64595 
71.8594 28.1287 17.5 -6.64589 
74.0406 29.3606 17.5 -6.64579 
76.2217 30.5925 17.5 -6.64565 
78.4029 31.8244 17.5 -6.64549 
80.584 33.0563 17.5 -6.64531 
82.7652 34.2882 17.5 -6.64513 
84.9463 35.5201 17.5 -6.64495 
87.1275 36.752 17.5 -6.64478 
67.4734 23.1599 17.5 -6.64584 
69.6546 24.3919 17.5 -6.64583 
71.8357 25.6238 17.5 -6.64576 
74.0169 26.8557 17.5 -6.64565 
76.198 28.0876 17.5 -6.6455 
78.3792 29.3195 17.5 -6.64532 
80.5603 30.5514 17.5 -6.64512 
82.7415 31.7833 17.5 -6.64491 
84.9226 33.0152 17.5 -6.6447 
71.812 23.1189 17.5 -6.64563 
73.9932 24.3508 17.5 -6.6455 
76.1743 25.5827 17.5 -6.64534 
78.3555 26.8146 17.5 -6.64513 
80.5366 28.0465 17.5 -6.64491 
82.7178 29.2784 17.5 -6.64467 
76.1506 23.0778 17.5 -6.64518 
78.3318 24.3097 17.5 -6.64495 
80.5129 25.5416 17.5 -6.6447 
39.6875 67.2624 17.5 -6.64476 
41.8686 68.4943 17.5 -6.64418 
37.4826 63.5256 17.5 -6.64552 
39.6637 64.7575 17.5 -6.64509 
41.8449 65.9894 17.5 -6.6446 
44.026 67.2213 17.5 -6.64405 
46.2072 68.4532 17.5 -6.64346 
35.2777 59.7888 17.5 -6.64596 
37.4589 61.0207 17.5 -6.64569 
39.64 62.2526 17.5 -6.64535 
41.8212 63.4845 17.5 -6.64495 
44.0023 64.7164 17.5 -6.64449 
46.1835 65.9484 17.5 -6.64398 
48.3646 67.1803 17.5 -6.64343 
50.5458 68.4122 17.5 -6.64285 
33.0729 56.052 17.5 -6.64605 
35.254 57.2839 17.5 -6.64595 
37.4352 58.5158 17.5 -6.64578 
39.6163 59.7477 17.5 -6.64553 
41.7975 60.9796 17.5 -6.64522 
43.9786 62.2116 17.5 -6.64485 
46.1598 63.4435 17.5 -6.64442 
48.3409 64.6754 17.5 -6.64395 
50.5221 65.9073 17.5 -6.64345 
52.7032 67.1392 17.5 -6.64292 
54.8844 68.3711 17.5 -6.64237 
30.868 52.3152 17.5 -6.64579 
33.0492 53.5471 17.5 -6.64587 
35.2303 54.779 17.5 -6.64586 
37.4115 56.0109 17.5 -6.64579 
39.5926 57.2428 17.5 -6.64564 
41.7738 58.4748 17.5 -6.64542 
43.9549 59.7067 17.5 -6.64514 
46.1361 60.9386 17.5 -6.6448 
48.3172 62.1705 17.5 -6.64441 
50.4984 63.4024 17.5 -6.64398 
52.6795 64.6343 17.5 -6.64352 
54.8607 65.8662 17.5 -6.64303 
57.0418 67.0981 17.5 -6.64254 
59.223 68.3301 17.5 -6.64204 
28.6632 48.5784 17.5 -6.64519 
30.8443 49.8103 17.5 -6.64544 
33.0255 51.0422 17.5 -6.64561 
35.2066 52.2741 17.5 -6.6457 
37.3878 53.506 17.5 -6.64572 
39.5689 54.738 17.5 -6.64567 
41.7501 55.9699 17.5 -6.64555 
43.9312 57.2018 17.5 -6.64536 
46.1124 58.4337 17.5 -6.64511 
48.2935 59.6656 17.5 -6.6448 
50.4747 60.8975 17.5 -6.64445 
52.6558 62.1294 17.5 -6.64406 
54.837 63.3613 17.5 -6.64364 
57.0181 64.5933 17.5 -6.6432 
59.1993 65.8252 17.5 -6.64275 
61.3804 67.0571 17.5 -6.6423 
63.5616 68.289 17.5 -6.64187 
28.6395 46.0735 17.5 -6.64468 
30.8206 47.3054 17.5 -6.64501 
33.0018 48.5373 17.5 -6.64528 
35.1829 49.7692 17.5 -6.64547 
37.3641 51.0012 17.5 -6.64558 
39.5452 52.2331 17.5 -6.64563 
41.7264 53.465 17.5 -6.6456 
43.9075 54.6969 17.5 -6.6455 
46.0887 55.9288 17.5 -6.64534 
48.2698 57.1607 17.5 -6.64512 
50.451 58.3926 17.5 -6.64484 
52.6321 59.6245 17.5 -6.64453 
54.8133 60.8565 17.5 -6.64417 
56.9944 62.0884 17.5 -6.64379 
59.1756 63.3203 17.5 -6.6434 
61.3567 64.5522 17.5 -6.643 
63.5379 65.7841 17.5 -6.6426 
65.719 67.016 17.5 -6.64222 
67.9002 68.2479 17.5 -6.64186 
32.978 46.0324 17.5 -6.64488 
35.1592 47.2644 17.5 -6.64516 
37.3403 48.4963 17.5 -6.64537 
39.5215 49.7282 17.5 -6.64551 
41.7027 50.9601 17.5 -6.64557 
43.8838 52.192 17.5 -6.64557 
46.065 53.4239 17.5 -6.64549 
48.2461 54.6558 17.5 -6.64536 
50.4273 55.8877 17.5 -6.64516 
52.6084 57.1197 17.5 -6.64492 
54.7896 58.3516 17.5 -6.64464 
56.9707 59.5835 17.5 -6.64432 
59.1519 60.8154 17.5 -6.64398 
61.333 62.0473 17.5 -6.64363 
63.5142 63.2792 17.5 -6.64328 
65.6953 64.5111 17.5 -6.64293 
67.8765 65.743 17.5 -6.6426 
70.0576 66.975 17.5 -6.64229 
72.2388 68.2069 17.5 -6.64202 
37.3166 45.9914 17.5 -6.6451 
39.4978 47.2233 17.5 -6.64532 
41.6789 48.4552 17.5 -6.64548 
43.8601 49.6871 17.5 -6.64556 
46.0412 50.919 17.5 -6.64558 
48.2224 52.1509 17.5 -6.64552 
50.4035 53.3829 17.5 -6.64541 
52.5847 54.6148 17.5 -6.64525 
54.7658 55.8467 17.5 -6.64503 
56.947 57.0786 17.5 -6.64478 
59.1281 58.3105 17.5 -6.6445 
61.3093 59.5424 17.5 -6.6442 
63.4904 60.7743 17.5 -6.64389 
65.6716 62.0062 17.5 -6.64358 
67.8527 63.2382 17.5 -6.64327 
70.0339 64.4701 17.5 -6.64299 
72.215 65.702 17.5 -6.64274 
74.3962 66.9339 17.5 -6.64252 
76.5774 68.1658 17.5 -6.64234 
41.6552 45.9503 17.5 -6.64532 
43.8364 47.1822 17.5 -6.64549 
46.0175 48.4141 17.5 -6.64559 
48.1987 49.6461 17.5 -6.64562 
50.3798 50.878 17.5 -6.64559 
52.561 52.1099 17.5 -6.6455 
54.7421 53.3418 17.5 -6.64536 
56.9233 54.5737 17.5 -6.64517 
59.1044 55.8056 17.5 -6.64495 
61.2856 57.0375 17.5 -6.6447 
63.4667 58.2694 17.5 -6.64443 
65.6479 59.5014 17.5 -6.64416 
67.829 60.7333 17.5 -6.64389 
70.0102 61.9652 17.5 -6.64363 
72.1913 63.1971 17.5 -6.64339 
74.3725 64.429 17.5 -6.64318 
76.5536 65.6609 17.5 -6.64301 
78.7348 66.8928 17.5 -6.64289 
80.9159 68.1247 17.5 -6.64281 
45.9938 45.9093 17.5 -6.64554 
48.175 47.1412 17.5 -6.64565 
50.3561 48.3731 17.5 -6.6457 
52.5373 49.605 17.5 -6.64568 
54.7184 50.8369 17.5 -6.64561 
56.8996 52.0688 17.5 -6.64549 
59.0807 53.3007 17.5 -6.64533 
61.2619 54.5326 17.5 -6.64513 
63.443 55.7646 17.5 -6.64491 
65.6242 56.9965 17.5 -6.64467 
67.8053 58.2284 17.5 -6.64443 
69.9865 59.4603 17.5 -6.6442 
72.1676 60.6922 17.5 -6.64398 
74.3488 61.9241 17.5 -6.64378 
76.5299 63.156 17.5 -6.64362 
78.7111 64.3879 17.5 -6.64349 
80.8922 65.6198 17.5 -6.64341 
83.0734 66.8518 17.5 -6.64339 
85.2545 68.0837 17.5 -6.64341 
50.3324 45.8682 17.5 -6.64573 
52.5136 47.1001 17.5 -6.64579 
54.6947 48.332 17.5 -6.64579 
56.8759 49.5639 17.5 -6.64573 
59.057 50.7958 17.5 -6.64563 
61.2382 52.0278 17.5 -6.64549 
63.4193 53.2597 17.5 -6.64531 
65.6005 54.4916 17.5 -6.64512 
67.7816 55.7235 17.5 -6.64491 
69.9628 56.9554 17.5 -6.6447 
72.1439 58.1873 17.5 -6.6445 
74.3251 59.4192 17.5 -6.64432 
76.5062 60.6511 17.5 -6.64416 
78.6874 61.883 17.5 -6.64404 
80.8685 63.115 17.5 -6.64395 
83.0497 64.3469 17.5 -6.64391 
85.2308 65.5788 17.5 -6.64393 
87.412 66.8107 17.5 -6.64399 
89.5931 68.0426 17.5 -6.64411 
56.8522 47.059 17.5 -6.64591 
59.0333 48.291 17.5 -6.64586 
61.2145 49.5229 17.5 -6.64577 
63.3956 50.7548 17.5 -6.64564 
65.5768 51.9867 17.5 -6.64549 
67.7579 53.2186 17.5 -6.64532 
69.9391 54.4505 17.5 -6.64513 
72.1202 55.6824 17.5 -6.64495 
74.3014 56.9143 17.5 -6.64478 
76.4825 58.1462 17.5 -6.64463 
78.6637 59.3782 17.5 -6.64451 
80.8448 60.6101 17.5 -6.64442 
83.026 61.842 17.5 -6.64438 
85.2071 63.0739 17.5 -6.64438 
87.3883 64.3058 17.5 -6.64443 
89.5694 65.5377 17.5 -6.64453 
91.7506 66.7696 17.5 -6.64468 
93.9317 68.0015 17.5 -6.64488 
61.1908 47.018 17.5 -6.64599 
63.3719 48.2499 17.5 -6.64591 
65.5531 49.4818 17.5 -6.64579 
67.7342 50.7137 17.5 -6.64565 
69.9154 51.9456 17.5 -6.6455 
72.0965 53.1775 17.5 -6.64534 
74.2777 54.4094 17.5 -6.64518 
76.4588 55.6414 17.5 -6.64504 
78.64 56.8733 17.5 -6.64492 
80.8211 58.1052 17.5 -6.64483 
83.0023 59.3371 17.5 -6.64477 
85.1834 60.569 17.5 -6.64476 
87.3646 61.8009 17.5 -6.6448 
89.5457 63.0328 17.5 -6.64488 
91.7269 64.2647 17.5 -6.64501 
93.908 65.4967 17.5 -6.64519 
96.0892 66.7286 17.5 -6.64542 
98.2703 67.9605 17.5 -6.64568 
65.5293 46.9769 17.5 -6.64602 
67.7105 48.2088 17.5 -6.64591 
69.8917 49.4407 17.5 -6.64579 
72.0728 50.6726 17.5 -6.64565 
74.254 51.9046 17.5 -6.6455 
76.4351 53.1365 17.5 -6.64537 
78.6163 54.3684 17.5 -6.64525 
80.7974 55.6003 17.5 -6.64516 
82.9786 56.8322 17.5 -6.6451 
85.1597 58.0641 17.5 -6.64508 
87.3409 59.296 17.5 -6.6451 
89.522 60.5279 17.5 -6.64516 
91.7032 61.7599 17.5 -6.64528 
93.8843 62.9918 17.5 -6.64544 
96.0655 64.2237 17.5 -6.64564 
98.2466 65.4556 17.5 -6.64589 
100.428 66.6875 17.5 -6.64617 
102.609 67.9194 17.5 -6.64649 
69.8679 46.9358 17.5 -6.64601 
72.0491 48.1678 17.5 -6.64589 
74.2302 49.3997 17.5 -6.64576 
76.4114 50.6316 17.5 -6.64563 
78.5925 51.8635 17.5 -6.64552 
80.7737 53.0954 17.5 -6.64542 
82.9548 54.3273 17.5 -6.64535 
85.136 55.5592 17.5 -6.64532 
87.3171 56.7911 17.5 -6.64532 
89.4983 58.0231 17.5 -6.64537 
91.6794 59.255 17.5 -6.64547 
93.8606 60.4869 17.5 -6.64561 
96.0417 61.7188 17.5 -6.64579 
98.2229 62.9507 17.5 -6.64602 
100.404 64.1826 17.5 -6.64628 
102.585 65.4145 17.5 -6.64658 
74.2065 46.8948 17.5 -6.64595 
76.3877 48.1267 17.5 -6.64583 
78.5688 49.3586 17.5 -6.64571 
80.75 50.5905 17.5 -6.64561 
82.9311 51.8224 17.5 -6.64554 
85.1123 53.0543 17.5 -6.64549 
87.2934 54.2863 17.5 -6.64548 
89.4746 55.5182 17.5 -6.64551 
91.6557 56.7501 17.5 -6.64558 
93.8369 57.982 17.5 -6.6457 
96.018 59.2139 17.5 -6.64587 
98.1992 60.4458 17.5 -6.64607 
100.38 61.6777 17.5 -6.64632 
78.5451 46.8537 17.5 -6.64584 
80.7263 48.0856 17.5 -6.64573 
82.9074 49.3175 17.5 -6.64565 
85.0886 50.5495 17.5 -6.64559 
87.2697 51.7814 17.5 -6.64556 
89.4509 53.0133 17.5 -6.64557 
91.632 54.2452 17.5 -6.64563 
93.8132 55.4771 17.5 -6.64572 
95.9943 56.709 17.5 -6.64586 
98.1755 57.9409 17.5 -6.64605 
82.8837 46.8127 17.5 -6.6457 
85.0649 48.0446 17.5 -6.64562 
87.246 49.2765 17.5 -6.64558 
89.4272 50.5084 17.5 -6.64557 
91.6083 51.7403 17.5 -6.6456 
93.7895 52.9722 17.5 -6.64567 
95.9706 54.2041 17.5 -6.64579 
98.1518 55.436 17.5 -6.64595 
87.2223 46.7716 17.5 -6.64552 
89.4035 48.0035 17.5 -6.64549 
91.5846 49.2354 17.5 -6.6455 
93.7658 50.4673 17.5 -6.64555 
95.9469 51.6992 17.5 -6.64564 
91.5609 46.7305 17.5 -6.64534 
93.7421 47.9624 17.5 -6.64536 
52.9166 89.6832 17.5 -6.63577 
55.0978 90.9151 17.5 -6.63493 
50.7118 85.9464 17.5 -6.63749 
52.8929 87.1783 17.5 -6.63661 
55.0741 88.4102 17.5 -6.63577 
57.2552 89.6421 17.5 -6.63499 
59.4364 90.874 17.5 -6.63428 
48.5069 82.2096 17.5 -6.63921 
50.688 83.4415 17.5 -6.63832 
52.8692 84.6734 17.5 -6.63745 
55.0503 85.9053 17.5 -6.63663 
57.2315 87.1372 17.5 -6.63586 
59.4126 88.3692 17.5 -6.63515 
61.5938 89.6011 17.5 -6.63451 
63.7749 90.833 17.5 -6.63395 
46.302 78.4728 17.5 -6.64086 
48.4832 79.7047 17.5 -6.64 
50.6643 80.9366 17.5 -6.63914 
52.8455 82.1685 17.5 -6.63831 
55.0266 83.4004 17.5 -6.6375 
57.2078 84.6324 17.5 -6.63674 
59.3889 85.8643 17.5 -6.63603 
61.5701 87.0962 17.5 -6.63539 
63.7512 88.3281 17.5 -6.63483 
65.9324 89.56 17.5 -6.63434 
68.1135 90.7919 17.5 -6.63395 
44.0972 74.736 17.5 -6.64238 
46.2783 75.9679 17.5 -6.64158 
48.4595 77.1998 17.5 -6.64077 
50.6406 78.4317 17.5 -6.63995 
52.8218 79.6636 17.5 -6.63915 
55.0029 80.8956 17.5 -6.63837 
57.1841 82.1275 17.5 -6.63763 
59.3652 83.3594 17.5 -6.63694 
61.5464 84.5913 17.5 -6.6363 
63.7275 85.8232 17.5 -6.63573 
65.9087 87.0551 17.5 -6.63523 
68.0898 88.287 17.5 -6.63482 
70.271 89.5189 17.5 -6.6345 
72.4521 90.7509 17.5 -6.63428 
41.8923 70.9992 17.5 -6.64369 
44.0735 72.2311 17.5 -6.64299 
46.2546 73.463 17.5 -6.64226 
48.4358 74.6949 17.5 -6.6415 
50.6169 75.9268 17.5 -6.64074 
52.7981 77.1588 17.5 -6.63998 
54.9792 78.3907 17.5 -6.63924 
57.1604 79.6226 17.5 -6.63852 
59.3415 80.8545 17.5 -6.63784 
61.5227 82.0864 17.5 -6.63721 
63.7038 83.3183 17.5 -6.63664 
65.885 84.5502 17.5 -6.63615 
68.0661 85.7821 17.5 -6.63572 
70.2473 87.0141 17.5 -6.63538 
72.4284 88.246 17.5 -6.63513 
74.6096 89.4779 17.5 -6.63498 
76.7907 90.7098 17.5 -6.63492 
44.0498 69.7262 17.5 -6.64355 
46.2309 70.9581 17.5 -6.64289 
48.4121 72.19 17.5 -6.6422 
50.5932 73.422 17.5 -6.64149 
52.7744 74.6539 17.5 -6.64078 
54.9555 75.8858 17.5 -6.64008 
57.1367 77.1177 17.5 -6.63939 
59.3178 78.3496 17.5 -6.63874 
61.499 79.5815 17.5 -6.63813 
63.6801 80.8134 17.5 -6.63757 
65.8613 82.0453 17.5 -6.63707 
68.0424 83.2773 17.5 -6.63664 
70.2236 84.5092 17.5 -6.63629 
72.4047 85.7411 17.5 -6.63602 
74.5859 86.973 17.5 -6.63584 
76.767 88.2049 17.5 -6.63575 
78.9482 89.4368 17.5 -6.63575 
81.1293 90.6687 17.5 -6.63584 
48.3884 69.6852 17.5 -6.64284 
50.5695 70.9171 17.5 -6.6422 
52.7507 72.149 17.5 -6.64154 
54.9318 73.3809 17.5 -6.64088 
57.113 74.6128 17.5 -6.64024 
59.2941 75.8447 17.5 -6.63962 
61.4753 77.0766 17.5 -6.63903 
63.6564 78.3085 17.5 -6.63848 
65.8376 79.5405 17.5 -6.63799 
68.0187 80.7724 17.5 -6.63756 
70.1999 82.0043 17.5 -6.6372 
72.381 83.2362 17.5 -6.63692 
74.5622 84.4681 17.5 -6.63672 
76.7433 85.7 17.5 -6.63661 
78.9245 86.9319 17.5 -6.63658 
81.1056 88.1638 17.5 -6.63664 
83.2868 89.3958 17.5 -6.63679 
85.4679 90.6277 17.5 -6.63702 
52.7269 69.6441 17.5 -6.64225 
54.9081 70.876 17.5 -6.64165 
57.0892 72.1079 17.5 -6.64105 
59.2704 73.3398 17.5 -6.64046 
61.4515 74.5717 17.5 -6.6399 
63.6327 75.8037 17.5 -6.63938 
65.8138 77.0356 17.5 -6.6389 
67.995 78.2675 17.5 -6.63848 
70.1761 79.4994 17.5 -6.63812 
72.3573 80.7313 17.5 -6.63783 
74.5384 81.9632 17.5 -6.63761 
76.7196 83.1951 17.5 -6.63748 
78.9008 84.427 17.5 -6.63743 
81.0819 85.659 17.5 -6.63746 
83.2631 86.8909 17.5 -6.63758 
85.4442 88.1228 17.5 -6.63777 
87.6254 89.3547 17.5 -6.63804 
89.8065 90.5866 17.5 -6.63839 
57.0655 69.603 17.5 -6.64182 
59.2467 70.8349 17.5 -6.64127 
61.4278 72.0669 17.5 -6.64075 
63.609 73.2988 17.5 -6.64025 
65.7901 74.5307 17.5 -6.63979 
67.9713 75.7626 17.5 -6.63937 
70.1524 76.9945 17.5 -6.63902 
72.3336 78.2264 17.5 -6.63872 
74.5147 79.4583 17.5 -6.6385 
76.6959 80.6902 17.5 -6.63835 
78.877 81.9222 17.5 -6.63828 
81.0582 83.1541 17.5 -6.63829 
83.2393 84.386 17.5 -6.63837 
85.4205 85.6179 17.5 -6.63854 
87.6016 86.8498 17.5 -6.63878 
89.7828 88.0817 17.5 -6.63909 
91.9639 89.3136 17.5 -6.63946 
94.1451 90.5455 17.5 -6.63989 
61.4041 69.562 17.5 -6.64155 
63.5853 70.7939 17.5 -6.64108 
65.7664 72.0258 17.5 -6.64064 
67.9476 73.2577 17.5 -6.64024 
70.1287 74.4896 17.5 -6.63989 
72.3099 75.7215 17.5 -6.6396 
74.491 76.9534 17.5 -6.63937 
76.6722 78.1854 17.5 -6.63921 
78.8533 79.4173 17.5 -6.63912 
81.0345 80.6492 17.5 -6.63911 
83.2156 81.8811 17.5 -6.63917 
85.3968 83.113 17.5 -6.63931 
87.5779 84.3449 17.5 -6.63952 
89.7591 85.5768 17.5 -6.6398 
91.9402 86.8087 17.5 -6.64014 
94.1214 88.0406 17.5 -6.64053 
96.3025 89.2726 17.5 -6.64097 
98.4837 90.5045 17.5 -6.64145 
65.7427 69.5209 17.5 -6.64145 
67.9239 70.7528 17.5 -6.64107 
70.105 71.9847 17.5 -6.64074 
72.2862 73.2166 17.5 -6.64045 
74.4673 74.4486 17.5 -6.64022 
76.6485 75.6805 17.5 -6.64005 
78.8296 76.9124 17.5 -6.63995 
81.0108 78.1443 17.5 -6.63992 
83.1919 79.3762 17.5 -6.63996 
85.3731 80.6081 17.5 -6.64007 
87.5542 81.84 17.5 -6.64025 
89.7354 83.0719 17.5 -6.6405 
91.9165 84.3038 17.5 -6.64081 
94.0977 85.5358 17.5 -6.64117 
96.2788 86.7677 17.5 -6.64159 
98.46 87.9996 17.5 -6.64204 
100.641 89.2315 17.5 -6.64252 
102.822 90.4634 17.5 -6.64302 
70.0813 69.4798 17.5 -6.64154 
72.2625 70.7118 17.5 -6.64126 
74.4436 71.9437 17.5 -6.64103 
76.6248 73.1756 17.5 -6.64086 
78.8059 74.4075 17.5 -6.64075 
80.9871 75.6394 17.5 -6.6407 
83.1682 76.8713 17.5 -6.64072 
85.3494 78.1032 17.5 -6.64081 
87.5305 79.3351 17.5 -6.64097 
89.7117 80.567 17.5 -6.64119 
91.8928 81.799 17.5 -6.64147 
94.074 83.0309 17.5 -6.64181 
96.2551 84.2628 17.5 -6.64219 
98.4363 85.4947 17.5 -6.64262 
100.617 86.7266 17.5 -6.64307 
102.799 87.9585 17.5 -6.64354 
104.98 89.1904 17.5 -6.64403 
107.161 90.4223 17.5 -6.64452 
109.342 91.6543 17.5 -6.645 
74.4199 69.4388 17.5 -6.6418 
76.6011 70.6707 17.5 -6.64162 
78.7822 71.9026 17.5 -6.64151 
80.9634 73.1345 17.5 -6.64145 
83.1445 74.3664 17.5 -6.64146 
85.3257 75.5983 17.5 -6.64153 
87.5068 76.8302 17.5 -6.64166 
89.688 78.0622 17.5 -6.64186 
91.8691 79.2941 17.5 -6.64212 
94.0503 80.526 17.5 -6.64242 
96.2314 81.7579 17.5 -6.64278 
98.4126 82.9898 17.5 -6.64318 
100.594 84.2217 17.5 -6.6436 
102.775 85.4536 17.5 -6.64405 
104.956 86.6855 17.5 -6.64452 
107.137 87.9175 17.5 -6.64498 
109.318 89.1494 17.5 -6.64544 
111.499 90.3813 17.5 -6.64588 
113.681 91.6132 17.5 -6.6463 
78.7585 69.3977 17.5 -6.64222 
80.9397 70.6296 17.5 -6.64216 
83.1208 71.8615 17.5 -6.64215 
85.302 73.0934 17.5 -6.6422 
87.4831 74.3254 17.5 -6.64232 
89.6643 75.5573 17.5 -6.64249 
91.8454 76.7892 17.5 -6.64273 
94.0266 78.0211 17.5 -6.64301 
96.2077 79.253 17.5 -6.64334 
98.3889 80.4849 17.5 -6.64371 
100.57 81.7168 17.5 -6.64411 
102.751 82.9487 17.5 -6.64454 
104.932 84.1807 17.5 -6.64498 
107.113 85.4126 17.5 -6.64543 
109.295 86.6445 17.5 -6.64587 
111.476 87.8764 17.5 -6.6463 
113.657 89.1083 17.5 -6.6467 
115.838 90.3402 17.5 -6.64707 
118.019 91.5721 17.5 -6.64739 
83.0971 69.3566 17.5 -6.64279 
85.2782 70.5886 17.5 -6.64283 
87.4594 71.8205 17.5 -6.64293 
89.6405 73.0524 17.5 -6.64308 
91.8217 74.2843 17.5 -6.64329 
94.0028 75.5162 17.5 -6.64356 
96.184 76.7481 17.5 -6.64386 
98.3651 77.98 17.5 -6.64421 
100.546 79.2119 17.5 -6.64459 
102.727 80.4439 17.5 -6.645 
104.909 81.6758 17.5 -6.64542 
107.09 82.9077 17.5 -6.64584 
109.271 84.1396 17.5 -6.64627 
111.452 85.3715 17.5 -6.64668 
113.633 86.6034 17.5 -6.64707 
115.814 87.8353 17.5 -6.64743 
87.4357 69.3156 17.5 -6.64349 
89.6168 70.5475 17.5 -6.64362 
91.798 71.7794 17.5 -6.64381 
93.9791 73.0113 17.5 -6.64405 
96.1603 74.2432 17.5 -6.64434 
98.3414 75.4751 17.5 -6.64466 
100.523 76.7071 17.5 -6.64502 
102.704 77.939 17.5 -6.64541 
104.885 79.1709 17.5 -6.64581 
107.066 80.4028 17.5 -6.64622 
109.247 81.6347 17.5 -6.64663 
111.428 82.8666 17.5 -6.64703 
113.609 84.0985 17.5 -6.64741 
91.7743 69.2745 17.5 -6.64428 
93.9554 70.5064 17.5 -6.6445 
96.1366 71.7383 17.5 -6.64476 
98.3177 72.9703 17.5 -6.64507 
100.499 74.2022 17.5 -6.6454 
102.68 75.4341 17.5 -6.64577 
104.861 76.666 17.5 -6.64616 
107.042 77.8979 17.5 -6.64655 
109.223 79.1298 17.5 -6.64695 
111.405 80.3617 17.5 -6.64734 
96.1129 69.2335 17.5 -6.64512 
98.294 70.4654 17.5 -6.64541 
100.475 71.6973 17.5 -6.64573 
102.656 72.9292 17.5 -6.64608 
104.837 74.1611 17.5 -6.64645 
107.019 75.393 17.5 -6.64683 
109.2 76.6249 17.5 -6.64721 
100.451 69.1924 17.5 -6.64598 
102.633 70.4243 17.5 -6.64632 
104.814 71.6562 17.5 -6.64667 
106.995 72.8881 17.5 -6.64704 
104.79 69.1513 17.5 -6.64683 
66.1458 112.104 17.5 -6.62927 
68.3269 113.336 17.5 -6.62927 
70.5081 114.568 17.5 -6.62939 
63.9409 108.367 17.5 -6.62963 
66.1221 109.599 17.5 -6.62945 
68.3032 110.831 17.5 -6.62939 
70.4844 112.063 17.5 -6.62945 
72.6655 113.295 17.5 -6.62963 
74.8467 114.527 17.5 -6.62993 
61.736 104.63 17.5 -6.63033 
63.9172 105.862 17.5 -6.62998 
66.0983 107.094 17.5 -6.62974 
68.2795 108.326 17.5 -6.62963 
70.4606 109.558 17.5 -6.62963 
72.6418 110.79 17.5 -6.62976 
74.8229 112.022 17.5 -6.63 
77.0041 113.254 17.5 -6.63035 
79.1852 114.486 17.5 -6.6308 
59.5312 100.894 17.5 -6.63135 
61.7123 102.126 17.5 -6.63084 
63.8935 103.357 17.5 -6.63043 
66.0746 104.589 17.5 -6.63015 
68.2558 105.821 17.5 -6.62998 
70.4369 107.053 17.5 -6.62993 
72.6181 108.285 17.5 -6.63 
74.7992 109.517 17.5 -6.63018 
76.9804 110.749 17.5 -6.63048 
79.1615 111.981 17.5 -6.63088 
81.3427 113.213 17.5 -6.63138 
83.5238 114.445 17.5 -6.63197 
57.3263 97.1568 17.5 -6.63264 
59.5075 98.3887 17.5 -6.63198 
61.6886 99.6206 17.5 -6.63143 
63.8698 100.853 17.5 -6.63099 
66.0509 102.084 17.5 -6.63065 
68.2321 103.316 17.5 -6.63043 
70.4132 104.548 17.5 -6.63033 
72.5944 105.78 17.5 -6.63035 
74.7755 107.012 17.5 -6.63048 
76.9567 108.244 17.5 -6.63072 
79.1378 109.476 17.5 -6.63107 
81.319 110.708 17.5 -6.63152 
83.5001 111.94 17.5 -6.63206 
85.6813 113.172 17.5 -6.63268 
87.8624 114.404 17.5 -6.63338 
55.1215 93.42 17.5 -6.63413 
57.3026 94.6519 17.5 -6.63337 
59.4838 95.8838 17.5 -6.63269 
61.6649 97.1157 17.5 -6.63211 
63.8461 98.3476 17.5 -6.63162 
66.0272 99.5796 17.5 -6.63125 
68.2084 100.811 17.5 -6.63098 
70.3895 102.043 17.5 -6.63083 
72.5707 103.275 17.5 -6.6308 
74.7518 104.507 17.5 -6.63088 
76.933 105.739 17.5 -6.63107 
79.1141 106.971 17.5 -6.63137 
81.2953 108.203 17.5 -6.63177 
83.4764 109.435 17.5 -6.63226 
85.6576 110.667 17.5 -6.63284 
87.8387 111.899 17.5 -6.63349 
90.0199 113.131 17.5 -6.6342 
92.201 114.363 17.5 -6.63497 
57.2789 92.147 17.5 -6.63416 
59.4601 93.3789 17.5 -6.63346 
61.6412 94.6108 17.5 -6.63285 
63.8224 95.8428 17.5 -6.63234 
66.0035 97.0747 17.5 -6.63193 
68.1847 98.3066 17.5 -6.63162 
70.3658 99.5385 17.5 -6.63143 
72.547 100.77 17.5 -6.63135 
74.7281 102.002 17.5 -6.63138 
76.9093 103.234 17.5 -6.63152 
79.0904 104.466 17.5 -6.63177 
81.2716 105.698 17.5 -6.63212 
83.4527 106.93 17.5 -6.63256 
85.6339 108.162 17.5 -6.63309 
87.815 109.394 17.5 -6.63369 
89.9962 110.626 17.5 -6.63437 
92.1773 111.858 17.5 -6.63509 
94.3585 113.09 17.5 -6.63586 
96.5396 114.321 17.5 -6.63667 
61.6175 92.106 17.5 -6.63366 
63.7987 93.3379 17.5 -6.63312 
65.9798 94.5698 17.5 -6.63268 
68.161 95.8017 17.5 -6.63234 
70.3421 97.0336 17.5 -6.6321 
72.5233 98.2655 17.5 -6.63198 
74.7044 99.4974 17.5 -6.63196 
76.8856 100.729 17.5 -6.63206 
79.0667 101.961 17.5 -6.63226 
81.2479 103.193 17.5 -6.63256 
83.429 104.425 17.5 -6.63295 
85.6102 105.657 17.5 -6.63343 
87.7913 106.889 17.5 -6.63399 
89.9725 108.121 17.5 -6.63462 
92.1536 109.353 17.5 -6.63531 
94.3348 110.585 17.5 -6.63605 
96.5159 111.817 17.5 -6.63681 
98.6971 113.048 17.5 -6.63761 
100.878 114.28 17.5 -6.63841 
65.9561 92.0649 17.5 -6.63349 
68.1372 93.2968 17.5 -6.63312 
70.3184 94.5287 17.5 -6.63285 
72.4995 95.7606 17.5 -6.63269 
74.6807 96.9925 17.5 -6.63263 
76.8618 98.2245 17.5 -6.63268 
79.043 99.4564 17.5 -6.63283 
81.2241 100.688 17.5 -6.63308 
83.4053 101.92 17.5 -6.63343 
85.5865 103.152 17.5 -6.63387 
87.7676 104.384 17.5 -6.63438 
89.9488 105.616 17.5 -6.63497 
92.1299 106.848 17.5 -6.63561 
94.3111 108.08 17.5 -6.63631 
96.4922 109.312 17.5 -6.63704 
98.6734 110.544 17.5 -6.6378 
100.855 111.775 17.5 -6.63857 
103.036 113.007 17.5 -6.63935 
105.217 114.239 17.5 -6.64012 
70.2947 92.0238 17.5 -6.63365 
72.4758 93.2557 17.5 -6.63345 
74.657 94.4877 17.5 -6.63336 
76.8381 95.7196 17.5 -6.63337 
79.0193 96.9515 17.5 -6.63348 
81.2004 98.1834 17.5 -6.63369 
83.3816 99.4153 17.5 -6.63399 
85.5627 100.647 17.5 -6.63438 
87.7439 101.879 17.5 -6.63485 
89.925 103.111 17.5 -6.63539 
92.1062 104.343 17.5 -6.636 
94.2873 105.575 17.5 -6.63665 
96.4685 106.807 17.5 -6.63735 
98.6496 108.039 17.5 -6.63807 
100.831 109.271 17.5 -6.63881 
103.012 110.503 17.5 -6.63956 
105.193 111.734 17.5 -6.6403 
107.374 112.966 17.5 -6.64102 
109.555 114.198 17.5 -6.64172 
74.6333 91.9828 17.5 -6.63415 
76.8144 93.2147 17.5 -6.63412 
78.9956 94.4466 17.5 -6.63419 
81.1767 95.6785 17.5 -6.63435 
83.3579 96.9104 17.5 -6.63461 
85.539 98.1423 17.5 -6.63496 
87.7202 99.3742 17.5 -6.63539 
89.9013 100.606 17.5 -6.63589 
92.0825 101.838 17.5 -6.63645 
94.2636 103.07 17.5 -6.63706 
96.4448 104.302 17.5 -6.63772 
98.6259 105.534 17.5 -6.63841 
100.807 106.766 17.5 -6.63912 
102.988 107.998 17.5 -6.63983 
105.169 109.23 17.5 -6.64055 
107.351 110.461 17.5 -6.64125 
109.532 111.693 17.5 -6.64192 
111.713 112.925 17.5 -6.64256 
113.894 114.157 17.5 -6.64315 
78.9719 91.9417 17.5 -6.63495 
81.153 93.1736 17.5 -6.63508 
83.3342 94.4055 17.5 -6.6353 
85.5153 95.6374 17.5 -6.6356 
87.6965 96.8693 17.5 -6.63599 
89.8776 98.1013 17.5 -6.63644 
92.0588 99.3332 17.5 -6.63696 
94.2399 100.565 17.5 -6.63754 
96.4211 101.797 17.5 -6.63816 
98.6022 103.029 17.5 -6.63881 
100.783 104.261 17.5 -6.63949 
102.965 105.493 17.5 -6.64017 
105.146 106.725 17.5 -6.64085 
107.327 107.957 17.5 -6.64153 
109.508 109.188 17.5 -6.64218 
111.689 110.42 17.5 -6.64279 
113.87 111.652 17.5 -6.64337 
116.051 112.884 17.5 -6.64389 
118.233 114.116 17.5 -6.64436 
83.3105 91.9006 17.5 -6.63603 
85.4916 93.1325 17.5 -6.63629 
87.6728 94.3645 17.5 -6.63664 
89.8539 95.5964 17.5 -6.63705 
92.0351 96.8283 17.5 -6.63753 
94.2162 98.0602 17.5 -6.63807 
96.3974 99.2921 17.5 -6.63865 
98.5785 100.524 17.5 -6.63927 
100.76 101.756 17.5 -6.63991 
102.941 102.988 17.5 -6.64056 
105.122 104.22 17.5 -6.64122 
107.303 105.452 17.5 -6.64186 
109.484 106.684 17.5 -6.64248 
111.665 107.915 17.5 -6.64308 
113.847 109.147 17.5 -6.64363 
116.028 110.379 17.5 -6.64413 
118.209 111.611 17.5 -6.64458 
120.39 112.843 17.5 -6.64496 
122.571 114.075 17.5 -6.64528 
87.6491 91.8596 17.5 -6.63733 
89.8302 93.0915 17.5 -6.6377 
92.0114 94.3234 17.5 -6.63815 
94.1925 95.5553 17.5 -6.63865 
96.3737 96.7872 17.5 -6.63919 
98.5548 98.0191 17.5 -6.63977 
100.736 99.251 17.5 -6.64038 
102.917 100.483 17.5 -6.641 
105.098 101.715 17.5 -6.64162 
107.279 102.947 17.5 -6.64224 
109.461 104.179 17.5 -6.64284 
111.642 105.411 17.5 -6.64341 
113.823 106.643 17.5 -6.64394 
116.004 107.874 17.5 -6.64442 
118.185 109.106 17.5 -6.64485 
120.366 110.338 17.5 -6.64522 
122.547 111.57 17.5 -6.64551 
124.729 112.802 17.5 -6.64574 
126.91 114.034 17.5 -6.64589 
91.9877 91.8185 17.5 -6.63879 
94.1688 93.0504 17.5 -6.63925 
96.35 94.2823 17.5 -6.63976 
98.5311 95.5142 17.5 -6.64031 
100.712 96.7462 17.5 -6.64088 
102.893 97.9781 17.5 -6.64147 
105.075 99.21 17.5 -6.64207 
107.256 100.442 17.5 -6.64266 
109.437 101.674 17.5 -6.64323 
111.618 102.906 17.5 -6.64377 
113.799 104.138 17.5 -6.64428 
115.98 105.37 17.5 -6.64475 
118.161 106.601 17.5 -6.64516 
120.343 107.833 17.5 -6.64551 
122.524 109.065 17.5 -6.64579 
124.705 110.297 17.5 -6.646 
126.886 111.529 17.5 -6.64613 
129.067 112.761 17.5 -6.64618 
131.248 113.993 17.5 -6.64616 
96.3262 91.7774 17.5 -6.64036 
98.5074 93.0094 17.5 -6.64087 
100.689 94.2413 17.5 -6.64141 
102.87 95.4732 17.5 -6.64197 
105.051 96.7051 17.5 -6.64254 
107.232 97.937 17.5 -6.6431 
109.413 99.1689 17.5 -6.64365 
111.594 100.401 17.5 -6.64417 
113.775 101.633 17.5 -6.64466 
115.957 102.865 17.5 -6.6451 
118.138 104.097 17.5 -6.6455 
120.319 105.328 17.5 -6.64583 
122.5 106.56 17.5 -6.6461 
124.681 107.792 17.5 -6.64629 
126.862 109.024 17.5 -6.64641 
129.044 110.256 17.5 -6.64645 
100.665 91.7364 17.5 -6.64196 
102.846 92.9683 17.5 -6.64249 
105.027 94.2002 17.5 -6.64303 
107.208 95.4321 17.5 -6.64357 
109.389 96.664 17.5 -6.64409 
111.571 97.8959 17.5 -6.64459 
113.752 99.1279 17.5 -6.64506 
115.933 100.36 17.5 -6.64549 
118.114 101.592 17.5 -6.64586 
120.295 102.824 17.5 -6.64618 
122.476 104.056 17.5 -6.64643 
124.657 105.287 17.5 -6.64661 
126.839 106.519 17.5 -6.64672 
105.003 91.6953 17.5 -6.64353 
107.185 92.9272 17.5 -6.64404 
109.366 94.1591 17.5 -6.64454 
111.547 95.3911 17.5 -6.64502 
113.728 96.623 17.5 -6.64547 
115.909 97.8549 17.5 -6.64588 
118.09 99.0868 17.5 -6.64624 
120.271 100.319 17.5 -6.64655 
122.453 101.551 17.5 -6.64678 
124.634 102.783 17.5 -6.64695 
111.523 92.8862 17.5 -6.64546 
113.704 94.1181 17.5 -6.64589 
115.885 95.35 17.5 -6.64628 
118.067 96.5819 17.5 -6.64663 
120.248 97.8138 17.5 -6.64692 
122.429 99.0457 17.5 -6.64715 
115.862 92.8451 17.5 -6.64668 
118.043 94.077 17.5 -6.64702 
120.224 95.3089 17.5 -6.6473 
78.2843 19.3 17.5 -6.64463 
80.4655 20.5319 17.5 -6.64432 
82.6466 21.7638 17.5 -6.64398 
76.0795 15.5632 17.5 -6.64483 
78.2606 16.7951 17.5 -6.64451 
80.4418 18.027 17.5 -6.64416 
82.6229 19.2589 17.5 -6.64378 
84.8041 20.4908 17.5 -6.64339 
86.9852 21.7227 17.5 -6.64299 
73.8746 11.8264 17.5 -6.64508 
76.0558 13.0583 17.5 -6.64477 
78.2369 14.2902 17.5 -6.64442 
80.4181 15.5221 17.5 -6.64404 
82.5992 16.754 17.5 -6.64362 
84.7804 17.9859 17.5 -6.64318 
86.9615 19.2178 17.5 -6.64274 
89.1427 20.4497 17.5 -6.64229 
91.3238 21.6817 17.5 -6.64186 
93.505 22.9136 17.5 -6.64145 
71.6698 8.08956 17.5 -6.64537 
73.8509 9.32147 17.5 -6.6451 
76.0321 10.5534 17.5 -6.64476 
78.2132 11.7853 17.5 -6.64438 
80.3944 13.0172 17.5 -6.64395 
82.5755 14.2491 17.5 -6.64349 
84.7567 15.481 17.5 -6.64301 
86.9378 16.7129 17.5 -6.64252 
89.119 17.9449 17.5 -6.64202 
91.3001 19.1768 17.5 -6.64154 
93.4813 20.4087 17.5 -6.64107 
95.6624 21.6406 17.5 -6.64064 
97.8436 22.8725 17.5 -6.64025 
69.4649 4.35276 17.5 -6.6457 
71.6461 5.58467 17.5 -6.64547 
73.8272 6.81658 17.5 -6.64516 
76.0084 8.04849 17.5 -6.6448 
78.1895 9.2804 17.5 -6.64438 
80.3707 10.5123 17.5 -6.64391 
82.5518 11.7442 17.5 -6.64341 
84.733 12.9761 17.5 -6.64289 
86.9141 14.2081 17.5 -6.64234 
89.0953 15.44 17.5 -6.6418 
91.2764 16.6719 17.5 -6.64126 
93.4576 17.9038 17.5 -6.64074 
95.6387 19.1357 17.5 -6.64024 
97.8199 20.3676 17.5 -6.63979 
100.001 21.5995 17.5 -6.63938 
102.182 22.8314 17.5 -6.63903 
67.26 0.615956 17.5 -6.64605 
69.4412 1.84787 17.5 -6.64587 
71.6223 3.07978 17.5 -6.64561 
73.8035 4.31169 17.5 -6.64528 
75.9846 5.5436 17.5 -6.64488 
78.1658 6.77552 17.5 -6.64443 
80.3469 8.00743 17.5 -6.64393 
82.5281 9.23934 17.5 -6.64339 
84.7092 10.4713 17.5 -6.64281 
86.8904 11.7032 17.5 -6.64222 
89.0716 12.9351 17.5 -6.64162 
91.2527 14.167 17.5 -6.64103 
93.4339 15.3989 17.5 -6.64045 
95.615 16.6308 17.5 -6.63989 
97.7962 17.8627 17.5 -6.63937 
99.9773 19.0946 17.5 -6.6389 
102.158 20.3265 17.5 -6.63848 
104.34 21.5585 17.5 -6.63813 
106.521 22.7904 17.5 -6.63784 
71.5986 0.574892 17.5 -6.64579 
73.7798 1.8068 17.5 -6.64544 
75.9609 3.03872 17.5 -6.64501 
78.1421 4.27063 17.5 -6.64453 
80.3232 5.50254 17.5 -6.64399 
82.5044 6.73445 17.5 -6.64341 
84.6855 7.96636 17.5 -6.64279 
86.8667 9.19828 17.5 -6.64216 
89.0478 10.4302 17.5 -6.64151 
91.229 11.6621 17.5 -6.64086 
93.4101 12.894 17.5 -6.64022 
95.5913 14.1259 17.5 -6.6396 
97.7724 15.3578 17.5 -6.63902 
99.9536 16.5897 17.5 -6.63848 
102.135 17.8217 17.5 -6.63799 
104.316 19.0536 17.5 -6.63757 
106.497 20.2855 17.5 -6.63721 
108.678 21.5174 17.5 -6.63694 
110.859 22.7493 17.5 -6.63674 
75.9372 0.533829 17.5 -6.64519 
78.1184 1.76574 17.5 -6.64468 
80.2995 2.99765 17.5 -6.64411 
82.4807 4.22956 17.5 -6.64349 
84.6618 5.46148 17.5 -6.64283 
86.843 6.69339 17.5 -6.64215 
89.0241 7.9253 17.5 -6.64145 
91.2053 9.15721 17.5 -6.64075 
93.3864 10.3891 17.5 -6.64005 
95.5676 11.621 17.5 -6.63937 
97.7487 12.8529 17.5 -6.63872 
99.9299 14.0849 17.5 -6.63812 
102.111 15.3168 17.5 -6.63756 
104.292 16.5487 17.5 -6.63707 
106.473 17.7806 17.5 -6.63664 
108.654 19.0125 17.5 -6.6363 
110.836 20.2444 17.5 -6.63603 
113.017 21.4763 17.5 -6.63586 
115.198 22.7082 17.5 -6.63577 
80.2758 0.492765 17.5 -6.64428 
82.457 1.72468 17.5 -6.64362 
84.6381 2.95659 17.5 -6.64293 
86.8193 4.1885 17.5 -6.6422 
89.0004 5.42041 17.5 -6.64146 
91.1816 6.65232 17.5 -6.6407 
93.3627 7.88424 17.5 -6.63995 
95.5439 9.11615 17.5 -6.63921 
97.725 10.3481 17.5 -6.6385 
99.9062 11.58 17.5 -6.63783 
102.087 12.8119 17.5 -6.6372 
104.268 14.0438 17.5 -6.63664 
106.45 15.2757 17.5 -6.63615 
108.631 16.5076 17.5 -6.63573 
110.812 17.7395 17.5 -6.63539 
112.993 18.9714 17.5 -6.63515 
115.174 20.2034 17.5 -6.63499 
117.355 21.4353 17.5 -6.63493 
119.537 22.6672 17.5 -6.63497 
84.6144 0.451701 17.5 -6.64308 
86.7956 1.68361 17.5 -6.64232 
88.9767 2.91553 17.5 -6.64153 
91.1579 4.14744 17.5 -6.64072 
93.339 5.37935 17.5 -6.63992 
95.5202 6.61126 17.5 -6.63912 
97.7013 7.84317 17.5 -6.63835 
99.8825 9.07509 17.5 -6.63761 
102.064 10.307 17.5 -6.63692 
104.245 11.5389 17.5 -6.63629 
106.426 12.7708 17.5 -6.63572 
108.607 14.0027 17.5 -6.63523 
110.788 15.2346 17.5 -6.63483 
112.969 16.4666 17.5 -6.63451 
115.151 17.6985 17.5 -6.63428 
117.332 18.9304 17.5 -6.63416 
119.513 20.1623 17.5 -6.63413 
121.694 21.3942 17.5 -6.6342 
123.875 22.6261 17.5 -6.63437 
88.953 0.410637 17.5 -6.64166 
91.1342 1.64255 17.5 -6.64081 
93.3153 2.87446 17.5 -6.63996 
95.4965 4.10637 17.5 -6.63911 
97.6776 5.33829 17.5 -6.63828 
99.8588 6.5702 17.5 -6.63748 
102.04 7.80211 17.5 -6.63672 
104.221 9.03402 17.5 -6.63602 
106.402 10.2659 17.5 -6.63538 
108.583 11.4978 17.5 -6.63482 
110.765 12.7298 17.5 -6.63434 
112.946 13.9617 17.5 -6.63395 
115.127 15.1936 17.5 -6.63366 
117.308 16.4255 17.5 -6.63346 
119.489 17.6574 17.5 -6.63337 
121.67 18.8893 17.5 -6.63338 
123.851 20.1212 17.5 -6.63349 
126.033 21.3531 17.5 -6.63369 
128.214 22.5851 17.5 -6.63399 
93.2916 0.369574 17.5 -6.64007 
95.4728 1.60149 17.5 -6.63917 
97.6539 2.8334 17.5 -6.63829 
99.8351 4.06531 17.5 -6.63743 
102.016 5.29722 17.5 -6.63661 
104.197 6.52913 17.5 -6.63584 
106.379 7.76105 17.5 -6.63513 
108.56 8.99296 17.5 -6.6345 
110.741 10.2249 17.5 -6.63395 
112.922 11.4568 17.5 -6.63349 
115.103 12.6887 17.5 -6.63312 
117.284 13.9206 17.5 -6.63285 
119.465 15.1525 17.5 -6.63269 
121.647 16.3844 17.5 -6.63264 
123.828 17.6163 17.5 -6.63268 
126.009 18.8483 17.5 -6.63284 
128.19 20.0802 17.5 -6.63309 
130.371 21.3121 17.5 -6.63343 
132.552 22.544 17.5 -6.63387 
97.6302 0.32851 17.5 -6.63837 
99.8113 1.56042 17.5 -6.63746 
101.992 2.79233 17.5 -6.63658 
104.174 4.02425 17.5 -6.63575 
106.355 5.25616 17.5 -6.63498 
108.536 6.48807 17.5 -6.63428 
110.717 7.71998 17.5 -6.63365 
112.898 8.95189 17.5 -6.63312 
115.079 10.1838 17.5 -6.63268 
117.261 11.4157 17.5 -6.63234 
119.442 12.6476 17.5 -6.63211 
121.623 13.8795 17.5 -6.63198 
123.804 15.1115 17.5 -6.63197 
125.985 16.3434 17.5 -6.63206 
128.166 17.5753 17.5 -6.63226 
130.347 18.8072 17.5 -6.63256 
132.529 20.0391 17.5 -6.63295 
134.71 21.271 17.5 -6.63343 
136.891 22.5029 17.5 -6.63399 
101.969 0.287446 17.5 -6.63664 
104.15 1.51936 17.5 -6.63575 
106.331 2.75127 17.5 -6.63492 
108.512 3.98318 17.5 -6.63415 
110.693 5.21509 17.5 -6.63345 
112.875 6.44701 17.5 -6.63285 
115.056 7.67892 17.5 -6.63234 
117.237 8.91083 17.5 -6.63193 
119.418 10.1427 17.5 -6.63162 
121.599 11.3747 17.5 -6.63143 
123.78 12.6066 17.5 -6.63135 
125.961 13.8385 17.5 -6.63138 
128.143 15.0704 17.5 -6.63152 
130.324 16.3023 17.5 -6.63177 
132.505 17.5342 17.5 -6.63212 
134.686 18.7661 17.5 -6.63256 
136.867 19.998 17.5 -6.63308 
139.048 21.23 17.5 -6.63369 
141.229 22.4619 17.5 -6.63435 
106.307 0.246382 17.5 -6.63495 
108.489 1.47829 17.5 -6.63412 
110.67 2.71021 17.5 -6.63336 
112.851 3.94212 17.5 -6.63269 
115.032 5.17403 17.5 -6.6321 
117.213 6.40594 17.5 -6.63162 
119.394 7.63785 17.5 -6.63125 
121.575 8.86977 17.5 -6.63099 
123.757 10.1017 17.5 -6.63084 
125.938 11.3336 17.5 -6.6308 
128.119 12.5655 17.5 -6.63088 
130.3 13.7974 17.5 -6.63107 
132.481 15.0293 17.5 -6.63137 
134.662 16.2612 17.5 -6.63177 
136.843 17.4932 17.5 -6.63226 
139.025 18.7251 17.5 -6.63283 
141.206 19.957 17.5 -6.63348 
143.387 21.1889 17.5 -6.63419 
110.646 0.205319 17.5 -6.63337 
112.827 1.43723 17.5 -6.63263 
115.008 2.66914 17.5 -6.63198 
117.189 3.90105 17.5 -6.63143 
119.371 5.13297 17.5 -6.63098 
121.552 6.36488 17.5 -6.63065 
123.733 7.59679 17.5 -6.63043 
125.914 8.8287 17.5 -6.63033 
128.095 10.0606 17.5 -6.63035 
130.276 11.2925 17.5 -6.63048 
132.457 12.5244 17.5 -6.63072 
134.639 13.7564 17.5 -6.63107 
136.82 14.9883 17.5 -6.63152 
139.001 16.2202 17.5 -6.63206 
141.182 17.4521 17.5 -6.63268 
114.985 0.164255 17.5 -6.63196 
117.166 1.39617 17.5 -6.63135 
119.347 2.62808 17.5 -6.63083 
121.528 3.85999 17.5 -6.63043 
123.709 5.0919 17.5 -6.63015 
125.89 6.32382 17.5 -6.62998 
128.071 7.55573 17.5 -6.62993 
130.253 8.78764 17.5 -6.63 
132.434 10.0196 17.5 -6.63018 
134.615 11.2515 17.5 -6.63048 
136.796 12.4834 17.5 -6.63088 
138.977 13.7153 17.5 -6.63138 
119.323 0.123191 17.5 -6.6308 
121.504 1.3551 17.5 -6.63033 
123.685 2.58702 17.5 -6.62998 
125.867 3.81893 17.5 -6.62974 
128.048 5.05084 17.5 -6.62963 
130.229 6.28275 17.5 -6.62963 
132.41 7.51466 17.5 -6.62976 
134.591 8.74658 17.5 -6.63 
136.772 9.97849 17.5 -6.63035 
123.662 0.0821275 17.5 -6.62993 
125.843 1.31404 17.5 -6.62963 
128.024 2.54595 17.5 -6.62945 
130.205 3.77786 17.5 -6.62939 
132.386 5.00978 17.5 -6.62945 
134.568 6.24169 17.5 -6.62963 
128 0.0410637 17.5 -6.62939 
130.181 1.27298 17.5 -6.62927 
132.363 2.50489 17.5 -6.62927 
93.7183 45.4576 17.5 -6.64511 
91.5135 41.7208 17.5 -6.64484 
93.6946 42.9527 17.5 -6.6448 
95.8758 44.1846 17.5 -6.6448 
98.0569 45.4165 17.5 -6.64485 
89.3086 37.984 17.5 -6.64464 
91.4898 39.2159 17.5 -6.64453 
93.6709 40.4478 17.5 -6.64445 
95.8521 41.6797 17.5 -6.64441 
98.0332 42.9116 17.5 -6.64442 
100.214 44.1435 17.5 -6.64449 
102.396 45.3754 17.5 -6.6446 
87.1038 34.2472 17.5 -6.6445 
89.2849 35.4791 17.5 -6.64432 
91.4661 36.711 17.5 -6.64417 
93.6472 37.9429 17.5 -6.64406 
95.8284 39.1748 17.5 -6.64398 
98.0095 40.4067 17.5 -6.64395 
100.191 41.6386 17.5 -6.64398 
102.372 42.8705 17.5 -6.64405 
104.553 44.1025 17.5 -6.64418 
106.734 45.3344 17.5 -6.64436 
84.8989 30.5104 17.5 -6.64443 
87.0801 31.7423 17.5 -6.6442 
89.2612 32.9742 17.5 -6.64398 
91.4424 34.2061 17.5 -6.64379 
93.6235 35.438 17.5 -6.64364 
95.8047 36.6699 17.5 -6.64352 
97.9858 37.9018 17.5 -6.64345 
100.167 39.1337 17.5 -6.64343 
102.348 40.3657 17.5 -6.64346 
104.529 41.5976 17.5 -6.64355 
106.71 42.8295 17.5 -6.64369 
108.892 44.0614 17.5 -6.64389 
111.073 45.2933 17.5 -6.64413 
82.6941 26.7736 17.5 -6.64443 
84.8752 28.0055 17.5 -6.64416 
87.0564 29.2374 17.5 -6.64389 
89.2375 30.4693 17.5 -6.64363 
91.4187 31.7012 17.5 -6.6434 
93.5998 32.9331 17.5 -6.6432 
95.781 34.165 17.5 -6.64303 
97.9621 35.3969 17.5 -6.64292 
100.143 36.6289 17.5 -6.64285 
102.324 37.8608 17.5 -6.64284 
104.506 39.0927 17.5 -6.64289 
106.687 40.3246 17.5 -6.64299 
108.868 41.5565 17.5 -6.64315 
111.049 42.7884 17.5 -6.64337 
113.23 44.0203 17.5 -6.64363 
115.411 45.2522 17.5 -6.64394 
80.4892 23.0368 17.5 -6.6445 
82.6703 24.2687 17.5 -6.6442 
84.8515 25.5006 17.5 -6.64389 
87.0326 26.7325 17.5 -6.64358 
89.2138 27.9644 17.5 -6.64328 
91.3949 29.1963 17.5 -6.643 
93.5761 30.4282 17.5 -6.64275 
95.7573 31.6601 17.5 -6.64254 
97.9384 32.8921 17.5 -6.64237 
100.12 34.124 17.5 -6.64225 
102.301 35.3559 17.5 -6.6422 
104.482 36.5878 17.5 -6.6422 
106.663 37.8197 17.5 -6.64226 
108.844 39.0516 17.5 -6.64238 
111.025 40.2835 17.5 -6.64256 
113.206 41.5154 17.5 -6.64279 
115.388 42.7473 17.5 -6.64308 
117.569 43.9793 17.5 -6.64341 
119.75 45.2112 17.5 -6.64377 
84.8278 22.9957 17.5 -6.64363 
87.0089 24.2276 17.5 -6.64327 
89.1901 25.4595 17.5 -6.64293 
91.3712 26.6914 17.5 -6.6426 
93.5524 27.9233 17.5 -6.6423 
95.7335 29.1553 17.5 -6.64204 
97.9147 30.3872 17.5 -6.64182 
100.096 31.6191 17.5 -6.64165 
102.277 32.851 17.5 -6.64154 
104.458 34.0829 17.5 -6.64149 
106.639 35.3148 17.5 -6.6415 
108.82 36.5467 17.5 -6.64158 
111.002 37.7786 17.5 -6.64172 
113.183 39.0105 17.5 -6.64192 
115.364 40.2425 17.5 -6.64218 
117.545 41.4744 17.5 -6.64248 
119.726 42.7063 17.5 -6.64284 
121.907 43.9382 17.5 -6.64323 
124.088 45.1701 17.5 -6.64365 
89.1664 22.9546 17.5 -6.6426 
91.3475 24.1865 17.5 -6.64222 
93.5287 25.4185 17.5 -6.64187 
95.7098 26.6504 17.5 -6.64155 
97.891 27.8823 17.5 -6.64127 
100.072 29.1142 17.5 -6.64105 
102.253 30.3461 17.5 -6.64088 
104.434 31.578 17.5 -6.64078 
106.616 32.8099 17.5 -6.64074 
108.797 34.0418 17.5 -6.64077 
110.978 35.2737 17.5 -6.64086 
113.159 36.5057 17.5 -6.64102 
115.34 37.7376 17.5 -6.64125 
117.521 38.9695 17.5 -6.64153 
119.702 40.2014 17.5 -6.64186 
121.884 41.4333 17.5 -6.64224 
124.065 42.6652 17.5 -6.64266 
126.246 43.8971 17.5 -6.6431 
128.427 45.129 17.5 -6.64357 
95.6861 24.1455 17.5 -6.64108 
97.8673 25.3774 17.5 -6.64075 
100.048 26.6093 17.5 -6.64046 
102.23 27.8412 17.5 -6.64024 
104.411 29.0731 17.5 -6.64008 
106.592 30.305 17.5 -6.63998 
108.773 31.5369 17.5 -6.63995 
110.954 32.7689 17.5 -6.64 
113.135 34.0008 17.5 -6.64012 
115.316 35.2327 17.5 -6.6403 
117.498 36.4646 17.5 -6.64055 
119.679 37.6965 17.5 -6.64085 
121.86 38.9284 17.5 -6.64122 
124.041 40.1603 17.5 -6.64162 
126.222 41.3922 17.5 -6.64207 
128.403 42.6242 17.5 -6.64254 
130.585 43.8561 17.5 -6.64303 
132.766 45.088 17.5 -6.64353 
100.025 24.1044 17.5 -6.6399 
102.206 25.3363 17.5 -6.63962 
104.387 26.5682 17.5 -6.63939 
106.568 27.8001 17.5 -6.63924 
108.749 29.0321 17.5 -6.63915 
110.93 30.264 17.5 -6.63914 
113.112 31.4959 17.5 -6.63921 
115.293 32.7278 17.5 -6.63935 
117.474 33.9597 17.5 -6.63956 
119.655 35.1916 17.5 -6.63983 
121.836 36.4235 17.5 -6.64017 
124.017 37.6554 17.5 -6.64056 
126.199 38.8874 17.5 -6.641 
128.38 40.1193 17.5 -6.64147 
130.561 41.3512 17.5 -6.64197 
132.742 42.5831 17.5 -6.64249 
134.923 43.815 17.5 -6.64302 
137.104 45.0469 17.5 -6.64354 
104.363 24.0633 17.5 -6.63874 
106.544 25.2953 17.5 -6.63852 
108.726 26.5272 17.5 -6.63837 
110.907 27.7591 17.5 -6.63831 
113.088 28.991 17.5 -6.63832 
115.269 30.2229 17.5 -6.63841 
117.45 31.4548 17.5 -6.63857 
119.631 32.6867 17.5 -6.63881 
121.813 33.9186 17.5 -6.63912 
123.994 35.1506 17.5 -6.63949 
126.175 36.3825 17.5 -6.63991 
128.356 37.6144 17.5 -6.64038 
130.537 38.8463 17.5 -6.64088 
132.718 40.0782 17.5 -6.64141 
134.899 41.3101 17.5 -6.64196 
137.081 42.542 17.5 -6.64252 
139.262 43.7739 17.5 -6.64307 
141.443 45.0059 17.5 -6.6436 
108.702 24.0223 17.5 -6.63763 
110.883 25.2542 17.5 -6.6375 
113.064 26.4861 17.5 -6.63745 
115.245 27.718 17.5 -6.63749 
117.427 28.9499 17.5 -6.63761 
119.608 30.1818 17.5 -6.6378 
121.789 31.4138 17.5 -6.63807 
123.97 32.6457 17.5 -6.63841 
126.151 33.8776 17.5 -6.63881 
128.332 35.1095 17.5 -6.63927 
130.513 36.3414 17.5 -6.63977 
132.695 37.5733 17.5 -6.64031 
134.876 38.8052 17.5 -6.64087 
137.057 40.0371 17.5 -6.64145 
139.238 41.2691 17.5 -6.64204 
141.419 42.501 17.5 -6.64262 
143.6 43.7329 17.5 -6.64318 
145.781 44.9648 17.5 -6.64371 
113.04 23.9812 17.5 -6.63663 
115.222 25.2131 17.5 -6.63661 
117.403 26.445 17.5 -6.63667 
119.584 27.677 17.5 -6.63681 
121.765 28.9089 17.5 -6.63704 
123.946 30.1408 17.5 -6.63735 
126.127 31.3727 17.5 -6.63772 
128.309 32.6046 17.5 -6.63816 
130.49 33.8365 17.5 -6.63865 
132.671 35.0684 17.5 -6.63919 
134.852 36.3003 17.5 -6.63976 
137.033 37.5323 17.5 -6.64036 
139.214 38.7642 17.5 -6.64097 
141.395 39.9961 17.5 -6.64159 
143.577 41.228 17.5 -6.64219 
145.758 42.4599 17.5 -6.64278 
147.939 43.6918 17.5 -6.64334 
150.12 44.9237 17.5 -6.64386 
117.379 23.9402 17.5 -6.63577 
119.56 25.1721 17.5 -6.63586 
121.741 26.404 17.5 -6.63605 
123.923 27.6359 17.5 -6.63631 
126.104 28.8678 17.5 -6.63665 
128.285 30.0997 17.5 -6.63706 
130.466 31.3316 17.5 -6.63754 
132.647 32.5635 17.5 -6.63807 
134.828 33.7955 17.5 -6.63865 
137.009 35.0274 17.5 -6.63925 
139.191 36.2593 17.5 -6.63989 
141.372 37.4912 17.5 -6.64053 
143.553 38.7231 17.5 -6.64117 
145.734 39.955 17.5 -6.64181 
147.915 41.1869 17.5 -6.64242 
150.096 42.4188 17.5 -6.64301 
152.278 43.6507 17.5 -6.64356 
154.459 44.8827 17.5 -6.64405 
121.718 23.8991 17.5 -6.63509 
123.899 25.131 17.5 -6.63531 
126.08 26.3629 17.5 -6.63561 
128.261 27.5948 17.5 -6.636 
130.442 28.8267 17.5 -6.63645 
132.623 30.0587 17.5 -6.63696 
134.805 31.2906 17.5 -6.63753 
136.986 32.5225 17.5 -6.63815 
139.167 33.7544 17.5 -6.63879 
141.348 34.9863 17.5 -6.63946 
143.529 36.2182 17.5 -6.64014 
145.71 37.4501 17.5 -6.64081 
147.891 38.682 17.5 -6.64147 
150.073 39.9139 17.5 -6.64212 
152.254 41.1459 17.5 -6.64273 
154.435 42.3778 17.5 -6.64329 
156.616 43.6097 17.5 -6.64381 
126.056 23.858 17.5 -6.63462 
128.237 25.0899 17.5 -6.63497 
130.419 26.3219 17.5 -6.63539 
132.6 27.5538 17.5 -6.63589 
134.781 28.7857 17.5 -6.63644 
136.962 30.0176 17.5 -6.63705 
139.143 31.2495 17.5 -6.6377 
141.324 32.4814 17.5 -6.63839 
143.505 33.7133 17.5 -6.63909 
145.687 34.9452 17.5 -6.6398 
147.868 36.1772 17.5 -6.6405 
150.049 37.4091 17.5 -6.64119 
152.23 38.641 17.5 -6.64186 
154.411 39.8729 17.5 -6.64249 
130.395 23.817 17.5 -6.63438 
132.576 25.0489 17.5 -6.63485 
134.757 26.2808 17.5 -6.63539 
136.938 27.5127 17.5 -6.63599 
139.119 28.7446 17.5 -6.63664 
141.301 29.9765 17.5 -6.63733 
143.482 31.2084 17.5 -6.63804 
145.663 32.4404 17.5 -6.63878 
147.844 33.6723 17.5 -6.63952 
150.025 34.9042 17.5 -6.64025 
152.206 36.1361 17.5 -6.64097 
134.733 23.7759 17.5 -6.63438 
136.915 25.0078 17.5 -6.63496 
139.096 26.2397 17.5 -6.6356 
141.277 27.4716 17.5 -6.63629 
143.458 28.7036 17.5 -6.63702 
145.639 29.9355 17.5 -6.63777 
147.82 31.1674 17.5 -6.63854 
150.002 32.3993 17.5 -6.63931 
139.072 23.7348 17.5 -6.63461 
141.253 24.9668 17.5 -6.6353 
143.434 26.1987 17.5 -6.63603 
145.616 27.4306 17.5 -6.63679 
147.797 28.6625 17.5 -6.63758 
143.411 23.6938 17.5 -6.63508 
145.592 24.9257 17.5 -6.63584 
104.766 66.6464 17.5 -6.64691 
106.948 67.8784 17.5 -6.64726 
102.561 62.9096 17.5 -6.6466 
104.743 64.1416 17.5 -6.64691 
106.924 65.3735 17.5 -6.64725 
109.105 66.6054 17.5 -6.6476 
111.286 67.8373 17.5 -6.64796 
100.357 59.1728 17.5 -6.64628 
102.538 60.4048 17.5 -6.64654 
104.719 61.6367 17.5 -6.64684 
106.9 62.8686 17.5 -6.64716 
109.081 64.1005 17.5 -6.6475 
111.262 65.3324 17.5 -6.64786 
113.444 66.5643 17.5 -6.64821 
115.625 67.7962 17.5 -6.64856 
100.333 56.668 17.5 -6.64616 
102.514 57.8999 17.5 -6.6464 
104.695 59.1318 17.5 -6.64668 
106.876 60.3637 17.5 -6.64699 
109.058 61.5956 17.5 -6.64732 
111.239 62.8275 17.5 -6.64767 
113.42 64.0594 17.5 -6.64802 
115.601 65.2913 17.5 -6.64838 
117.782 66.5232 17.5 -6.64872 
119.963 67.7552 17.5 -6.64905 
98.1281 52.9312 17.5 -6.64578 
100.309 54.1631 17.5 -6.64596 
102.49 55.395 17.5 -6.64618 
104.672 56.6269 17.5 -6.64645 
106.853 57.8588 17.5 -6.64674 
109.034 59.0907 17.5 -6.64706 
111.215 60.3226 17.5 -6.6474 
113.396 61.5545 17.5 -6.64775 
115.577 62.7865 17.5 -6.64811 
117.758 64.0184 17.5 -6.64846 
119.94 65.2503 17.5 -6.6488 
122.121 66.4822 17.5 -6.64911 
124.302 67.7141 17.5 -6.6494 
95.9232 49.1944 17.5 -6.64542 
98.1044 50.4263 17.5 -6.64553 
100.286 51.6582 17.5 -6.64569 
102.467 52.8901 17.5 -6.64589 
104.648 54.122 17.5 -6.64613 
106.829 55.3539 17.5 -6.64641 
109.01 56.5858 17.5 -6.64672 
111.191 57.8177 17.5 -6.64705 
113.372 59.0497 17.5 -6.6474 
115.554 60.2816 17.5 -6.64775 
117.735 61.5135 17.5 -6.64811 
119.916 62.7454 17.5 -6.64846 
122.097 63.9773 17.5 -6.64879 
124.278 65.2092 17.5 -6.6491 
126.459 66.4411 17.5 -6.64937 
128.64 67.673 17.5 -6.6496 
95.8995 46.6895 17.5 -6.64514 
98.0807 47.9214 17.5 -6.64522 
100.262 49.1533 17.5 -6.64535 
102.443 50.3852 17.5 -6.64552 
104.624 51.6171 17.5 -6.64574 
106.805 52.849 17.5 -6.646 
108.986 54.0809 17.5 -6.64629 
111.168 55.3129 17.5 -6.64661 
113.349 56.5448 17.5 -6.64695 
115.53 57.7767 17.5 -6.64731 
117.711 59.0086 17.5 -6.64767 
119.892 60.2405 17.5 -6.64803 
122.073 61.4724 17.5 -6.64838 
124.254 62.7043 17.5 -6.64871 
126.436 63.9362 17.5 -6.64901 
128.617 65.1681 17.5 -6.64927 
130.798 66.4001 17.5 -6.64949 
132.979 67.632 17.5 -6.64965 
100.238 46.6484 17.5 -6.64495 
102.419 47.8803 17.5 -6.64509 
104.6 49.1122 17.5 -6.64528 
106.782 50.3441 17.5 -6.64551 
108.963 51.5761 17.5 -6.64579 
111.144 52.808 17.5 -6.6461 
113.325 54.0399 17.5 -6.64643 
115.506 55.2718 17.5 -6.64678 
117.687 56.5037 17.5 -6.64715 
119.868 57.7356 17.5 -6.64752 
122.05 58.9675 17.5 -6.64788 
124.231 60.1994 17.5 -6.64823 
126.412 61.4313 17.5 -6.64856 
128.593 62.6633 17.5 -6.64886 
130.774 63.8952 17.5 -6.64911 
132.955 65.1271 17.5 -6.64931 
135.137 66.359 17.5 -6.64946 
137.318 67.5909 17.5 -6.64954 
104.577 46.6073 17.5 -6.64476 
106.758 47.8393 17.5 -6.64496 
108.939 49.0712 17.5 -6.64522 
111.12 50.3031 17.5 -6.64551 
113.301 51.535 17.5 -6.64583 
115.482 52.7669 17.5 -6.64618 
117.664 53.9988 17.5 -6.64655 
119.845 55.2307 17.5 -6.64692 
122.026 56.4626 17.5 -6.6473 
124.207 57.6945 17.5 -6.64767 
126.388 58.9265 17.5 -6.64802 
128.569 60.1584 17.5 -6.64835 
130.75 61.3903 17.5 -6.64864 
132.932 62.6222 17.5 -6.64889 
135.113 63.8541 17.5 -6.64909 
137.294 65.086 17.5 -6.64922 
139.475 66.3179 17.5 -6.64929 
141.656 67.5498 17.5 -6.64929 
108.915 46.5663 17.5 -6.64458 
111.096 47.7982 17.5 -6.64485 
113.278 49.0301 17.5 -6.64516 
115.459 50.262 17.5 -6.6455 
117.64 51.4939 17.5 -6.64586 
119.821 52.7258 17.5 -6.64624 
122.002 53.9577 17.5 -6.64663 
124.183 55.1897 17.5 -6.64702 
126.364 56.4216 17.5 -6.64739 
128.546 57.6535 17.5 -6.64775 
130.727 58.8854 17.5 -6.64808 
132.908 60.1173 17.5 -6.64837 
135.089 61.3492 17.5 -6.64862 
137.27 62.5811 17.5 -6.64881 
139.451 63.813 17.5 -6.64894 
141.633 65.045 17.5 -6.649 
143.814 66.2769 17.5 -6.64899 
145.995 67.5088 17.5 -6.6489 
148.176 68.7407 17.5 -6.64872 
113.254 46.5252 17.5 -6.64442 
115.435 47.7571 17.5 -6.64475 
117.616 48.989 17.5 -6.6451 
119.797 50.2209 17.5 -6.64549 
121.978 51.4529 17.5 -6.64588 
124.16 52.6848 17.5 -6.64628 
126.341 53.9167 17.5 -6.64668 
128.522 55.1486 17.5 -6.64707 
130.703 56.3805 17.5 -6.64743 
132.884 57.6124 17.5 -6.64777 
135.065 58.8443 17.5 -6.64806 
137.247 60.0762 17.5 -6.64831 
139.428 61.3082 17.5 -6.6485 
141.609 62.5401 17.5 -6.64862 
143.79 63.772 17.5 -6.64868 
145.971 65.0039 17.5 -6.64866 
148.152 66.2358 17.5 -6.64856 
150.333 67.4677 17.5 -6.64838 
152.515 68.6996 17.5 -6.64811 
117.592 46.4841 17.5 -6.64428 
119.774 47.7161 17.5 -6.64466 
121.955 48.948 17.5 -6.64506 
124.136 50.1799 17.5 -6.64547 
126.317 51.4118 17.5 -6.64589 
128.498 52.6437 17.5 -6.6463 
130.679 53.8756 17.5 -6.6467 
132.861 55.1075 17.5 -6.64707 
135.042 56.3394 17.5 -6.64741 
137.223 57.5714 17.5 -6.64771 
139.404 58.8033 17.5 -6.64796 
141.585 60.0352 17.5 -6.64815 
143.766 61.2671 17.5 -6.64828 
145.947 62.499 17.5 -6.64834 
148.129 63.7309 17.5 -6.64831 
150.31 64.9628 17.5 -6.64821 
152.491 66.1947 17.5 -6.64802 
154.672 67.4267 17.5 -6.64775 
156.853 68.6586 17.5 -6.6474 
121.931 46.4431 17.5 -6.64417 
124.112 47.675 17.5 -6.64459 
126.293 48.9069 17.5 -6.64502 
128.475 50.1388 17.5 -6.64546 
130.656 51.3707 17.5 -6.64588 
132.837 52.6026 17.5 -6.6463 
135.018 53.8346 17.5 -6.64668 
137.199 55.0665 17.5 -6.64703 
139.38 56.2984 17.5 -6.64734 
141.561 57.5303 17.5 -6.6476 
143.743 58.7622 17.5 -6.64779 
145.924 59.9941 17.5 -6.64792 
148.105 61.226 17.5 -6.64798 
150.286 62.4579 17.5 -6.64796 
152.467 63.6899 17.5 -6.64786 
154.648 64.9218 17.5 -6.64767 
156.829 66.1537 17.5 -6.6474 
159.011 67.3856 17.5 -6.64705 
161.192 68.6175 17.5 -6.64661 
126.27 46.402 17.5 -6.64409 
128.451 47.6339 17.5 -6.64454 
130.632 48.8658 17.5 -6.645 
132.813 50.0978 17.5 -6.64544 
134.994 51.3297 17.5 -6.64587 
137.175 52.5616 17.5 -6.64627 
139.357 53.7935 17.5 -6.64663 
141.538 55.0254 17.5 -6.64695 
143.719 56.2573 17.5 -6.64721 
145.9 57.4892 17.5 -6.64742 
148.081 58.7211 17.5 -6.64755 
150.262 59.9531 17.5 -6.64762 
152.443 61.185 17.5 -6.6476 
154.625 62.4169 17.5 -6.6475 
156.806 63.6488 17.5 -6.64732 
158.987 64.8807 17.5 -6.64706 
161.168 66.1126 17.5 -6.64672 
163.349 67.3445 17.5 -6.64629 
165.53 68.5764 17.5 -6.64579 
130.608 46.361 17.5 -6.64404 
132.789 47.5929 17.5 -6.64452 
134.971 48.8248 17.5 -6.64498 
137.152 50.0567 17.5 -6.64543 
139.333 51.2886 17.5 -6.64584 
141.514 52.5205 17.5 -6.64622 
143.695 53.7524 17.5 -6.64655 
145.876 54.9843 17.5 -6.64683 
148.057 56.2163 17.5 -6.64704 
150.239 57.4482 17.5 -6.64719 
152.42 58.6801 17.5 -6.64726 
154.601 59.912 17.5 -6.64725 
156.782 61.1439 17.5 -6.64716 
158.963 62.3758 17.5 -6.64699 
161.144 63.6077 17.5 -6.64674 
163.326 64.8396 17.5 -6.64641 
165.507 66.0715 17.5 -6.646 
167.688 67.3035 17.5 -6.64551 
169.869 68.5354 17.5 -6.64496 
134.947 46.3199 17.5 -6.64403 
137.128 47.5518 17.5 -6.64452 
139.309 48.7837 17.5 -6.64498 
141.49 50.0156 17.5 -6.64542 
143.671 51.2475 17.5 -6.64581 
145.853 52.4795 17.5 -6.64616 
148.034 53.7114 17.5 -6.64645 
150.215 54.9433 17.5 -6.64667 
152.396 56.1752 17.5 -6.64683 
154.577 57.4071 17.5 -6.64691 
156.758 58.639 17.5 -6.64691 
158.939 59.8709 17.5 -6.64684 
161.121 61.1028 17.5 -6.64668 
163.302 62.3347 17.5 -6.64645 
165.483 63.5667 17.5 -6.64613 
167.664 64.7986 17.5 -6.64574 
169.845 66.0305 17.5 -6.64528 
139.285 46.2788 17.5 -6.64405 
141.467 47.5107 17.5 -6.64454 
143.648 48.7427 17.5 -6.645 
145.829 49.9746 17.5 -6.64541 
148.01 51.2065 17.5 -6.64577 
150.191 52.4384 17.5 -6.64608 
152.372 53.6703 17.5 -6.64632 
154.553 54.9022 17.5 -6.64649 
156.735 56.1341 17.5 -6.64658 
158.916 57.366 17.5 -6.6466 
161.097 58.5979 17.5 -6.64654 
163.278 59.8299 17.5 -6.6464 
165.459 61.0618 17.5 -6.64618 
167.64 62.2937 17.5 -6.64589 
143.624 46.2378 17.5 -6.64411 
145.805 47.4697 17.5 -6.64459 
147.986 48.7016 17.5 -6.64502 
150.167 49.9335 17.5 -6.6454 
152.349 51.1654 17.5 -6.64573 
154.53 52.3973 17.5 -6.64598 
156.711 53.6292 17.5 -6.64617 
158.892 54.8611 17.5 -6.64628 
161.073 56.0931 17.5 -6.64632 
163.254 57.325 17.5 -6.64628 
165.436 58.5569 17.5 -6.64616 
147.963 46.1967 17.5 -6.64421 
150.144 47.4286 17.5 -6.64466 
152.325 48.6605 17.5 -6.64507 
154.506 49.8924 17.5 -6.64541 
156.687 51.1243 17.5 -6.64568 
158.868 52.3563 17.5 -6.64589 
161.05 53.5882 17.5 -6.64602 
163.231 54.8201 17.5 -6.64607 
152.301 46.1556 17.5 -6.64434 
154.482 47.3875 17.5 -6.64476 
156.664 48.6195 17.5 -6.64512 
158.845 49.8514 17.5 -6.64542 
161.026 51.0833 17.5 -6.64564 
156.64 46.1146 17.5 -6.6445 
158.821 47.3465 17.5 -6.64488 
117.996 89.0672 17.5 -6.64775 
120.177 90.2992 17.5 -6.64802 
122.358 91.5311 17.5 -6.64823 
115.791 85.3304 17.5 -6.64777 
117.972 86.5624 17.5 -6.64808 
120.153 87.7943 17.5 -6.64835 
122.334 89.0262 17.5 -6.64856 
124.515 90.2581 17.5 -6.64871 
126.696 91.49 17.5 -6.64879 
113.586 81.5936 17.5 -6.64771 
115.767 82.8256 17.5 -6.64806 
117.948 84.0575 17.5 -6.64837 
120.129 85.2894 17.5 -6.64864 
122.31 86.5213 17.5 -6.64886 
124.492 87.7532 17.5 -6.64901 
126.673 88.9851 17.5 -6.6491 
128.854 90.217 17.5 -6.64911 
131.035 91.4489 17.5 -6.64905 
111.381 77.8568 17.5 -6.6476 
113.562 79.0888 17.5 -6.64796 
115.743 80.3207 17.5 -6.64831 
117.924 81.5526 17.5 -6.64862 
120.106 82.7845 17.5 -6.64889 
122.287 84.0164 17.5 -6.64911 
124.468 85.2483 17.5 -6.64927 
126.649 86.4802 17.5 -6.64937 
128.83 87.7121 17.5 -6.6494 
131.011 88.944 17.5 -6.64934 
133.192 90.176 17.5 -6.64921 
135.374 91.4079 17.5 -6.64899 
109.176 74.12 17.5 -6.64742 
111.357 75.352 17.5 -6.64779 
113.538 76.5839 17.5 -6.64815 
115.72 77.8158 17.5 -6.6485 
117.901 79.0477 17.5 -6.64881 
120.082 80.2796 17.5 -6.64909 
122.263 81.5115 17.5 -6.64931 
124.444 82.7434 17.5 -6.64949 
126.625 83.9753 17.5 -6.6496 
128.806 85.2072 17.5 -6.64964 
130.988 86.4392 17.5 -6.64961 
133.169 87.6711 17.5 -6.64949 
135.35 88.903 17.5 -6.64929 
137.531 90.1349 17.5 -6.649 
139.712 91.3668 17.5 -6.64862 
106.971 70.3832 17.5 -6.64719 
109.152 71.6152 17.5 -6.64755 
111.334 72.8471 17.5 -6.64792 
113.515 74.079 17.5 -6.64828 
115.696 75.3109 17.5 -6.64862 
117.877 76.5428 17.5 -6.64894 
120.058 77.7747 17.5 -6.64922 
122.239 79.0066 17.5 -6.64946 
124.42 80.2385 17.5 -6.64965 
126.602 81.4704 17.5 -6.64978 
128.783 82.7024 17.5 -6.64984 
130.964 83.9343 17.5 -6.64982 
133.145 85.1662 17.5 -6.64973 
135.326 86.3981 17.5 -6.64956 
137.507 87.63 17.5 -6.64929 
139.688 88.8619 17.5 -6.64894 
141.87 90.0938 17.5 -6.6485 
144.051 91.3257 17.5 -6.64796 
109.129 69.1103 17.5 -6.64762 
111.31 70.3422 17.5 -6.64798 
113.491 71.5741 17.5 -6.64834 
115.672 72.806 17.5 -6.64868 
117.853 74.0379 17.5 -6.649 
120.034 75.2698 17.5 -6.64929 
122.216 76.5017 17.5 -6.64954 
124.397 77.7336 17.5 -6.64975 
126.578 78.9656 17.5 -6.64989 
128.759 80.1975 17.5 -6.64998 
130.94 81.4294 17.5 -6.64999 
133.121 82.6613 17.5 -6.64992 
135.302 83.8932 17.5 -6.64978 
137.484 85.1251 17.5 -6.64954 
139.665 86.357 17.5 -6.64922 
141.846 87.5889 17.5 -6.64881 
144.027 88.8209 17.5 -6.64831 
146.208 90.0528 17.5 -6.64771 
148.389 91.2847 17.5 -6.64703 
113.467 69.0692 17.5 -6.64831 
115.648 70.3011 17.5 -6.64866 
117.83 71.533 17.5 -6.64899 
120.011 72.7649 17.5 -6.64929 
122.192 73.9968 17.5 -6.64956 
124.373 75.2288 17.5 -6.64978 
126.554 76.4607 17.5 -6.64995 
128.735 77.6926 17.5 -6.65005 
130.916 78.9245 17.5 -6.65009 
133.098 80.1564 17.5 -6.65006 
135.279 81.3883 17.5 -6.64995 
137.46 82.6202 17.5 -6.64975 
139.641 83.8521 17.5 -6.64946 
141.822 85.0841 17.5 -6.64909 
144.003 86.316 17.5 -6.64862 
146.185 87.5479 17.5 -6.64806 
148.366 88.7798 17.5 -6.64741 
150.547 90.0117 17.5 -6.64668 
152.728 91.2436 17.5 -6.64587 
117.806 69.0281 17.5 -6.6489 
119.987 70.26 17.5 -6.64921 
122.168 71.492 17.5 -6.64949 
124.349 72.7239 17.5 -6.64973 
126.53 73.9558 17.5 -6.64992 
128.712 75.1877 17.5 -6.65006 
130.893 76.4196 17.5 -6.65013 
133.074 77.6515 17.5 -6.65013 
135.255 78.8834 17.5 -6.65005 
137.436 80.1153 17.5 -6.64989 
139.617 81.3473 17.5 -6.64965 
141.798 82.5792 17.5 -6.64931 
143.98 83.8111 17.5 -6.64889 
146.161 85.043 17.5 -6.64837 
148.342 86.2749 17.5 -6.64777 
150.523 87.5068 17.5 -6.64707 
152.704 88.7387 17.5 -6.6463 
154.885 89.9706 17.5 -6.64544 
157.067 91.2026 17.5 -6.64452 
122.144 68.9871 17.5 -6.64934 
124.326 70.219 17.5 -6.64961 
126.507 71.4509 17.5 -6.64982 
128.688 72.6828 17.5 -6.64999 
130.869 73.9147 17.5 -6.65009 
133.05 75.1466 17.5 -6.65013 
135.231 76.3785 17.5 -6.65009 
137.412 77.6105 17.5 -6.64998 
139.594 78.8424 17.5 -6.64978 
141.775 80.0743 17.5 -6.64949 
143.956 81.3062 17.5 -6.64911 
146.137 82.5381 17.5 -6.64864 
148.318 83.77 17.5 -6.64808 
150.499 85.0019 17.5 -6.64743 
152.681 86.2338 17.5 -6.6467 
154.862 87.4658 17.5 -6.64588 
157.043 88.6977 17.5 -6.645 
159.224 89.9296 17.5 -6.64404 
161.405 91.1615 17.5 -6.64303 
126.483 68.946 17.5 -6.64964 
128.664 70.1779 17.5 -6.64984 
130.845 71.4098 17.5 -6.64998 
133.026 72.6417 17.5 -6.65005 
135.208 73.8737 17.5 -6.65006 
137.389 75.1056 17.5 -6.64999 
139.57 76.3375 17.5 -6.64984 
141.751 77.5694 17.5 -6.6496 
143.932 78.8013 17.5 -6.64927 
146.113 80.0332 17.5 -6.64886 
148.295 81.2651 17.5 -6.64835 
150.476 82.497 17.5 -6.64775 
152.657 83.729 17.5 -6.64707 
154.838 84.9609 17.5 -6.6463 
157.019 86.1928 17.5 -6.64546 
159.2 87.4247 17.5 -6.64454 
161.381 88.6566 17.5 -6.64357 
163.563 89.8885 17.5 -6.64254 
165.744 91.1204 17.5 -6.64147 
130.822 68.9049 17.5 -6.64978 
133.003 70.1369 17.5 -6.64989 
135.184 71.3688 17.5 -6.64995 
137.365 72.6007 17.5 -6.64992 
139.546 73.8326 17.5 -6.64982 
141.727 75.0645 17.5 -6.64964 
143.909 76.2964 17.5 -6.64937 
146.09 77.5283 17.5 -6.64901 
148.271 78.7602 17.5 -6.64856 
150.452 79.9922 17.5 -6.64802 
152.633 81.2241 17.5 -6.64739 
154.814 82.456 17.5 -6.64668 
156.995 83.6879 17.5 -6.64589 
159.177 84.9198 17.5 -6.64502 
161.358 86.1517 17.5 -6.64409 
163.539 87.3836 17.5 -6.6431 
165.72 88.6155 17.5 -6.64207 
167.901 89.8475 17.5 -6.641 
170.082 91.0794 17.5 -6.63991 
135.16 68.8639 17.5 -6.64975 
137.341 70.0958 17.5 -6.64978 
139.523 71.3277 17.5 -6.64973 
141.704 72.5596 17.5 -6.64961 
143.885 73.7915 17.5 -6.6494 
146.066 75.0234 17.5 -6.6491 
148.247 76.2554 17.5 -6.64871 
150.428 77.4873 17.5 -6.64823 
152.609 78.7192 17.5 -6.64767 
154.791 79.9511 17.5 -6.64702 
156.972 81.183 17.5 -6.64628 
159.153 82.4149 17.5 -6.64547 
161.334 83.6468 17.5 -6.64459 
163.515 84.8787 17.5 -6.64365 
165.696 86.1107 17.5 -6.64266 
167.877 87.3426 17.5 -6.64162 
170.059 88.5745 17.5 -6.64056 
172.24 89.8064 17.5 -6.63949 
174.421 91.0383 17.5 -6.63841 
139.499 68.8228 17.5 -6.64956 
141.68 70.0547 17.5 -6.64949 
143.861 71.2866 17.5 -6.64934 
146.042 72.5186 17.5 -6.64911 
148.223 73.7505 17.5 -6.64879 
150.405 74.9824 17.5 -6.64838 
152.586 76.2143 17.5 -6.64788 
154.767 77.4462 17.5 -6.6473 
156.948 78.6781 17.5 -6.64663 
159.129 79.91 17.5 -6.64588 
161.31 81.1419 17.5 -6.64506 
163.491 82.3739 17.5 -6.64417 
165.673 83.6058 17.5 -6.64323 
167.854 84.8377 17.5 -6.64224 
170.035 86.0696 17.5 -6.64122 
172.216 87.3015 17.5 -6.64017 
174.397 88.5334 17.5 -6.63912 
176.578 89.7653 17.5 -6.63807 
178.76 90.9972 17.5 -6.63704 
143.837 68.7818 17.5 -6.64921 
146.019 70.0137 17.5 -6.64905 
148.2 71.2456 17.5 -6.6488 
150.381 72.4775 17.5 -6.64846 
152.562 73.7094 17.5 -6.64803 
154.743 74.9413 17.5 -6.64752 
156.924 76.1732 17.5 -6.64692 
159.105 77.4051 17.5 -6.64624 
161.287 78.6371 17.5 -6.64549 
163.468 79.869 17.5 -6.64466 
165.649 81.1009 17.5 -6.64377 
167.83 82.3328 17.5 -6.64284 
170.011 83.5647 17.5 -6.64186 
172.192 84.7966 17.5 -6.64085 
174.374 86.0285 17.5 -6.63983 
176.555 87.2604 17.5 -6.63881 
178.736 88.4923 17.5 -6.6378 
180.917 89.7243 17.5 -6.63681 
183.098 90.9562 17.5 -6.63586 
150.357 69.9726 17.5 -6.64846 
152.538 71.2045 17.5 -6.64811 
154.719 72.4364 17.5 -6.64767 
156.901 73.6683 17.5 -6.64715 
159.082 74.9003 17.5 -6.64655 
161.263 76.1322 17.5 -6.64586 
163.444 77.3641 17.5 -6.6451 
165.625 78.596 17.5 -6.64428 
167.806 79.8279 17.5 -6.64341 
169.987 81.0598 17.5 -6.64248 
172.169 82.2917 17.5 -6.64153 
174.35 83.5236 17.5 -6.64055 
176.531 84.7555 17.5 -6.63956 
178.712 85.9875 17.5 -6.63857 
180.893 87.2194 17.5 -6.63761 
183.074 88.4513 17.5 -6.63667 
154.696 69.9315 17.5 -6.64775 
156.877 71.1635 17.5 -6.64731 
159.058 72.3954 17.5 -6.64678 
161.239 73.6273 17.5 -6.64618 
163.42 74.8592 17.5 -6.6455 
165.601 76.0911 17.5 -6.64475 
167.783 77.323 17.5 -6.64394 
169.964 78.5549 17.5 -6.64308 
172.145 79.7868 17.5 -6.64218 
174.326 81.0187 17.5 -6.64125 
176.507 82.2507 17.5 -6.6403 
178.688 83.4826 17.5 -6.63935 
180.87 84.7145 17.5 -6.63841 
159.034 69.8905 17.5 -6.64695 
161.215 71.1224 17.5 -6.64643 
163.397 72.3543 17.5 -6.64583 
165.578 73.5862 17.5 -6.64516 
167.759 74.8181 17.5 -6.64442 
169.94 76.05 17.5 -6.64363 
172.121 77.2819 17.5 -6.64279 
174.302 78.5139 17.5 -6.64192 
176.484 79.7458 17.5 -6.64102 
178.665 80.9777 17.5 -6.64012 
163.373 69.8494 17.5 -6.6461 
165.554 71.0813 17.5 -6.64551 
167.735 72.3132 17.5 -6.64485 
169.916 73.5451 17.5 -6.64413 
172.098 74.7771 17.5 -6.64337 
174.279 76.009 17.5 -6.64256 
176.46 77.2409 17.5 -6.64172 
167.712 69.8083 17.5 -6.64522 
169.893 71.0403 17.5 -6.64458 
172.074 72.2722 17.5 -6.64389 
174.255 73.5041 17.5 -6.64315 
172.05 69.7673 17.5 -6.64436 
131.225 111.488 17.5 -6.6464 
133.406 112.72 17.5 -6.64628 
135.587 113.952 17.5 -6.64607 
129.02 107.751 17.5 -6.64674 
131.201 108.983 17.5 -6.64668 
133.382 110.215 17.5 -6.64654 
135.563 111.447 17.5 -6.64632 
137.744 112.679 17.5 -6.64602 
139.926 113.911 17.5 -6.64564 
126.815 104.014 17.5 -6.64705 
128.996 105.246 17.5 -6.64706 
131.177 106.478 17.5 -6.64699 
133.358 107.71 17.5 -6.64684 
135.54 108.942 17.5 -6.6466 
137.721 110.174 17.5 -6.64628 
139.902 111.406 17.5 -6.64589 
142.083 112.638 17.5 -6.64542 
144.264 113.87 17.5 -6.64488 
124.61 100.278 17.5 -6.64731 
126.791 101.51 17.5 -6.6474 
128.972 102.741 17.5 -6.6474 
131.154 103.973 17.5 -6.64732 
133.335 105.205 17.5 -6.64716 
135.516 106.437 17.5 -6.64691 
137.697 107.669 17.5 -6.64658 
139.878 108.901 17.5 -6.64617 
142.059 110.133 17.5 -6.64568 
144.24 111.365 17.5 -6.64512 
146.422 112.597 17.5 -6.6445 
148.603 113.829 17.5 -6.64381 
122.405 96.5408 17.5 -6.64752 
124.586 97.7728 17.5 -6.64767 
126.768 99.0047 17.5 -6.64775 
128.949 100.237 17.5 -6.64775 
131.13 101.468 17.5 -6.64767 
133.311 102.7 17.5 -6.6475 
135.492 103.932 17.5 -6.64725 
137.673 105.164 17.5 -6.64691 
139.854 106.396 17.5 -6.64649 
142.036 107.628 17.5 -6.64598 
144.217 108.86 17.5 -6.64541 
146.398 110.092 17.5 -6.64476 
148.579 111.324 17.5 -6.64405 
150.76 112.556 17.5 -6.64329 
152.941 113.788 17.5 -6.64249 
120.2 92.804 17.5 -6.64767 
122.382 94.036 17.5 -6.64788 
124.563 95.2679 17.5 -6.64803 
126.744 96.4998 17.5 -6.64811 
128.925 97.7317 17.5 -6.64811 
131.106 98.9636 17.5 -6.64802 
133.287 100.196 17.5 -6.64786 
135.468 101.427 17.5 -6.6476 
137.65 102.659 17.5 -6.64726 
139.831 103.891 17.5 -6.64683 
142.012 105.123 17.5 -6.64632 
144.193 106.355 17.5 -6.64573 
146.374 107.587 17.5 -6.64507 
148.555 108.819 17.5 -6.64434 
150.736 110.051 17.5 -6.64356 
152.918 111.283 17.5 -6.64273 
155.099 112.515 17.5 -6.64186 
157.28 113.747 17.5 -6.64097 
124.539 92.763 17.5 -6.64838 
126.72 93.9949 17.5 -6.64846 
128.901 95.2268 17.5 -6.64846 
131.082 96.4587 17.5 -6.64838 
133.264 97.6906 17.5 -6.64821 
135.445 98.9225 17.5 -6.64796 
137.626 100.154 17.5 -6.64762 
139.807 101.386 17.5 -6.64719 
141.988 102.618 17.5 -6.64667 
144.169 103.85 17.5 -6.64608 
146.35 105.082 17.5 -6.6454 
148.532 106.314 17.5 -6.64466 
150.713 107.546 17.5 -6.64386 
152.894 108.778 17.5 -6.64301 
155.075 110.01 17.5 -6.64212 
157.256 111.242 17.5 -6.64119 
159.437 112.474 17.5 -6.64025 
161.619 113.705 17.5 -6.63931 
128.878 92.7219 17.5 -6.6488 
131.059 93.9538 17.5 -6.64872 
133.24 95.1857 17.5 -6.64856 
135.421 96.4176 17.5 -6.64831 
137.602 97.6496 17.5 -6.64798 
139.783 98.8815 17.5 -6.64755 
141.964 100.113 17.5 -6.64704 
144.146 101.345 17.5 -6.64645 
146.327 102.577 17.5 -6.64577 
148.508 103.809 17.5 -6.64502 
150.689 105.041 17.5 -6.64421 
152.87 106.273 17.5 -6.64334 
155.051 107.505 17.5 -6.64242 
157.233 108.737 17.5 -6.64147 
159.414 109.969 17.5 -6.6405 
161.595 111.201 17.5 -6.63952 
163.776 112.433 17.5 -6.63854 
165.957 113.664 17.5 -6.63758 
133.216 92.6808 17.5 -6.6489 
135.397 93.9128 17.5 -6.64866 
137.578 95.1447 17.5 -6.64834 
139.76 96.3766 17.5 -6.64792 
141.941 97.6085 17.5 -6.64742 
144.122 98.8404 17.5 -6.64683 
146.303 100.072 17.5 -6.64616 
148.484 101.304 17.5 -6.64541 
150.665 102.536 17.5 -6.64459 
152.846 103.768 17.5 -6.64371 
155.028 105 17.5 -6.64278 
157.209 106.232 17.5 -6.64181 
159.39 107.464 17.5 -6.64081 
161.571 108.696 17.5 -6.6398 
163.752 109.928 17.5 -6.63878 
165.933 111.16 17.5 -6.63777 
168.115 112.391 17.5 -6.63679 
170.296 113.623 17.5 -6.63584 
137.555 92.6398 17.5 -6.64868 
139.736 93.8717 17.5 -6.64828 
141.917 95.1036 17.5 -6.64779 
144.098 96.3355 17.5 -6.64721 
146.279 97.5674 17.5 -6.64655 
148.46 98.7993 17.5 -6.64581 
150.642 100.031 17.5 -6.645 
152.823 101.263 17.5 -6.64411 
155.004 102.495 17.5 -6.64318 
157.185 103.727 17.5 -6.64219 
159.366 104.959 17.5 -6.64117 
161.547 106.191 17.5 -6.64014 
163.729 107.423 17.5 -6.63909 
165.91 108.655 17.5 -6.63804 
168.091 109.887 17.5 -6.63702 
170.272 111.118 17.5 -6.63603 
172.453 112.35 17.5 -6.63508 
174.634 113.582 17.5 -6.63419 
141.893 92.5987 17.5 -6.64815 
144.074 93.8306 17.5 -6.6476 
146.256 95.0625 17.5 -6.64695 
148.437 96.2945 17.5 -6.64622 
150.618 97.5264 17.5 -6.64542 
152.799 98.7583 17.5 -6.64454 
154.98 99.9902 17.5 -6.6436 
157.161 101.222 17.5 -6.64262 
159.343 102.454 17.5 -6.64159 
161.524 103.686 17.5 -6.64053 
163.705 104.918 17.5 -6.63946 
165.886 106.15 17.5 -6.63839 
168.067 107.382 17.5 -6.63733 
170.248 108.614 17.5 -6.63629 
172.429 109.845 17.5 -6.6353 
174.611 111.077 17.5 -6.63435 
176.792 112.309 17.5 -6.63348 
178.973 113.541 17.5 -6.63268 
146.232 92.5577 17.5 -6.64734 
148.413 93.7896 17.5 -6.64663 
150.594 95.0215 17.5 -6.64584 
152.775 96.2534 17.5 -6.64498 
154.957 97.4853 17.5 -6.64405 
157.138 98.7172 17.5 -6.64307 
159.319 99.9491 17.5 -6.64204 
161.5 101.181 17.5 -6.64097 
163.681 102.413 17.5 -6.63989 
165.862 103.645 17.5 -6.63879 
168.043 104.877 17.5 -6.6377 
170.225 106.109 17.5 -6.63664 
172.406 107.341 17.5 -6.6356 
174.587 108.573 17.5 -6.63461 
176.768 109.804 17.5 -6.63369 
178.949 111.036 17.5 -6.63283 
181.13 112.268 17.5 -6.63206 
183.311 113.5 17.5 -6.63138 
150.571 92.5166 17.5 -6.64627 
152.752 93.7485 17.5 -6.64543 
154.933 94.9804 17.5 -6.64452 
157.114 96.2123 17.5 -6.64354 
159.295 97.4442 17.5 -6.64252 
161.476 98.6762 17.5 -6.64145 
163.657 99.9081 17.5 -6.64036 
165.839 101.14 17.5 -6.63925 
168.02 102.372 17.5 -6.63815 
170.201 103.604 17.5 -6.63705 
172.382 104.836 17.5 -6.63599 
174.563 106.068 17.5 -6.63496 
176.744 107.3 17.5 -6.63399 
178.925 108.531 17.5 -6.63308 
181.107 109.763 17.5 -6.63226 
183.288 110.995 17.5 -6.63152 
185.469 112.227 17.5 -6.63088 
187.65 113.459 17.5 -6.63035 
154.909 92.4755 17.5 -6.64498 
157.09 93.7074 17.5 -6.64403 
159.271 94.9394 17.5 -6.64302 
161.453 96.1713 17.5 -6.64196 
163.634 97.4032 17.5 -6.64087 
165.815 98.6351 17.5 -6.63976 
167.996 99.867 17.5 -6.63865 
170.177 101.099 17.5 -6.63753 
172.358 102.331 17.5 -6.63644 
174.539 103.563 17.5 -6.63539 
176.721 104.795 17.5 -6.63438 
178.902 106.027 17.5 -6.63343 
181.083 107.258 17.5 -6.63256 
183.264 108.49 17.5 -6.63177 
185.445 109.722 17.5 -6.63107 
187.626 110.954 17.5 -6.63048 
189.808 112.186 17.5 -6.63 
191.989 113.418 17.5 -6.62963 
159.248 92.4345 17.5 -6.64353 
161.429 93.6664 17.5 -6.64249 
163.61 94.8983 17.5 -6.64141 
165.791 96.1302 17.5 -6.64031 
167.972 97.3621 17.5 -6.63919 
170.153 98.594 17.5 -6.63807 
172.335 99.8259 17.5 -6.63696 
174.516 101.058 17.5 -6.63589 
176.697 102.29 17.5 -6.63485 
178.878 103.522 17.5 -6.63387 
181.059 104.754 17.5 -6.63295 
183.24 105.985 17.5 -6.63212 
185.422 107.217 17.5 -6.63137 
187.603 108.449 17.5 -6.63072 
189.784 109.681 17.5 -6.63018 
191.965 110.913 17.5 -6.62976 
194.146 112.145 17.5 -6.62945 
196.327 113.377 17.5 -6.62927 
163.586 92.3934 17.5 -6.64197 
165.767 93.6253 17.5 -6.64088 
167.949 94.8572 17.5 -6.63977 
170.13 96.0891 17.5 -6.63865 
172.311 97.3211 17.5 -6.63754 
174.492 98.553 17.5 -6.63645 
176.673 99.7849 17.5 -6.63539 
178.854 101.017 17.5 -6.63438 
181.035 102.249 17.5 -6.63343 
183.217 103.481 17.5 -6.63256 
185.398 104.713 17.5 -6.63177 
187.579 105.944 17.5 -6.63107 
189.76 107.176 17.5 -6.63048 
191.941 108.408 17.5 -6.63 
194.122 109.64 17.5 -6.62963 
196.304 110.872 17.5 -6.62939 
167.925 92.3523 17.5 -6.64038 
170.106 93.5843 17.5 -6.63927 
172.287 94.8162 17.5 -6.63816 
174.468 96.0481 17.5 -6.63706 
176.649 97.28 17.5 -6.636 
178.831 98.5119 17.5 -6.63497 
181.012 99.7438 17.5 -6.63399 
183.193 100.976 17.5 -6.63309 
185.374 102.208 17.5 -6.63226 
187.555 103.44 17.5 -6.63152 
189.736 104.671 17.5 -6.63088 
191.918 105.903 17.5 -6.63035 
194.099 107.135 17.5 -6.62993 
172.263 92.3113 17.5 -6.63881 
174.445 93.5432 17.5 -6.63772 
176.626 94.7751 17.5 -6.63665 
178.807 96.007 17.5 -6.63561 
180.988 97.2389 17.5 -6.63462 
183.169 98.4708 17.5 -6.63369 
185.35 99.7027 17.5 -6.63284 
187.532 100.935 17.5 -6.63206 
189.713 102.167 17.5 -6.63138 
191.894 103.398 17.5 -6.6308 
176.602 92.2702 17.5 -6.63735 
178.783 93.5021 17.5 -6.63631 
180.964 94.734 17.5 -6.63531 
183.146 95.9659 17.5 -6.63437 
185.327 97.1979 17.5 -6.63349 
187.508 98.4298 17.5 -6.63268 
189.689 99.6617 17.5 -6.63197 
180.941 92.2291 17.5 -6.63605 
183.122 93.4611 17.5 -6.63509 
185.303 94.693 17.5 -6.6342 
187.484 95.9249 17.5 -6.63338 
185.279 92.1881 17.5 -6.63497 
