12.4942 21.1752 17.5 -6.76866 
14.6753 22.4071 17.5 -6.76891 
10.2893 17.4384 17.5 -6.7683 
12.4705 18.6703 17.5 -6.76851 
14.6516 19.9022 17.5 -6.76875 
16.8328 21.1341 17.5 -6.76902 
19.0139 22.366 17.5 -6.76931 
8.08448 13.7016 17.5 -6.76799 
10.2656 14.9335 17.5 -6.76816 
12.4468 16.1654 17.5 -6.76836 
14.6279 17.3973 17.5 -6.76859 
16.8091 18.6292 17.5 -6.76885 
18.9902 19.8612 17.5 -6.76914 
21.1714 21.0931 17.5 -6.76945 
23.3525 22.325 17.5 -6.76978 
5.87962 9.9648 17.5 -6.76776 
8.06077 11.1967 17.5 -6.76788 
10.2419 12.4286 17.5 -6.76804 
12.4231 13.6605 17.5 -6.76823 
14.6042 14.8924 17.5 -6.76845 
16.7854 16.1244 17.5 -6.7687 
18.9665 17.3563 17.5 -6.76898 
21.1477 18.5882 17.5 -6.76928 
23.3288 19.8201 17.5 -6.76961 
25.51 21.052 17.5 -6.76995 
27.6911 22.2839 17.5 -6.77031 
3.67476 6.228 17.5 -6.7676 
5.85592 7.45991 17.5 -6.76768 
8.03707 8.69182 17.5 -6.76779 
10.2182 9.92374 17.5 -6.76793 
12.3994 11.1556 17.5 -6.76811 
14.5805 12.3876 17.5 -6.76831 
16.7617 13.6195 17.5 -6.76855 
18.9428 14.8514 17.5 -6.76882 
21.124 16.0833 17.5 -6.76912 
23.3051 17.3152 17.5 -6.76943 
25.4863 18.5471 17.5 -6.76977 
27.6674 19.779 17.5 -6.77013 
29.8486 21.0109 17.5 -6.77049 
32.0297 22.2429 17.5 -6.77087 
1.46991 2.4912 17.5 -6.76752 
3.65106 3.72311 17.5 -6.76755 
5.83221 4.95502 17.5 -6.76762 
8.01336 6.18694 17.5 -6.76772 
10.1945 7.41885 17.5 -6.76784 
12.3757 8.65076 17.5 -6.768 
14.5568 9.88267 17.5 -6.7682 
16.738 11.1146 17.5 -6.76842 
18.9191 12.3465 17.5 -6.76868 
21.1003 13.5784 17.5 -6.76896 
23.2814 14.8103 17.5 -6.76927 
25.4626 16.0422 17.5 -6.7696 
27.6437 17.2741 17.5 -6.76995 
29.8249 18.5061 17.5 -6.77031 
32.006 19.738 17.5 -6.77068 
34.1872 20.9699 17.5 -6.77106 
36.3683 22.2018 17.5 -6.77143 
3.62735 1.21822 17.5 -6.76753 
5.8085 2.45014 17.5 -6.76758 
7.98965 3.68205 17.5 -6.76766 
10.1708 4.91396 17.5 -6.76777 
12.352 6.14587 17.5 -6.76792 
14.5331 7.37778 17.5 -6.76809 
16.7143 8.6097 17.5 -6.7683 
18.8954 9.84161 17.5 -6.76854 
21.0766 11.0735 17.5 -6.76881 
23.2577 12.3054 17.5 -6.76911 
25.4389 13.5373 17.5 -6.76943 
27.62 14.7693 17.5 -6.76977 
29.8012 16.0012 17.5 -6.77012 
31.9823 17.2331 17.5 -6.77049 
34.1635 18.465 17.5 -6.77087 
36.3446 19.6969 17.5 -6.77124 
38.5258 20.9288 17.5 -6.77161 
40.7069 22.1607 17.5 -6.77198 
7.96594 1.17716 17.5 -6.76763 
10.1471 2.40907 17.5 -6.76772 
12.3282 3.64098 17.5 -6.76785 
14.5094 4.8729 17.5 -6.76801 
16.6905 6.10481 17.5 -6.7682 
18.8717 7.33672 17.5 -6.76842 
21.0528 8.56863 17.5 -6.76868 
23.234 9.80054 17.5 -6.76896 
25.4151 11.0325 17.5 -6.76926 
27.5963 12.2644 17.5 -6.76959 
29.7774 13.4963 17.5 -6.76994 
31.9586 14.7282 17.5 -6.7703 
34.1397 15.9601 17.5 -6.77067 
36.3209 17.192 17.5 -6.77104 
38.502 18.4239 17.5 -6.77142 
40.6832 19.6558 17.5 -6.77178 
42.8644 20.8878 17.5 -6.77214 
45.0455 22.1197 17.5 -6.77247 
12.3045 1.1361 17.5 -6.76781 
14.4857 2.36801 17.5 -6.76795 
16.6668 3.59992 17.5 -6.76812 
18.848 4.83183 17.5 -6.76832 
21.0291 6.06374 17.5 -6.76856 
23.2103 7.29566 17.5 -6.76882 
25.3914 8.52757 17.5 -6.76911 
27.5726 9.75948 17.5 -6.76943 
29.7537 10.9914 17.5 -6.76976 
31.9349 12.2233 17.5 -6.77011 
34.116 13.4552 17.5 -6.77048 
36.2972 14.6871 17.5 -6.77084 
38.4783 15.919 17.5 -6.77121 
40.6595 17.151 17.5 -6.77158 
42.8406 18.3829 17.5 -6.77194 
45.0218 19.6148 17.5 -6.77228 
47.2029 20.8467 17.5 -6.77261 
49.3841 22.0786 17.5 -6.77291 
16.6431 1.09503 17.5 -6.76806 
18.8243 2.32694 17.5 -6.76824 
21.0054 3.55886 17.5 -6.76846 
23.1866 4.79077 17.5 -6.7687 
25.3677 6.02268 17.5 -6.76898 
27.5489 7.25459 17.5 -6.76927 
29.73 8.48651 17.5 -6.76959 
31.9112 9.71842 17.5 -6.76993 
34.0923 10.9503 17.5 -6.77028 
36.2735 12.1822 17.5 -6.77064 
38.4546 13.4142 17.5 -6.77101 
40.6358 14.6461 17.5 -6.77137 
42.8169 15.878 17.5 -6.77173 
44.9981 17.1099 17.5 -6.77208 
47.1792 18.3418 17.5 -6.77241 
49.3604 19.5737 17.5 -6.77272 
51.5415 20.8056 17.5 -6.773 
53.7227 22.0375 17.5 -6.77326 
20.9817 1.05397 17.5 -6.76838 
23.1629 2.28588 17.5 -6.7686 
25.344 3.51779 17.5 -6.76886 
27.5252 4.74971 17.5 -6.76914 
29.7063 5.98162 17.5 -6.76944 
31.8875 7.21353 17.5 -6.76976 
34.0686 8.44544 17.5 -6.7701 
36.2498 9.67735 17.5 -6.77045 
38.4309 10.9093 17.5 -6.7708 
40.6121 12.1412 17.5 -6.77116 
42.7932 13.3731 17.5 -6.77151 
44.9744 14.605 17.5 -6.77186 
47.1555 15.8369 17.5 -6.77219 
49.3367 17.0688 17.5 -6.77251 
51.5178 18.3007 17.5 -6.7728 
53.699 19.5326 17.5 -6.77307 
55.8801 20.7646 17.5 -6.77331 
58.0613 21.9965 17.5 -6.77351 
25.3203 1.01291 17.5 -6.76876 
27.5015 2.24482 17.5 -6.76901 
29.6826 3.47673 17.5 -6.7693 
31.8638 4.70864 17.5 -6.7696 
34.0449 5.94055 17.5 -6.76992 
36.2261 7.17247 17.5 -6.77026 
38.4072 8.40438 17.5 -6.7706 
40.5884 9.63629 17.5 -6.77095 
42.7695 10.8682 17.5 -6.7713 
44.9507 12.1001 17.5 -6.77164 
47.1318 13.332 17.5 -6.77197 
49.313 14.5639 17.5 -6.77229 
51.4941 15.7958 17.5 -6.77259 
53.6753 17.0278 17.5 -6.77286 
55.8564 18.2597 17.5 -6.77311 
58.0376 19.4916 17.5 -6.77333 
60.2187 20.7235 17.5 -6.77351 
62.3999 21.9554 17.5 -6.77366 
29.6589 0.971842 17.5 -6.76918 
31.8401 2.20375 17.5 -6.76946 
34.0212 3.43567 17.5 -6.76976 
36.2024 4.66758 17.5 -6.77008 
38.3835 5.89949 17.5 -6.77041 
40.5647 7.1314 17.5 -6.77075 
42.7458 8.36331 17.5 -6.77109 
44.927 9.59523 17.5 -6.77142 
47.1081 10.8271 17.5 -6.77175 
49.2893 12.0591 17.5 -6.77207 
51.4704 13.291 17.5 -6.77236 
53.6516 14.5229 17.5 -6.77264 
55.8327 15.7548 17.5 -6.7729 
58.0139 16.9867 17.5 -6.77312 
60.195 18.2186 17.5 -6.77332 
62.3762 19.4505 17.5 -6.77348 
64.5573 20.6824 17.5 -6.77361 
66.7385 21.9143 17.5 -6.7737 
33.9975 0.930778 17.5 -6.76962 
36.1786 2.16269 17.5 -6.76992 
38.3598 3.3946 17.5 -6.77023 
40.541 4.62651 17.5 -6.77055 
42.7221 5.85843 17.5 -6.77088 
44.9033 7.09034 17.5 -6.77121 
47.0844 8.32225 17.5 -6.77153 
49.2656 9.55416 17.5 -6.77184 
51.4467 10.7861 17.5 -6.77214 
53.6279 12.018 17.5 -6.77241 
55.809 13.2499 17.5 -6.77267 
57.9902 14.4818 17.5 -6.7729 
60.1713 15.7137 17.5 -6.7731 
62.3525 16.9456 17.5 -6.77328 
64.5336 18.1775 17.5 -6.77341 
66.7148 19.4095 17.5 -6.77352 
68.8959 20.6414 17.5 -6.77359 
71.0771 21.8733 17.5 -6.77363 
38.3361 0.889714 17.5 -6.77007 
40.5172 2.12163 17.5 -6.77037 
42.6984 3.35354 17.5 -6.77068 
44.8795 4.58545 17.5 -6.771 
47.0607 5.81736 17.5 -6.77131 
49.2418 7.04927 17.5 -6.77161 
51.423 8.28119 17.5 -6.77191 
53.6041 9.5131 17.5 -6.77218 
55.7853 10.745 17.5 -6.77244 
57.9664 11.9769 17.5 -6.77267 
60.1476 13.2088 17.5 -6.77288 
62.3287 14.4407 17.5 -6.77306 
64.5099 15.6727 17.5 -6.7732 
66.691 16.9046 17.5 -6.77332 
68.8722 18.1365 17.5 -6.7734 
71.0534 19.3684 17.5 -6.77344 
73.2345 20.6003 17.5 -6.77346 
75.4157 21.8322 17.5 -6.77344 
42.6747 0.848651 17.5 -6.7705 
44.8558 2.08056 17.5 -6.7708 
47.037 3.31247 17.5 -6.7711 
49.2181 4.54439 17.5 -6.77139 
51.3993 5.7763 17.5 -6.77168 
53.5804 7.00821 17.5 -6.77195 
55.7616 8.24012 17.5 -6.77221 
57.9427 9.47203 17.5 -6.77244 
60.1239 10.7039 17.5 -6.77265 
62.305 11.9359 17.5 -6.77283 
64.4862 13.1678 17.5 -6.77298 
66.6673 14.3997 17.5 -6.7731 
68.8485 15.6316 17.5 -6.77319 
71.0296 16.8635 17.5 -6.77324 
73.2108 18.0954 17.5 -6.77326 
75.3919 19.3273 17.5 -6.77326 
77.5731 20.5592 17.5 -6.77322 
47.0133 0.807587 17.5 -6.7709 
49.1944 2.0395 17.5 -6.77118 
51.3756 3.27141 17.5 -6.77146 
53.5567 4.50332 17.5 -6.77172 
55.7379 5.73523 17.5 -6.77197 
57.919 6.96715 17.5 -6.7722 
60.1002 8.19906 17.5 -6.77241 
62.2813 9.43097 17.5 -6.77259 
64.4625 10.6629 17.5 -6.77275 
66.6436 11.8948 17.5 -6.77287 
68.8248 13.1267 17.5 -6.77296 
71.0059 14.3586 17.5 -6.77302 
73.1871 15.5905 17.5 -6.77305 
75.3682 16.8224 17.5 -6.77305 
51.3519 0.766523 17.5 -6.77125 
53.533 1.99844 17.5 -6.7715 
55.7142 3.23035 17.5 -6.77174 
57.8953 4.46226 17.5 -6.77197 
60.0765 5.69417 17.5 -6.77218 
62.2576 6.92608 17.5 -6.77236 
64.4388 8.158 17.5 -6.77251 
66.6199 9.38991 17.5 -6.77264 
68.8011 10.6218 17.5 -6.77273 
70.9822 11.8537 17.5 -6.7728 
73.1634 13.0856 17.5 -6.77283 
55.6905 0.725459 17.5 -6.77153 
57.8716 1.95737 17.5 -6.77174 
60.0528 3.18928 17.5 -6.77194 
62.2339 4.4212 17.5 -6.77212 
64.4151 5.65311 17.5 -6.77227 
66.5962 6.88502 17.5 -6.7724 
68.7774 8.11693 17.5 -6.7725 
70.9585 9.34884 17.5 -6.77256 
60.0291 0.684396 17.5 -6.77172 
62.2102 1.91631 17.5 -6.77189 
64.3914 3.14822 17.5 -6.77204 
66.5725 4.38013 17.5 -6.77216 
68.7537 5.61204 17.5 -6.77226 
64.3676 0.643332 17.5 -6.77181 
66.5488 1.87524 17.5 -6.77193 
25.7234 43.596 17.5 -6.77117 
27.9045 44.8279 17.5 -6.77143 
23.5185 39.8592 17.5 -6.77081 
25.6996 41.0911 17.5 -6.77109 
27.8808 42.323 17.5 -6.77137 
30.0619 43.5549 17.5 -6.77164 
32.2431 44.7868 17.5 -6.7719 
21.3136 36.1224 17.5 -6.7704 
23.4948 37.3543 17.5 -6.7707 
25.6759 38.5862 17.5 -6.771 
27.8571 39.8181 17.5 -6.77129 
30.0382 41.05 17.5 -6.77159 
32.2194 42.282 17.5 -6.77187 
34.4005 43.5139 17.5 -6.77213 
36.5817 44.7458 17.5 -6.77238 
19.1088 32.3856 17.5 -6.76996 
21.2899 33.6175 17.5 -6.77026 
23.4711 34.8494 17.5 -6.77057 
25.6522 36.0813 17.5 -6.77088 
27.8334 37.3132 17.5 -6.7712 
30.0145 38.5452 17.5 -6.77151 
32.1957 39.7771 17.5 -6.77181 
34.3768 41.009 17.5 -6.77209 
36.558 42.2409 17.5 -6.77236 
38.7391 43.4728 17.5 -6.77261 
40.9203 44.7047 17.5 -6.77283 
16.9039 28.6488 17.5 -6.76951 
19.0851 29.8807 17.5 -6.7698 
21.2662 31.1126 17.5 -6.77011 
23.4474 32.3445 17.5 -6.77043 
25.6285 33.5764 17.5 -6.77076 
27.8097 34.8084 17.5 -6.77108 
29.9908 36.0403 17.5 -6.77141 
32.172 37.2722 17.5 -6.77173 
34.3531 38.5041 17.5 -6.77203 
36.5343 39.736 17.5 -6.77232 
38.7154 40.9679 17.5 -6.77259 
40.8966 42.1998 17.5 -6.77284 
43.0777 43.4317 17.5 -6.77305 
45.2589 44.6637 17.5 -6.77324 
14.6991 24.912 17.5 -6.76907 
16.8802 26.1439 17.5 -6.76935 
19.0614 27.3758 17.5 -6.76964 
21.2425 28.6077 17.5 -6.76995 
23.4237 29.8396 17.5 -6.77028 
25.6048 31.0716 17.5 -6.77061 
27.786 32.3035 17.5 -6.77095 
29.9671 33.5354 17.5 -6.77129 
32.1483 34.7673 17.5 -6.77163 
34.3294 35.9992 17.5 -6.77195 
36.5106 37.2311 17.5 -6.77226 
38.6917 38.463 17.5 -6.77255 
40.8729 39.6949 17.5 -6.77281 
43.054 40.9269 17.5 -6.77305 
45.2352 42.1588 17.5 -6.77326 
47.4163 43.3907 17.5 -6.77344 
49.5975 44.6226 17.5 -6.77359 
16.8565 23.639 17.5 -6.76918 
19.0377 24.8709 17.5 -6.76948 
21.2188 26.1028 17.5 -6.76979 
23.4 27.3348 17.5 -6.77012 
25.5811 28.5667 17.5 -6.77046 
27.7623 29.7986 17.5 -6.77081 
29.9434 31.0305 17.5 -6.77116 
32.1246 32.2624 17.5 -6.7715 
34.3057 33.4943 17.5 -6.77184 
36.4869 34.7262 17.5 -6.77217 
38.668 35.9581 17.5 -6.77248 
40.8492 37.1901 17.5 -6.77276 
43.0303 38.422 17.5 -6.77302 
45.2115 39.6539 17.5 -6.77326 
47.3926 40.8858 17.5 -6.77346 
49.5738 42.1177 17.5 -6.77363 
51.7549 43.3496 17.5 -6.77376 
53.9361 44.5815 17.5 -6.77387 
56.1172 45.8134 17.5 -6.77393 
21.1951 23.598 17.5 -6.76962 
23.3762 24.8299 17.5 -6.76995 
25.5574 26.0618 17.5 -6.7703 
27.7385 27.2937 17.5 -6.77065 
29.9197 28.5256 17.5 -6.77101 
32.1008 29.7575 17.5 -6.77137 
34.282 30.9894 17.5 -6.77172 
36.4631 32.2213 17.5 -6.77206 
38.6443 33.4533 17.5 -6.77238 
40.8254 34.6852 17.5 -6.77269 
43.0066 35.9171 17.5 -6.77297 
45.1877 37.149 17.5 -6.77322 
47.3689 38.3809 17.5 -6.77344 
49.5501 39.6128 17.5 -6.77363 
51.7312 40.8447 17.5 -6.77379 
53.9124 42.0766 17.5 -6.77392 
56.0935 43.3086 17.5 -6.77401 
58.2747 44.5405 17.5 -6.77406 
60.4558 45.7724 17.5 -6.77408 
25.5337 23.5569 17.5 -6.77013 
27.7148 24.7888 17.5 -6.77048 
29.896 26.0207 17.5 -6.77085 
32.0771 27.2526 17.5 -6.77121 
34.2583 28.4845 17.5 -6.77157 
36.4394 29.7165 17.5 -6.77193 
38.6206 30.9484 17.5 -6.77227 
40.8017 32.1803 17.5 -6.77259 
42.9829 33.4122 17.5 -6.77288 
45.164 34.6441 17.5 -6.77316 
47.3452 35.876 17.5 -6.7734 
49.5263 37.1079 17.5 -6.77361 
51.7075 38.3398 17.5 -6.77379 
53.8886 39.5718 17.5 -6.77393 
56.0698 40.8037 17.5 -6.77404 
58.2509 42.0356 17.5 -6.77412 
60.4321 43.2675 17.5 -6.77416 
62.6132 44.4994 17.5 -6.77417 
64.7944 45.7313 17.5 -6.77415 
29.8723 23.5158 17.5 -6.77067 
32.0534 24.7477 17.5 -6.77104 
34.2346 25.9797 17.5 -6.77141 
36.4157 27.2116 17.5 -6.77178 
38.5969 28.4435 17.5 -6.77213 
40.778 29.6754 17.5 -6.77246 
42.9592 30.9073 17.5 -6.77278 
45.1403 32.1392 17.5 -6.77307 
47.3215 33.3711 17.5 -6.77333 
49.5026 34.603 17.5 -6.77356 
51.6838 35.835 17.5 -6.77376 
53.8649 37.0669 17.5 -6.77392 
56.0461 38.2988 17.5 -6.77405 
58.2272 39.5307 17.5 -6.77415 
60.4084 40.7626 17.5 -6.77421 
62.5895 41.9945 17.5 -6.77424 
64.7707 43.2264 17.5 -6.77423 
66.9518 44.4583 17.5 -6.7742 
69.133 45.6902 17.5 -6.77414 
34.2109 23.4748 17.5 -6.77124 
36.392 24.7067 17.5 -6.77161 
38.5732 25.9386 17.5 -6.77197 
40.7543 27.1705 17.5 -6.77232 
42.9355 28.4024 17.5 -6.77265 
45.1166 29.6343 17.5 -6.77295 
47.2978 30.8662 17.5 -6.77323 
49.4789 32.0982 17.5 -6.77348 
51.6601 33.3301 17.5 -6.77369 
53.8412 34.562 17.5 -6.77388 
56.0224 35.7939 17.5 -6.77402 
58.2035 37.0258 17.5 -6.77414 
60.3847 38.2577 17.5 -6.77422 
62.5658 39.4896 17.5 -6.77427 
64.747 40.7215 17.5 -6.77428 
66.9281 41.9534 17.5 -6.77427 
69.1093 43.1854 17.5 -6.77422 
71.2904 44.4173 17.5 -6.77415 
73.4716 45.6492 17.5 -6.77404 
38.5495 23.4337 17.5 -6.7718 
40.7306 24.6656 17.5 -6.77215 
42.9118 25.8975 17.5 -6.77249 
45.0929 27.1294 17.5 -6.77281 
47.2741 28.3614 17.5 -6.77311 
49.4552 29.5933 17.5 -6.77337 
51.6364 30.8252 17.5 -6.7736 
53.8175 32.0571 17.5 -6.7738 
55.9987 33.289 17.5 -6.77397 
58.1798 34.5209 17.5 -6.7741 
60.361 35.7528 17.5 -6.7742 
62.5421 36.9847 17.5 -6.77427 
64.7233 38.2166 17.5 -6.7743 
66.9044 39.4486 17.5 -6.7743 
69.0856 40.6805 17.5 -6.77427 
71.2667 41.9124 17.5 -6.77421 
73.4479 43.1443 17.5 -6.77412 
75.629 44.3762 17.5 -6.77401 
77.8102 45.6081 17.5 -6.77387 
42.8881 23.3926 17.5 -6.77232 
45.0692 24.6246 17.5 -6.77265 
47.2504 25.8565 17.5 -6.77296 
49.4315 27.0884 17.5 -6.77324 
51.6127 28.3203 17.5 -6.77349 
53.7938 29.5522 17.5 -6.7737 
55.975 30.7841 17.5 -6.77389 
58.1561 32.016 17.5 -6.77404 
60.3373 33.2479 17.5 -6.77415 
62.5184 34.4798 17.5 -6.77423 
64.6996 35.7118 17.5 -6.77428 
66.8807 36.9437 17.5 -6.7743 
69.0619 38.1756 17.5 -6.77428 
71.243 39.4075 17.5 -6.77424 
73.4242 40.6394 17.5 -6.77416 
75.6053 41.8713 17.5 -6.77406 
77.7865 43.1032 17.5 -6.77393 
79.9676 44.3351 17.5 -6.77378 
82.1488 45.5671 17.5 -6.77361 
47.2267 23.3516 17.5 -6.77279 
49.4078 24.5835 17.5 -6.77308 
51.589 25.8154 17.5 -6.77335 
53.7701 27.0473 17.5 -6.77358 
55.9513 28.2792 17.5 -6.77378 
58.1324 29.5111 17.5 -6.77394 
60.3136 30.743 17.5 -6.77408 
62.4947 31.975 17.5 -6.77417 
64.6759 33.2069 17.5 -6.77424 
66.857 34.4388 17.5 -6.77427 
69.0382 35.6707 17.5 -6.77427 
71.2193 36.9026 17.5 -6.77423 
73.4005 38.1345 17.5 -6.77417 
75.5816 39.3664 17.5 -6.77408 
77.7628 40.5983 17.5 -6.77397 
79.9439 41.8303 17.5 -6.77383 
82.1251 43.0622 17.5 -6.77366 
84.3062 44.2941 17.5 -6.77348 
86.4874 45.526 17.5 -6.77328 
51.5652 23.3105 17.5 -6.77318 
53.7464 24.5424 17.5 -6.77343 
55.9275 25.7743 17.5 -6.77364 
58.1087 27.0062 17.5 -6.77382 
60.2898 28.2382 17.5 -6.77397 
62.471 29.4701 17.5 -6.77408 
64.6521 30.702 17.5 -6.77416 
66.8333 31.9339 17.5 -6.77421 
69.0144 33.1658 17.5 -6.77422 
71.1956 34.3977 17.5 -6.7742 
73.3767 35.6296 17.5 -6.77415 
75.5579 36.8615 17.5 -6.77408 
77.7391 38.0935 17.5 -6.77397 
79.9202 39.3254 17.5 -6.77384 
82.1014 40.5573 17.5 -6.77369 
84.2825 41.7892 17.5 -6.77351 
86.4637 43.0211 17.5 -6.77332 
88.6448 44.253 17.5 -6.7731 
90.826 45.4849 17.5 -6.77288 
55.9038 23.2694 17.5 -6.77349 
58.085 24.5014 17.5 -6.77368 
60.2661 25.7333 17.5 -6.77384 
62.4473 26.9652 17.5 -6.77397 
64.6284 28.1971 17.5 -6.77406 
66.8096 29.429 17.5 -6.77412 
68.9907 30.6609 17.5 -6.77415 
71.1719 31.8928 17.5 -6.77414 
73.353 33.1247 17.5 -6.7741 
75.5342 34.3567 17.5 -6.77404 
77.7153 35.5886 17.5 -6.77394 
79.8965 36.8205 17.5 -6.77382 
82.0776 38.0524 17.5 -6.77368 
84.2588 39.2843 17.5 -6.77351 
86.4399 40.5162 17.5 -6.77333 
88.6211 41.7481 17.5 -6.77312 
90.8022 42.98 17.5 -6.7729 
60.2424 23.2284 17.5 -6.77369 
62.4236 24.4603 17.5 -6.77383 
64.6047 25.6922 17.5 -6.77393 
66.7859 26.9241 17.5 -6.77401 
68.967 28.156 17.5 -6.77404 
71.1482 29.3879 17.5 -6.77405 
73.3293 30.6199 17.5 -6.77402 
75.5105 31.8518 17.5 -6.77397 
77.6916 33.0837 17.5 -6.77389 
79.8728 34.3156 17.5 -6.77378 
82.0539 35.5475 17.5 -6.77364 
84.2351 36.7794 17.5 -6.77349 
86.4162 38.0113 17.5 -6.77331 
88.5974 39.2432 17.5 -6.77311 
64.581 23.1873 17.5 -6.77378 
66.7622 24.4192 17.5 -6.77387 
68.9433 25.6511 17.5 -6.77392 
71.1245 26.8831 17.5 -6.77393 
73.3056 28.115 17.5 -6.77392 
75.4868 29.3469 17.5 -6.77388 
77.6679 30.5788 17.5 -6.7738 
79.8491 31.8107 17.5 -6.7737 
82.0302 33.0426 17.5 -6.77358 
84.2114 34.2745 17.5 -6.77343 
86.3925 35.5064 17.5 -6.77326 
68.9196 23.1463 17.5 -6.77376 
71.1008 24.3782 17.5 -6.77379 
73.2819 25.6101 17.5 -6.77379 
75.4631 26.842 17.5 -6.77376 
77.6442 28.0739 17.5 -6.77369 
79.8254 29.3058 17.5 -6.7736 
82.0065 30.5377 17.5 -6.77349 
84.1877 31.7696 17.5 -6.77335 
73.2582 23.1052 17.5 -6.77363 
75.4394 24.3371 17.5 -6.77361 
77.6205 25.569 17.5 -6.77356 
79.8017 26.8009 17.5 -6.77348 
81.9828 28.0328 17.5 -6.77337 
77.5968 23.0641 17.5 -6.7734 
79.778 24.296 17.5 -6.77333 
38.9525 66.0168 17.5 -6.77153 
41.1337 67.2487 17.5 -6.7715 
43.3148 68.4806 17.5 -6.77146 
36.7476 62.28 17.5 -6.77172 
38.9288 63.5119 17.5 -6.77174 
41.1099 64.7438 17.5 -6.77174 
43.2911 65.9757 17.5 -6.77172 
45.4722 67.2076 17.5 -6.77168 
47.6534 68.4396 17.5 -6.77161 
34.5428 58.5432 17.5 -6.77181 
36.7239 59.7751 17.5 -6.77189 
38.9051 61.007 17.5 -6.77194 
41.0862 62.2389 17.5 -6.77197 
43.2674 63.4708 17.5 -6.77197 
45.4485 64.7028 17.5 -6.77195 
47.6297 65.9347 17.5 -6.77191 
49.8108 67.1666 17.5 -6.77184 
51.992 68.3985 17.5 -6.77175 
32.3379 54.8064 17.5 -6.7718 
34.5191 56.0383 17.5 -6.77193 
36.7002 57.2702 17.5 -6.77204 
38.8814 58.5021 17.5 -6.77212 
41.0625 59.734 17.5 -6.77218 
43.2437 60.966 17.5 -6.7722 
45.4248 62.1979 17.5 -6.77221 
47.606 63.4298 17.5 -6.77218 
49.7871 64.6617 17.5 -6.77214 
51.9683 65.8936 17.5 -6.77207 
54.1494 67.1255 17.5 -6.77197 
56.3306 68.3574 17.5 -6.77186 
30.1331 51.0696 17.5 -6.77168 
32.3142 52.3015 17.5 -6.77187 
34.4954 53.5334 17.5 -6.77203 
36.6765 54.7653 17.5 -6.77216 
38.8577 55.9972 17.5 -6.77227 
41.0388 57.2292 17.5 -6.77236 
43.22 58.4611 17.5 -6.77241 
45.4011 59.693 17.5 -6.77244 
47.5823 60.9249 17.5 -6.77244 
49.7634 62.1568 17.5 -6.77241 
51.9446 63.3887 17.5 -6.77236 
54.1257 64.6206 17.5 -6.77229 
56.3069 65.8525 17.5 -6.77219 
58.488 67.0845 17.5 -6.77208 
60.6692 68.3164 17.5 -6.77194 
27.9282 47.3328 17.5 -6.77147 
30.1094 48.5647 17.5 -6.77169 
32.2905 49.7966 17.5 -6.7719 
34.4717 51.0285 17.5 -6.77209 
36.6528 52.2604 17.5 -6.77226 
38.834 53.4924 17.5 -6.7724 
41.0151 54.7243 17.5 -6.77251 
43.1963 55.9562 17.5 -6.77259 
45.3774 57.1881 17.5 -6.77265 
47.5586 58.42 17.5 -6.77267 
49.7397 59.6519 17.5 -6.77267 
51.9209 60.8838 17.5 -6.77264 
54.102 62.1157 17.5 -6.77259 
56.2832 63.3477 17.5 -6.77251 
58.4643 64.5796 17.5 -6.77241 
60.6455 65.8115 17.5 -6.77228 
62.8266 67.0434 17.5 -6.77214 
65.0078 68.2753 17.5 -6.77198 
30.0857 46.0598 17.5 -6.77168 
32.2668 47.2917 17.5 -6.77192 
34.448 48.5236 17.5 -6.77213 
36.6291 49.7556 17.5 -6.77233 
38.8103 50.9875 17.5 -6.7725 
40.9914 52.2194 17.5 -6.77264 
43.1726 53.4513 17.5 -6.77275 
45.3537 54.6832 17.5 -6.77283 
47.5349 55.9151 17.5 -6.77288 
49.716 57.147 17.5 -6.7729 
51.8972 58.3789 17.5 -6.7729 
54.0783 59.6109 17.5 -6.77286 
56.2595 60.8428 17.5 -6.7728 
58.4406 62.0747 17.5 -6.77272 
60.6218 63.3066 17.5 -6.77261 
62.8029 64.5385 17.5 -6.77247 
64.9841 65.7704 17.5 -6.77232 
67.1652 67.0023 17.5 -6.77215 
69.3464 68.2342 17.5 -6.77197 
34.4242 46.0188 17.5 -6.77215 
36.6054 47.2507 17.5 -6.77237 
38.7865 48.4826 17.5 -6.77256 
40.9677 49.7145 17.5 -6.77273 
43.1488 50.9464 17.5 -6.77287 
45.33 52.1783 17.5 -6.77298 
47.5111 53.4102 17.5 -6.77306 
49.6923 54.6421 17.5 -6.7731 
51.8735 55.8741 17.5 -6.77312 
54.0546 57.106 17.5 -6.77311 
56.2358 58.3379 17.5 -6.77307 
58.4169 59.5698 17.5 -6.773 
60.5981 60.8017 17.5 -6.77291 
62.7792 62.0336 17.5 -6.77279 
64.9604 63.2655 17.5 -6.77265 
67.1415 64.4974 17.5 -6.77249 
69.3227 65.7294 17.5 -6.77232 
71.5038 66.9613 17.5 -6.77213 
73.685 68.1932 17.5 -6.77193 
38.7628 45.9777 17.5 -6.7726 
40.944 47.2096 17.5 -6.7728 
43.1251 48.4415 17.5 -6.77296 
45.3063 49.6734 17.5 -6.7731 
47.4874 50.9053 17.5 -6.7732 
49.6686 52.1373 17.5 -6.77328 
51.8497 53.3692 17.5 -6.77332 
54.0309 54.6011 17.5 -6.77333 
56.212 55.833 17.5 -6.77331 
58.3932 57.0649 17.5 -6.77326 
60.5743 58.2968 17.5 -6.77318 
62.7555 59.5287 17.5 -6.77308 
64.9366 60.7606 17.5 -6.77296 
67.1178 61.9926 17.5 -6.77281 
69.2989 63.2245 17.5 -6.77265 
71.4801 64.4564 17.5 -6.77246 
73.6612 65.6883 17.5 -6.77227 
75.8424 66.9202 17.5 -6.77206 
78.0235 68.1521 17.5 -6.77184 
43.1014 45.9366 17.5 -6.77302 
45.2826 47.1685 17.5 -6.77319 
47.4637 48.4005 17.5 -6.77332 
49.6449 49.6324 17.5 -6.77341 
51.826 50.8643 17.5 -6.77348 
54.0072 52.0962 17.5 -6.77351 
56.1883 53.3281 17.5 -6.77351 
58.3695 54.56 17.5 -6.77349 
60.5506 55.7919 17.5 -6.77343 
62.7318 57.0238 17.5 -6.77335 
64.9129 58.2558 17.5 -6.77324 
67.0941 59.4877 17.5 -6.77311 
69.2752 60.7196 17.5 -6.77295 
71.4564 61.9515 17.5 -6.77278 
73.6375 63.1834 17.5 -6.77259 
75.8187 64.4153 17.5 -6.77238 
77.9998 65.6472 17.5 -6.77217 
80.181 66.8791 17.5 -6.77195 
82.3621 68.111 17.5 -6.77173 
47.44 45.8956 17.5 -6.7734 
49.6212 47.1275 17.5 -6.77352 
51.8023 48.3594 17.5 -6.77361 
53.9835 49.5913 17.5 -6.77366 
56.1646 50.8232 17.5 -6.77369 
58.3458 52.0551 17.5 -6.77368 
60.5269 53.287 17.5 -6.77364 
62.7081 54.519 17.5 -6.77358 
64.8892 55.7509 17.5 -6.77349 
67.0704 56.9828 17.5 -6.77337 
69.2515 58.2147 17.5 -6.77323 
71.4327 59.4466 17.5 -6.77307 
73.6138 60.6785 17.5 -6.77288 
75.795 61.9104 17.5 -6.77269 
77.9761 63.1423 17.5 -6.77248 
80.1573 64.3742 17.5 -6.77226 
82.3384 65.6062 17.5 -6.77203 
84.5196 66.8381 17.5 -6.77181 
86.7007 68.07 17.5 -6.77159 
51.7786 45.8545 17.5 -6.7737 
53.9598 47.0864 17.5 -6.77378 
56.1409 48.3183 17.5 -6.77383 
58.3221 49.5502 17.5 -6.77384 
60.5032 50.7822 17.5 -6.77382 
62.6844 52.0141 17.5 -6.77378 
64.8655 53.246 17.5 -6.7737 
67.0467 54.4779 17.5 -6.7736 
69.2278 55.7098 17.5 -6.77348 
71.409 56.9417 17.5 -6.77333 
73.5901 58.1736 17.5 -6.77316 
75.7713 59.4055 17.5 -6.77297 
77.9524 60.6374 17.5 -6.77276 
80.1336 61.8694 17.5 -6.77255 
82.3147 63.1013 17.5 -6.77232 
84.4959 64.3332 17.5 -6.77209 
86.677 65.5651 17.5 -6.77187 
88.8582 66.797 17.5 -6.77164 
91.0393 68.0289 17.5 -6.77143 
58.2984 47.0454 17.5 -6.77397 
60.4795 48.2773 17.5 -6.77397 
62.6607 49.5092 17.5 -6.77394 
64.8418 50.7411 17.5 -6.77389 
67.023 51.973 17.5 -6.7738 
69.2041 53.2049 17.5 -6.77369 
71.3853 54.4368 17.5 -6.77356 
73.5664 55.6687 17.5 -6.7734 
75.7476 56.9006 17.5 -6.77322 
77.9287 58.1326 17.5 -6.77302 
80.1099 59.3645 17.5 -6.77281 
82.291 60.5964 17.5 -6.77259 
84.4722 61.8283 17.5 -6.77236 
86.6533 63.0602 17.5 -6.77213 
88.8345 64.2921 17.5 -6.7719 
91.0156 65.524 17.5 -6.77168 
93.1968 66.7559 17.5 -6.77147 
95.3779 67.9879 17.5 -6.77127 
62.637 47.0043 17.5 -6.77408 
64.8181 48.2362 17.5 -6.77404 
66.9993 49.4681 17.5 -6.77397 
69.1804 50.7 17.5 -6.77388 
71.3616 51.9319 17.5 -6.77376 
73.5427 53.1638 17.5 -6.77361 
75.7239 54.3958 17.5 -6.77344 
77.905 55.6277 17.5 -6.77326 
80.0862 56.8596 17.5 -6.77305 
82.2673 58.0915 17.5 -6.77284 
84.4485 59.3234 17.5 -6.77261 
86.6296 60.5553 17.5 -6.77238 
88.8108 61.7872 17.5 -6.77215 
90.9919 63.0191 17.5 -6.77192 
93.1731 64.2511 17.5 -6.77169 
95.3542 65.483 17.5 -6.77148 
97.5354 66.7149 17.5 -6.77129 
99.7165 67.9468 17.5 -6.77111 
66.9755 46.9632 17.5 -6.7741 
69.1567 48.1951 17.5 -6.77402 
71.3378 49.427 17.5 -6.77392 
73.519 50.659 17.5 -6.77379 
75.7001 51.8909 17.5 -6.77363 
77.8813 53.1228 17.5 -6.77346 
80.0625 54.3547 17.5 -6.77326 
82.2436 55.5866 17.5 -6.77305 
84.4248 56.8185 17.5 -6.77283 
86.6059 58.0504 17.5 -6.7726 
88.7871 59.2823 17.5 -6.77237 
90.9682 60.5143 17.5 -6.77213 
93.1494 61.7462 17.5 -6.7719 
95.3305 62.9781 17.5 -6.77168 
97.5117 64.21 17.5 -6.77148 
99.6928 65.4419 17.5 -6.77128 
101.874 66.6738 17.5 -6.77111 
104.055 67.9057 17.5 -6.77096 
71.3141 46.9222 17.5 -6.77405 
73.4953 48.1541 17.5 -6.77393 
75.6764 49.386 17.5 -6.77379 
77.8576 50.6179 17.5 -6.77363 
80.0387 51.8498 17.5 -6.77344 
82.2199 53.0817 17.5 -6.77324 
84.401 54.3136 17.5 -6.77302 
86.5822 55.5455 17.5 -6.7728 
88.7633 56.7775 17.5 -6.77256 
90.9445 58.0094 17.5 -6.77233 
93.1256 59.2413 17.5 -6.77209 
95.3068 60.4732 17.5 -6.77187 
97.4879 61.7051 17.5 -6.77165 
99.6691 62.937 17.5 -6.77145 
101.85 64.1689 17.5 -6.77126 
75.6527 46.8811 17.5 -6.77392 
77.8339 48.113 17.5 -6.77376 
80.015 49.3449 17.5 -6.77359 
82.1962 50.5768 17.5 -6.7734 
84.3773 51.8087 17.5 -6.77319 
86.5585 53.0407 17.5 -6.77296 
88.7396 54.2726 17.5 -6.77273 
90.9208 55.5045 17.5 -6.7725 
93.1019 56.7364 17.5 -6.77226 
95.2831 57.9683 17.5 -6.77203 
97.4642 59.2002 17.5 -6.7718 
99.6454 60.4321 17.5 -6.77159 
79.9913 46.84 17.5 -6.7737 
82.1725 48.0719 17.5 -6.77352 
84.3536 49.3039 17.5 -6.77332 
86.5348 50.5358 17.5 -6.7731 
88.7159 51.7677 17.5 -6.77287 
90.8971 52.9996 17.5 -6.77264 
93.0782 54.2315 17.5 -6.7724 
95.2594 55.4634 17.5 -6.77216 
97.4405 56.6953 17.5 -6.77193 
84.3299 46.799 17.5 -6.77341 
86.5111 48.0309 17.5 -6.7732 
88.6922 49.2628 17.5 -6.77298 
90.8734 50.4947 17.5 -6.77275 
93.0545 51.7266 17.5 -6.77251 
95.2357 52.9585 17.5 -6.77227 
97.4168 54.1904 17.5 -6.77204 
88.6685 46.7579 17.5 -6.77306 
90.8497 47.9898 17.5 -6.77283 
93.0308 49.2217 17.5 -6.77259 
95.212 50.4536 17.5 -6.77236 
93.0071 46.7168 17.5 -6.77265 
52.1817 88.4376 17.5 -6.76918 
54.3628 89.6695 17.5 -6.76901 
56.544 90.9014 17.5 -6.76886 
49.9768 84.7008 17.5 -6.76962 
52.1579 85.9327 17.5 -6.76946 
54.3391 87.1646 17.5 -6.7693 
56.5202 88.3965 17.5 -6.76914 
58.7014 89.6284 17.5 -6.76898 
60.8826 90.8604 17.5 -6.76882 
47.7719 80.964 17.5 -6.77007 
49.9531 82.1959 17.5 -6.76992 
52.1342 83.4278 17.5 -6.76976 
54.3154 84.6597 17.5 -6.7696 
56.4965 85.8916 17.5 -6.76944 
58.6777 87.1236 17.5 -6.76927 
60.8588 88.3555 17.5 -6.76911 
63.04 89.5874 17.5 -6.76896 
65.2211 90.8193 17.5 -6.76881 
45.5671 77.2272 17.5 -6.7705 
47.7482 78.4591 17.5 -6.77037 
49.9294 79.691 17.5 -6.77023 
52.1105 80.9229 17.5 -6.77008 
54.2917 82.1548 17.5 -6.76992 
56.4728 83.3868 17.5 -6.76976 
58.654 84.6187 17.5 -6.76959 
60.8351 85.8506 17.5 -6.76943 
63.0163 87.0825 17.5 -6.76926 
65.1974 88.3144 17.5 -6.76911 
67.3786 89.5463 17.5 -6.76896 
69.5597 90.7782 17.5 -6.76882 
43.3622 73.4904 17.5 -6.7709 
45.5434 74.7223 17.5 -6.7708 
47.7245 75.9542 17.5 -6.77068 
49.9057 77.1861 17.5 -6.77055 
52.0868 78.418 17.5 -6.77041 
54.268 79.65 17.5 -6.77026 
56.4491 80.8819 17.5 -6.7701 
58.6303 82.1138 17.5 -6.76993 
60.8114 83.3457 17.5 -6.76976 
62.9926 84.5776 17.5 -6.76959 
65.1737 85.8095 17.5 -6.76943 
67.3549 87.0414 17.5 -6.76927 
69.536 88.2733 17.5 -6.76912 
71.7172 89.5053 17.5 -6.76898 
73.8983 90.7372 17.5 -6.76885 
41.1574 69.7536 17.5 -6.77125 
43.3385 70.9855 17.5 -6.77118 
45.5197 72.2174 17.5 -6.7711 
47.7008 73.4493 17.5 -6.771 
49.882 74.6812 17.5 -6.77088 
52.0631 75.9132 17.5 -6.77075 
54.2443 77.1451 17.5 -6.7706 
56.4254 78.377 17.5 -6.77045 
58.6066 79.6089 17.5 -6.77028 
60.7877 80.8408 17.5 -6.77011 
62.9689 82.0727 17.5 -6.76994 
65.15 83.3046 17.5 -6.76977 
67.3312 84.5365 17.5 -6.7696 
69.5123 85.7685 17.5 -6.76943 
71.6935 87.0004 17.5 -6.76928 
73.8746 88.2323 17.5 -6.76914 
76.0558 89.4642 17.5 -6.76902 
78.2369 90.6961 17.5 -6.76891 
45.496 69.7125 17.5 -6.77139 
47.6771 70.9444 17.5 -6.77131 
49.8583 72.1764 17.5 -6.77121 
52.0394 73.4083 17.5 -6.77109 
54.2206 74.6402 17.5 -6.77095 
56.4017 75.8721 17.5 -6.7708 
58.5829 77.104 17.5 -6.77064 
60.764 78.3359 17.5 -6.77048 
62.9452 79.5678 17.5 -6.7703 
65.1263 80.7997 17.5 -6.77012 
67.3075 82.0317 17.5 -6.76995 
69.4886 83.2636 17.5 -6.76977 
71.6698 84.4955 17.5 -6.76961 
73.8509 85.7274 17.5 -6.76945 
76.0321 86.9593 17.5 -6.76931 
78.2132 88.1912 17.5 -6.76918 
80.3944 89.4231 17.5 -6.76907 
82.5755 90.655 17.5 -6.76899 
49.8345 69.6715 17.5 -6.77153 
52.0157 70.9034 17.5 -6.77142 
54.1968 72.1353 17.5 -6.7713 
56.378 73.3672 17.5 -6.77116 
58.5592 74.5991 17.5 -6.77101 
60.7403 75.831 17.5 -6.77084 
62.9215 77.0629 17.5 -6.77067 
65.1026 78.2949 17.5 -6.77049 
67.2838 79.5268 17.5 -6.77031 
69.4649 80.7587 17.5 -6.77013 
71.6461 81.9906 17.5 -6.76995 
73.8272 83.2225 17.5 -6.76978 
76.0084 84.4544 17.5 -6.76962 
78.1895 85.6863 17.5 -6.76948 
80.3707 86.9182 17.5 -6.76935 
82.5518 88.1502 17.5 -6.76924 
84.733 89.3821 17.5 -6.76915 
86.9141 90.614 17.5 -6.76909 
54.1731 69.6304 17.5 -6.77164 
56.3543 70.8623 17.5 -6.77151 
58.5354 72.0942 17.5 -6.77137 
60.7166 73.3261 17.5 -6.77121 
62.8977 74.5581 17.5 -6.77104 
65.0789 75.79 17.5 -6.77087 
67.26 77.0219 17.5 -6.77068 
69.4412 78.2538 17.5 -6.77049 
71.6223 79.4857 17.5 -6.77031 
73.8035 80.7176 17.5 -6.77013 
75.9846 81.9495 17.5 -6.76995 
78.1658 83.1814 17.5 -6.76979 
80.3469 84.4134 17.5 -6.76964 
82.5281 85.6453 17.5 -6.76951 
84.7092 86.8772 17.5 -6.7694 
86.8904 88.1091 17.5 -6.76932 
89.0716 89.341 17.5 -6.76925 
91.2527 90.5729 17.5 -6.76922 
58.5117 69.5893 17.5 -6.77173 
60.6929 70.8213 17.5 -6.77158 
62.874 72.0532 17.5 -6.77142 
65.0552 73.2851 17.5 -6.77124 
67.2363 74.517 17.5 -6.77106 
69.4175 75.7489 17.5 -6.77087 
71.5986 76.9808 17.5 -6.77067 
73.7798 78.2127 17.5 -6.77048 
75.9609 79.4446 17.5 -6.7703 
78.1421 80.6766 17.5 -6.77012 
80.3232 81.9085 17.5 -6.76995 
82.5044 83.1404 17.5 -6.7698 
84.6855 84.3723 17.5 -6.76967 
86.8667 85.6042 17.5 -6.76956 
89.0478 86.8361 17.5 -6.76948 
91.229 88.068 17.5 -6.76941 
93.4101 89.2999 17.5 -6.76938 
95.5913 90.5318 17.5 -6.76937 
62.8503 69.5483 17.5 -6.77178 
65.0315 70.7802 17.5 -6.77161 
67.2126 72.0121 17.5 -6.77143 
69.3938 73.244 17.5 -6.77124 
71.5749 74.4759 17.5 -6.77104 
73.7561 75.7078 17.5 -6.77085 
75.9372 76.9398 17.5 -6.77065 
78.1184 78.1717 17.5 -6.77046 
80.2995 79.4036 17.5 -6.77028 
82.4807 80.6355 17.5 -6.77011 
84.6618 81.8674 17.5 -6.76996 
86.843 83.0993 17.5 -6.76983 
89.0241 84.3312 17.5 -6.76972 
91.2053 85.5631 17.5 -6.76963 
93.3864 86.795 17.5 -6.76957 
95.5676 88.027 17.5 -6.76953 
97.7487 89.2589 17.5 -6.76953 
99.9299 90.4908 17.5 -6.76954 
67.1889 69.5072 17.5 -6.7718 
69.3701 70.7391 17.5 -6.77161 
71.5512 71.971 17.5 -6.77141 
73.7324 73.203 17.5 -6.77121 
75.9135 74.4349 17.5 -6.77101 
78.0947 75.6668 17.5 -6.77081 
80.2758 76.8987 17.5 -6.77061 
82.457 78.1306 17.5 -6.77043 
84.6381 79.3625 17.5 -6.77026 
86.8193 80.5944 17.5 -6.77011 
89.0004 81.8263 17.5 -6.76997 
91.1816 83.0582 17.5 -6.76986 
93.3627 84.2902 17.5 -6.76978 
95.5439 85.5221 17.5 -6.76972 
97.725 86.754 17.5 -6.76968 
99.9062 87.9859 17.5 -6.76967 
102.087 89.2178 17.5 -6.76969 
104.268 90.4497 17.5 -6.76973 
106.45 91.6816 17.5 -6.76979 
71.5275 69.4662 17.5 -6.77178 
73.7087 70.6981 17.5 -6.77157 
75.8898 71.93 17.5 -6.77137 
78.071 73.1619 17.5 -6.77116 
80.2521 74.3938 17.5 -6.77095 
82.4333 75.6257 17.5 -6.77076 
84.6144 76.8576 17.5 -6.77057 
86.7956 78.0895 17.5 -6.7704 
88.9767 79.3214 17.5 -6.77024 
91.1579 80.5534 17.5 -6.77011 
93.339 81.7853 17.5 -6.77 
95.5202 83.0172 17.5 -6.76992 
97.7013 84.2491 17.5 -6.76986 
99.8825 85.481 17.5 -6.76982 
102.064 86.7129 17.5 -6.76981 
104.245 87.9448 17.5 -6.76983 
106.426 89.1767 17.5 -6.76986 
108.607 90.4087 17.5 -6.76992 
110.788 91.6406 17.5 -6.76999 
75.8661 69.4251 17.5 -6.77172 
78.0473 70.657 17.5 -6.7715 
80.2284 71.8889 17.5 -6.77129 
82.4096 73.1208 17.5 -6.77108 
84.5907 74.3527 17.5 -6.77088 
86.7719 75.5846 17.5 -6.7707 
88.953 76.8166 17.5 -6.77052 
91.1342 78.0485 17.5 -6.77037 
93.3153 79.2804 17.5 -6.77024 
95.4965 80.5123 17.5 -6.77013 
97.6776 81.7442 17.5 -6.77005 
99.8588 82.9761 17.5 -6.76999 
102.04 84.208 17.5 -6.76995 
104.221 85.4399 17.5 -6.76994 
106.402 86.6719 17.5 -6.76995 
108.583 87.9038 17.5 -6.76999 
110.765 89.1357 17.5 -6.77004 
112.946 90.3676 17.5 -6.7701 
115.127 91.5995 17.5 -6.77018 
80.2047 69.384 17.5 -6.77163 
82.3858 70.6159 17.5 -6.77141 
84.567 71.8478 17.5 -6.7712 
86.7482 73.0798 17.5 -6.771 
88.9293 74.3117 17.5 -6.77081 
91.1105 75.5436 17.5 -6.77064 
93.2916 76.7755 17.5 -6.77048 
95.4728 78.0074 17.5 -6.77035 
97.6539 79.2393 17.5 -6.77025 
99.8351 80.4712 17.5 -6.77016 
102.016 81.7031 17.5 -6.7701 
104.197 82.9351 17.5 -6.77007 
106.379 84.167 17.5 -6.77006 
108.56 85.3989 17.5 -6.77007 
110.741 86.6308 17.5 -6.7701 
112.922 87.8627 17.5 -6.77014 
115.103 89.0946 17.5 -6.7702 
117.284 90.3265 17.5 -6.77027 
84.5433 69.343 17.5 -6.77151 
86.7244 70.5749 17.5 -6.77129 
88.9056 71.8068 17.5 -6.77109 
91.0867 73.0387 17.5 -6.7709 
93.2679 74.2706 17.5 -6.77073 
95.449 75.5025 17.5 -6.77058 
97.6302 76.7344 17.5 -6.77045 
99.8113 77.9663 17.5 -6.77035 
101.992 79.1983 17.5 -6.77027 
104.174 80.4302 17.5 -6.77021 
106.355 81.6621 17.5 -6.77018 
108.536 82.894 17.5 -6.77017 
110.717 84.1259 17.5 -6.77017 
112.898 85.3578 17.5 -6.7702 
115.079 86.5897 17.5 -6.77024 
88.8819 69.3019 17.5 -6.77137 
91.063 70.5338 17.5 -6.77117 
93.2442 71.7657 17.5 -6.77098 
95.4253 72.9976 17.5 -6.77081 
97.6065 74.2295 17.5 -6.77066 
99.7876 75.4615 17.5 -6.77054 
101.969 76.6934 17.5 -6.77044 
104.15 77.9253 17.5 -6.77036 
106.331 79.1572 17.5 -6.7703 
108.512 80.3891 17.5 -6.77027 
110.693 81.621 17.5 -6.77026 
112.875 82.8529 17.5 -6.77026 
93.2205 69.2608 17.5 -6.77123 
95.4016 70.4927 17.5 -6.77104 
97.5828 71.7247 17.5 -6.77088 
99.7639 72.9566 17.5 -6.77073 
101.945 74.1885 17.5 -6.77061 
104.126 75.4204 17.5 -6.77051 
106.307 76.6523 17.5 -6.77044 
108.489 77.8842 17.5 -6.77038 
110.67 79.1161 17.5 -6.77035 
97.5591 69.2198 17.5 -6.77109 
99.7402 70.4517 17.5 -6.77092 
101.921 71.6836 17.5 -6.77078 
104.103 72.9155 17.5 -6.77066 
106.284 74.1474 17.5 -6.77057 
108.465 75.3793 17.5 -6.7705 
101.898 69.1787 17.5 -6.77095 
104.079 70.4106 17.5 -6.77082 
106.26 71.6425 17.5 -6.7707 
67.6157 114.595 17.5 -6.7675 
65.4108 110.858 17.5 -6.76753 
67.592 112.09 17.5 -6.76752 
69.7731 113.322 17.5 -6.76753 
71.9543 114.554 17.5 -6.76756 
63.2059 107.122 17.5 -6.76763 
65.3871 108.354 17.5 -6.76758 
67.5683 109.585 17.5 -6.76755 
69.7494 110.817 17.5 -6.76755 
71.9306 112.049 17.5 -6.76757 
74.1117 113.281 17.5 -6.76762 
76.2929 114.513 17.5 -6.7677 
61.0011 103.385 17.5 -6.76781 
63.1822 104.617 17.5 -6.76772 
65.3634 105.849 17.5 -6.76766 
67.5445 107.081 17.5 -6.76762 
69.7257 108.312 17.5 -6.7676 
71.9068 109.544 17.5 -6.76761 
74.088 110.776 17.5 -6.76764 
76.2691 112.008 17.5 -6.7677 
78.4503 113.24 17.5 -6.76778 
80.6314 114.472 17.5 -6.76791 
58.7962 99.648 17.5 -6.76806 
60.9774 100.88 17.5 -6.76795 
63.1585 102.112 17.5 -6.76785 
65.3397 103.344 17.5 -6.76777 
67.5208 104.576 17.5 -6.76772 
69.702 105.808 17.5 -6.76768 
71.8831 107.039 17.5 -6.76767 
74.0643 108.271 17.5 -6.76768 
76.2454 109.503 17.5 -6.76772 
78.4266 110.735 17.5 -6.76779 
80.6077 111.967 17.5 -6.76789 
82.7889 113.199 17.5 -6.76802 
84.97 114.431 17.5 -6.76818 
56.5914 95.9112 17.5 -6.76838 
58.7725 97.1431 17.5 -6.76824 
60.9537 98.375 17.5 -6.76812 
63.1348 99.6069 17.5 -6.76801 
65.316 100.839 17.5 -6.76792 
67.4971 102.071 17.5 -6.76784 
69.6783 103.303 17.5 -6.76779 
71.8594 104.535 17.5 -6.76776 
74.0406 105.766 17.5 -6.76775 
76.2217 106.998 17.5 -6.76777 
78.4029 108.23 17.5 -6.76782 
80.584 109.462 17.5 -6.7679 
82.7652 110.694 17.5 -6.76801 
84.9463 111.926 17.5 -6.76815 
87.1275 113.158 17.5 -6.76832 
89.3086 114.39 17.5 -6.76852 
54.3865 92.1744 17.5 -6.76876 
56.5677 93.4063 17.5 -6.7686 
58.7488 94.6382 17.5 -6.76846 
60.93 95.8701 17.5 -6.76832 
63.1111 97.102 17.5 -6.7682 
65.2923 98.334 17.5 -6.76809 
67.4734 99.5659 17.5 -6.768 
69.6546 100.798 17.5 -6.76793 
71.8357 102.03 17.5 -6.76788 
74.0169 103.262 17.5 -6.76786 
76.198 104.494 17.5 -6.76786 
78.3792 105.725 17.5 -6.76789 
80.5603 106.957 17.5 -6.76794 
82.7415 108.189 17.5 -6.76803 
84.9226 109.421 17.5 -6.76814 
87.1038 110.653 17.5 -6.76829 
89.2849 111.885 17.5 -6.76847 
91.4661 113.117 17.5 -6.76868 
93.6472 114.349 17.5 -6.76891 
58.7251 92.1333 17.5 -6.7687 
60.9063 93.3652 17.5 -6.76856 
63.0874 94.5972 17.5 -6.76842 
65.2686 95.8291 17.5 -6.7683 
67.4497 97.061 17.5 -6.7682 
69.6309 98.2929 17.5 -6.76811 
71.812 99.5248 17.5 -6.76804 
73.9932 100.757 17.5 -6.76799 
76.1743 101.989 17.5 -6.76797 
78.3555 103.221 17.5 -6.76798 
80.5366 104.452 17.5 -6.76801 
82.7178 105.684 17.5 -6.76807 
84.8989 106.916 17.5 -6.76817 
87.0801 108.148 17.5 -6.76829 
89.2612 109.38 17.5 -6.76844 
91.4424 110.612 17.5 -6.76863 
93.6235 111.844 17.5 -6.76884 
95.8047 113.076 17.5 -6.76908 
97.9858 114.308 17.5 -6.76934 
63.0637 92.0923 17.5 -6.76868 
65.2449 93.3242 17.5 -6.76854 
67.426 94.5561 17.5 -6.76842 
69.6072 95.788 17.5 -6.76831 
71.7883 97.0199 17.5 -6.76823 
73.9695 98.2518 17.5 -6.76816 
76.1506 99.4837 17.5 -6.76812 
78.3318 100.716 17.5 -6.7681 
80.5129 101.948 17.5 -6.76811 
82.6941 103.179 17.5 -6.76815 
84.8752 104.411 17.5 -6.76822 
87.0564 105.643 17.5 -6.76832 
89.2375 106.875 17.5 -6.76844 
91.4187 108.107 17.5 -6.7686 
93.5998 109.339 17.5 -6.76879 
95.781 110.571 17.5 -6.769 
97.9621 111.803 17.5 -6.76924 
100.143 113.035 17.5 -6.7695 
102.324 114.267 17.5 -6.76977 
67.4023 92.0512 17.5 -6.76868 
69.5834 93.2831 17.5 -6.76855 
71.7646 94.515 17.5 -6.76845 
73.9457 95.7469 17.5 -6.76836 
76.1269 96.9789 17.5 -6.7683 
78.308 98.2108 17.5 -6.76826 
80.4892 99.4427 17.5 -6.76825 
82.6703 100.675 17.5 -6.76826 
84.8515 101.907 17.5 -6.7683 
87.0326 103.138 17.5 -6.76837 
89.2138 104.37 17.5 -6.76847 
91.3949 105.602 17.5 -6.7686 
93.5761 106.834 17.5 -6.76876 
95.7573 108.066 17.5 -6.76895 
97.9384 109.298 17.5 -6.76916 
100.12 110.53 17.5 -6.7694 
102.301 111.762 17.5 -6.76965 
104.482 112.994 17.5 -6.76992 
106.663 114.226 17.5 -6.77021 
71.7409 92.0101 17.5 -6.7687 
73.922 93.2421 17.5 -6.76859 
76.1032 94.474 17.5 -6.76851 
78.2843 95.7059 17.5 -6.76845 
80.4655 96.9378 17.5 -6.76841 
82.6466 98.1697 17.5 -6.7684 
84.8278 99.4016 17.5 -6.76841 
87.0089 100.634 17.5 -6.76846 
89.1901 101.865 17.5 -6.76853 
91.3712 103.097 17.5 -6.76863 
93.5524 104.329 17.5 -6.76877 
95.7335 105.561 17.5 -6.76893 
97.9147 106.793 17.5 -6.76911 
100.096 108.025 17.5 -6.76932 
102.277 109.257 17.5 -6.76955 
104.458 110.489 17.5 -6.7698 
106.639 111.721 17.5 -6.77006 
108.82 112.953 17.5 -6.77034 
111.002 114.185 17.5 -6.77062 
76.0795 91.9691 17.5 -6.76875 
78.2606 93.201 17.5 -6.76866 
80.4418 94.4329 17.5 -6.7686 
82.6229 95.6648 17.5 -6.76856 
84.8041 96.8967 17.5 -6.76855 
86.9852 98.1286 17.5 -6.76857 
89.1664 99.3605 17.5 -6.76862 
91.3475 100.592 17.5 -6.76869 
93.5287 101.824 17.5 -6.7688 
95.7098 103.056 17.5 -6.76893 
97.891 104.288 17.5 -6.76909 
100.072 105.52 17.5 -6.76927 
102.253 106.752 17.5 -6.76948 
104.434 107.984 17.5 -6.7697 
106.616 109.216 17.5 -6.76994 
108.797 110.448 17.5 -6.77019 
110.978 111.68 17.5 -6.77045 
113.159 112.912 17.5 -6.77072 
115.34 114.143 17.5 -6.77098 
80.4181 91.928 17.5 -6.76882 
82.5992 93.1599 17.5 -6.76876 
84.7804 94.3918 17.5 -6.76873 
86.9615 95.6237 17.5 -6.76872 
89.1427 96.8557 17.5 -6.76874 
91.3238 98.0876 17.5 -6.76878 
93.505 99.3195 17.5 -6.76886 
95.6861 100.551 17.5 -6.76896 
97.8673 101.783 17.5 -6.76909 
100.048 103.015 17.5 -6.76925 
102.23 104.247 17.5 -6.76943 
104.411 105.479 17.5 -6.76963 
106.592 106.711 17.5 -6.76984 
108.773 107.943 17.5 -6.77007 
110.954 109.175 17.5 -6.77031 
113.135 110.407 17.5 -6.77056 
115.316 111.639 17.5 -6.77081 
117.498 112.871 17.5 -6.77105 
119.679 114.102 17.5 -6.77129 
84.7567 91.8869 17.5 -6.76893 
86.9378 93.1189 17.5 -6.76889 
89.119 94.3508 17.5 -6.76888 
91.3001 95.5827 17.5 -6.7689 
93.4813 96.8146 17.5 -6.76895 
95.6624 98.0465 17.5 -6.76903 
97.8436 99.2784 17.5 -6.76913 
100.025 100.51 17.5 -6.76925 
102.206 101.742 17.5 -6.76941 
104.387 102.974 17.5 -6.76958 
106.568 104.206 17.5 -6.76977 
108.749 105.438 17.5 -6.76997 
110.93 106.67 17.5 -6.77019 
113.112 107.902 17.5 -6.77042 
115.293 109.134 17.5 -6.77065 
117.474 110.366 17.5 -6.77088 
119.655 111.598 17.5 -6.7711 
121.836 112.829 17.5 -6.77132 
124.017 114.061 17.5 -6.77153 
89.0953 91.8459 17.5 -6.76906 
91.2764 93.0778 17.5 -6.76905 
93.4576 94.3097 17.5 -6.76907 
95.6387 95.5416 17.5 -6.76911 
97.8199 96.7735 17.5 -6.76919 
100.001 98.0054 17.5 -6.76929 
102.182 99.2374 17.5 -6.76941 
104.363 100.469 17.5 -6.76956 
106.544 101.701 17.5 -6.76972 
108.726 102.933 17.5 -6.7699 
110.907 104.165 17.5 -6.7701 
113.088 105.397 17.5 -6.7703 
115.269 106.629 17.5 -6.77051 
117.45 107.861 17.5 -6.77072 
119.631 109.093 17.5 -6.77093 
121.813 110.325 17.5 -6.77113 
123.994 111.556 17.5 -6.77133 
126.175 112.788 17.5 -6.77151 
128.356 114.02 17.5 -6.77167 
93.4339 91.8048 17.5 -6.76921 
95.615 93.0367 17.5 -6.76923 
97.7962 94.2686 17.5 -6.76928 
99.9773 95.5006 17.5 -6.76935 
102.158 96.7325 17.5 -6.76944 
104.34 97.9644 17.5 -6.76956 
106.521 99.1963 17.5 -6.7697 
108.702 100.428 17.5 -6.76986 
110.883 101.66 17.5 -6.77003 
113.064 102.892 17.5 -6.77021 
115.245 104.124 17.5 -6.77039 
117.427 105.356 17.5 -6.77059 
119.608 106.588 17.5 -6.77078 
121.789 107.82 17.5 -6.77097 
123.97 109.052 17.5 -6.77115 
126.151 110.284 17.5 -6.77131 
128.332 111.515 17.5 -6.77147 
130.513 112.747 17.5 -6.7716 
97.7724 91.7638 17.5 -6.76939 
99.9536 92.9957 17.5 -6.76943 
102.135 94.2276 17.5 -6.7695 
104.316 95.4595 17.5 -6.76959 
106.497 96.6914 17.5 -6.76971 
108.678 97.9233 17.5 -6.76984 
110.859 99.1552 17.5 -6.76998 
113.04 100.387 17.5 -6.77014 
115.222 101.619 17.5 -6.77031 
117.403 102.851 17.5 -6.77048 
119.584 104.083 17.5 -6.77065 
121.765 105.315 17.5 -6.77082 
123.946 106.547 17.5 -6.77098 
126.127 107.779 17.5 -6.77114 
128.309 109.011 17.5 -6.77128 
102.111 91.7227 17.5 -6.76959 
104.292 92.9546 17.5 -6.76965 
106.473 94.1865 17.5 -6.76974 
108.654 95.4184 17.5 -6.76984 
110.836 96.6503 17.5 -6.76996 
113.017 97.8823 17.5 -6.7701 
115.198 99.1142 17.5 -6.77024 
117.379 100.346 17.5 -6.77039 
119.56 101.578 17.5 -6.77054 
121.741 102.81 17.5 -6.7707 
123.923 104.042 17.5 -6.77084 
126.104 105.274 17.5 -6.77098 
108.631 92.9135 17.5 -6.76987 
110.812 94.1455 17.5 -6.76997 
112.993 95.3774 17.5 -6.77008 
115.174 96.6093 17.5 -6.7702 
117.355 97.8412 17.5 -6.77033 
119.537 99.0731 17.5 -6.77046 
121.718 100.305 17.5 -6.7706 
123.899 101.537 17.5 -6.77073 
112.969 92.8725 17.5 -6.77008 
115.151 94.1044 17.5 -6.77018 
117.332 95.3363 17.5 -6.77029 
119.513 96.5682 17.5 -6.7704 
121.694 97.8001 17.5 -6.77052 
117.308 92.8314 17.5 -6.77027 
119.489 94.0633 17.5 -6.77036 
79.7542 21.7912 17.5 -6.77316 
77.5494 18.0544 17.5 -6.77302 
79.7305 19.2863 17.5 -6.77297 
81.9117 20.5182 17.5 -6.77288 
84.0928 21.7501 17.5 -6.77278 
75.3445 14.3176 17.5 -6.77284 
77.5257 15.5495 17.5 -6.77281 
79.7068 16.7814 17.5 -6.77276 
81.888 18.0133 17.5 -6.77269 
84.0691 19.2452 17.5 -6.77259 
86.2503 20.4771 17.5 -6.77246 
88.4314 21.709 17.5 -6.77232 
73.1397 10.5808 17.5 -6.7726 
75.3208 11.8127 17.5 -6.77261 
77.502 13.0446 17.5 -6.77259 
79.6831 14.2765 17.5 -6.77255 
81.8643 15.5084 17.5 -6.77248 
84.0454 16.7403 17.5 -6.77238 
86.2266 17.9722 17.5 -6.77227 
88.4077 19.2041 17.5 -6.77213 
90.5889 20.4361 17.5 -6.77197 
92.77 21.668 17.5 -6.7718 
94.9512 22.8999 17.5 -6.77161 
70.9348 6.84396 17.5 -6.77233 
73.116 8.07587 17.5 -6.77237 
75.2971 9.30778 17.5 -6.77238 
77.4783 10.5397 17.5 -6.77236 
79.6594 11.7716 17.5 -6.77232 
81.8406 13.0035 17.5 -6.77226 
84.0217 14.2354 17.5 -6.77217 
86.2029 15.4673 17.5 -6.77206 
88.384 16.6993 17.5 -6.77193 
90.5652 17.9312 17.5 -6.77178 
92.7463 19.1631 17.5 -6.77161 
94.9275 20.395 17.5 -6.77143 
97.1086 21.6269 17.5 -6.77124 
99.2898 22.8588 17.5 -6.77104 
68.73 3.10716 17.5 -6.77203 
70.9111 4.33907 17.5 -6.77209 
73.0923 5.57098 17.5 -6.77213 
75.2734 6.80289 17.5 -6.77215 
77.4546 8.0348 17.5 -6.77213 
79.6357 9.26672 17.5 -6.77209 
81.8169 10.4986 17.5 -6.77203 
83.998 11.7305 17.5 -6.77195 
86.1792 12.9625 17.5 -6.77184 
88.3603 14.1944 17.5 -6.77172 
90.5415 15.4263 17.5 -6.77157 
92.7226 16.6582 17.5 -6.77141 
94.9038 17.8901 17.5 -6.77124 
97.0849 19.122 17.5 -6.77106 
99.2661 20.3539 17.5 -6.77087 
101.447 21.5858 17.5 -6.77067 
103.628 22.8177 17.5 -6.77048 
68.7062 0.602268 17.5 -6.7718 
70.8874 1.83418 17.5 -6.77187 
73.0685 3.06609 17.5 -6.7719 
75.2497 4.298 17.5 -6.77192 
77.4308 5.52992 17.5 -6.7719 
79.612 6.76183 17.5 -6.77187 
81.7931 7.99374 17.5 -6.77181 
83.9743 9.22565 17.5 -6.77173 
86.1554 10.4576 17.5 -6.77163 
88.3366 11.6895 17.5 -6.7715 
90.5177 12.9214 17.5 -6.77137 
92.6989 14.1533 17.5 -6.77121 
94.88 15.3852 17.5 -6.77104 
97.0612 16.6171 17.5 -6.77087 
99.2424 17.849 17.5 -6.77068 
101.424 19.0809 17.5 -6.77049 
103.605 20.3129 17.5 -6.7703 
105.786 21.5448 17.5 -6.77011 
107.967 22.7767 17.5 -6.76993 
73.0448 0.561204 17.5 -6.77168 
75.226 1.79312 17.5 -6.77169 
77.4071 3.02503 17.5 -6.77168 
79.5883 4.25694 17.5 -6.77164 
81.7694 5.48885 17.5 -6.77159 
83.9506 6.72076 17.5 -6.77151 
86.1317 7.95268 17.5 -6.77141 
88.3129 9.18459 17.5 -6.77129 
90.494 10.4165 17.5 -6.77116 
92.6752 11.6484 17.5 -6.77101 
94.8563 12.8803 17.5 -6.77085 
97.0375 14.1122 17.5 -6.77067 
99.2186 15.3441 17.5 -6.77049 
101.4 16.5761 17.5 -6.77031 
103.581 17.808 17.5 -6.77012 
105.762 19.0399 17.5 -6.76994 
107.943 20.2718 17.5 -6.76976 
110.124 21.5037 17.5 -6.76959 
112.306 22.7356 17.5 -6.76944 
77.3834 0.520141 17.5 -6.77147 
79.5646 1.75205 17.5 -6.77143 
81.7457 2.98396 17.5 -6.77137 
83.9269 4.21588 17.5 -6.77129 
86.108 5.44779 17.5 -6.7712 
88.2892 6.6797 17.5 -6.77108 
90.4703 7.91161 17.5 -6.77095 
92.6515 9.14352 17.5 -6.77081 
94.8326 10.3754 17.5 -6.77065 
97.0138 11.6073 17.5 -6.77048 
99.1949 12.8393 17.5 -6.77031 
101.376 14.0712 17.5 -6.77013 
103.557 15.3031 17.5 -6.76995 
105.738 16.535 17.5 -6.76977 
107.92 17.7669 17.5 -6.76959 
110.101 18.9988 17.5 -6.76943 
112.282 20.2307 17.5 -6.76927 
114.463 21.4626 17.5 -6.76914 
116.644 22.6946 17.5 -6.76901 
81.722 0.479077 17.5 -6.77117 
83.9032 1.71099 17.5 -6.77109 
86.0843 2.9429 17.5 -6.771 
88.2655 4.17481 17.5 -6.77088 
90.4466 5.40673 17.5 -6.77076 
92.6278 6.63864 17.5 -6.77061 
94.8089 7.87055 17.5 -6.77046 
96.9901 9.10246 17.5 -6.7703 
99.1712 10.3344 17.5 -6.77013 
101.352 11.5663 17.5 -6.76995 
103.534 12.7982 17.5 -6.76977 
105.715 14.0301 17.5 -6.7696 
107.896 15.262 17.5 -6.76943 
110.077 16.4939 17.5 -6.76926 
112.258 17.7258 17.5 -6.76911 
114.439 18.9578 17.5 -6.76898 
116.62 20.1897 17.5 -6.76886 
118.802 21.4216 17.5 -6.76876 
120.983 22.6535 17.5 -6.76868 
86.0606 0.438013 17.5 -6.77081 
88.2418 1.66993 17.5 -6.7707 
90.4229 2.90184 17.5 -6.77057 
92.6041 4.13375 17.5 -6.77043 
94.7852 5.36566 17.5 -6.77028 
96.9664 6.59757 17.5 -6.77012 
99.1475 7.82949 17.5 -6.76995 
101.329 9.0614 17.5 -6.76978 
103.51 10.2933 17.5 -6.76961 
105.691 11.5252 17.5 -6.76943 
107.872 12.7571 17.5 -6.76927 
110.053 13.989 17.5 -6.76911 
112.234 15.221 17.5 -6.76896 
114.416 16.4529 17.5 -6.76882 
116.597 17.6848 17.5 -6.7687 
118.778 18.9167 17.5 -6.7686 
120.959 20.1486 17.5 -6.76852 
123.14 21.3805 17.5 -6.76847 
125.321 22.6124 17.5 -6.76844 
90.3992 0.396949 17.5 -6.7704 
92.5804 1.62886 17.5 -6.77026 
94.7615 2.86077 17.5 -6.77011 
96.9427 4.09269 17.5 -6.76995 
99.1238 5.3246 17.5 -6.76979 
101.305 6.55651 17.5 -6.76962 
103.486 7.78842 17.5 -6.76945 
105.667 9.02033 17.5 -6.76928 
107.848 10.2522 17.5 -6.76912 
110.03 11.4842 17.5 -6.76896 
112.211 12.7161 17.5 -6.76881 
114.392 13.948 17.5 -6.76868 
116.573 15.1799 17.5 -6.76856 
118.754 16.4118 17.5 -6.76846 
120.935 17.6437 17.5 -6.76838 
123.116 18.8756 17.5 -6.76832 
125.298 20.1075 17.5 -6.76829 
127.479 21.3395 17.5 -6.76829 
129.66 22.5714 17.5 -6.76832 
94.7378 0.355886 17.5 -6.76996 
96.919 1.5878 17.5 -6.7698 
99.1001 2.81971 17.5 -6.76964 
101.281 4.05162 17.5 -6.76948 
103.462 5.28353 17.5 -6.76931 
105.644 6.51545 17.5 -6.76914 
107.825 7.74736 17.5 -6.76898 
110.006 8.97927 17.5 -6.76882 
112.187 10.2112 17.5 -6.76868 
114.368 11.4431 17.5 -6.76854 
116.549 12.675 17.5 -6.76842 
118.73 13.9069 17.5 -6.76832 
120.912 15.1388 17.5 -6.76824 
123.093 16.3707 17.5 -6.76818 
125.274 17.6027 17.5 -6.76815 
127.455 18.8346 17.5 -6.76814 
129.636 20.0665 17.5 -6.76817 
131.817 21.2984 17.5 -6.76822 
133.999 22.5303 17.5 -6.7683 
99.0764 0.314822 17.5 -6.76951 
101.258 1.54673 17.5 -6.76935 
103.439 2.77865 17.5 -6.76918 
105.62 4.01056 17.5 -6.76902 
107.801 5.24247 17.5 -6.76885 
109.982 6.47438 17.5 -6.7687 
112.163 7.70629 17.5 -6.76855 
114.344 8.93821 17.5 -6.76842 
116.526 10.1701 17.5 -6.7683 
118.707 11.402 17.5 -6.7682 
120.888 12.6339 17.5 -6.76812 
123.069 13.8659 17.5 -6.76806 
125.25 15.0978 17.5 -6.76802 
127.431 16.3297 17.5 -6.76801 
129.613 17.5616 17.5 -6.76803 
131.794 18.7935 17.5 -6.76807 
133.975 20.0254 17.5 -6.76815 
136.156 21.2573 17.5 -6.76826 
138.337 22.4892 17.5 -6.7684 
103.415 0.273758 17.5 -6.76907 
105.596 1.50567 17.5 -6.76891 
107.777 2.73758 17.5 -6.76875 
109.958 3.96949 17.5 -6.76859 
112.14 5.20141 17.5 -6.76845 
114.321 6.43332 17.5 -6.76831 
116.502 7.66523 17.5 -6.7682 
118.683 8.89714 17.5 -6.76809 
120.864 10.1291 17.5 -6.76801 
123.045 11.361 17.5 -6.76795 
125.226 12.5929 17.5 -6.76791 
127.408 13.8248 17.5 -6.76789 
129.589 15.0567 17.5 -6.7679 
131.77 16.2886 17.5 -6.76794 
133.951 17.5205 17.5 -6.76801 
136.132 18.7524 17.5 -6.76811 
138.313 19.9844 17.5 -6.76825 
140.495 21.2163 17.5 -6.76841 
142.676 22.4482 17.5 -6.7686 
107.754 0.232694 17.5 -6.76866 
109.935 1.46461 17.5 -6.76851 
112.116 2.69652 17.5 -6.76836 
114.297 3.92843 17.5 -6.76823 
116.478 5.16034 17.5 -6.76811 
118.659 6.39225 17.5 -6.768 
120.84 7.62417 17.5 -6.76792 
123.022 8.85608 17.5 -6.76785 
125.203 10.088 17.5 -6.76781 
127.384 11.3199 17.5 -6.76778 
129.565 12.5518 17.5 -6.76779 
131.746 13.7837 17.5 -6.76782 
133.927 15.0156 17.5 -6.76789 
136.109 16.2476 17.5 -6.76798 
138.29 17.4795 17.5 -6.7681 
140.471 18.7114 17.5 -6.76826 
142.652 19.9433 17.5 -6.76845 
112.092 0.191631 17.5 -6.7683 
114.273 1.42354 17.5 -6.76816 
116.454 2.65545 17.5 -6.76804 
118.636 3.88737 17.5 -6.76793 
120.817 5.11928 17.5 -6.76784 
122.998 6.35119 17.5 -6.76777 
125.179 7.5831 17.5 -6.76772 
127.36 8.81502 17.5 -6.7677 
129.541 10.0469 17.5 -6.7677 
131.723 11.2788 17.5 -6.76772 
133.904 12.5108 17.5 -6.76777 
136.085 13.7427 17.5 -6.76786 
138.266 14.9746 17.5 -6.76797 
140.447 16.2065 17.5 -6.76812 
116.431 0.150567 17.5 -6.76799 
118.612 1.38248 17.5 -6.76788 
120.793 2.61439 17.5 -6.76779 
122.974 3.8463 17.5 -6.76772 
125.155 5.07822 17.5 -6.76766 
127.337 6.31013 17.5 -6.76763 
129.518 7.54204 17.5 -6.76762 
131.699 8.77395 17.5 -6.76764 
133.88 10.0059 17.5 -6.76768 
136.061 11.2378 17.5 -6.76775 
138.242 12.4697 17.5 -6.76786 
120.769 0.109503 17.5 -6.76776 
122.951 1.34142 17.5 -6.76768 
125.132 2.57333 17.5 -6.76762 
127.313 3.80524 17.5 -6.76758 
129.494 5.03715 17.5 -6.76756 
131.675 6.26906 17.5 -6.76757 
133.856 7.50098 17.5 -6.76761 
136.037 8.73289 17.5 -6.76767 
125.108 0.0684396 17.5 -6.7676 
127.289 1.30035 17.5 -6.76755 
129.47 2.53226 17.5 -6.76753 
131.651 3.76418 17.5 -6.76753 
133.833 4.99609 17.5 -6.76755 
129.447 0.0273758 17.5 -6.76752 
131.628 1.25929 17.5 -6.7675 
92.9834 44.212 17.5 -6.77267 
95.1645 45.4439 17.5 -6.77244 
90.7785 40.4752 17.5 -6.7729 
92.9597 41.7071 17.5 -6.77267 
95.1408 42.939 17.5 -6.77244 
97.322 44.1709 17.5 -6.77221 
99.5031 45.4028 17.5 -6.77197 
88.5737 36.7384 17.5 -6.77307 
90.7548 37.9703 17.5 -6.77286 
92.936 39.2022 17.5 -6.77264 
95.1171 40.4341 17.5 -6.77241 
97.2983 41.666 17.5 -6.77218 
99.4794 42.8979 17.5 -6.77195 
101.661 44.1298 17.5 -6.77172 
103.842 45.3617 17.5 -6.7715 
86.3688 33.0016 17.5 -6.77318 
88.55 34.2335 17.5 -6.773 
90.7311 35.4654 17.5 -6.7728 
92.9123 36.6973 17.5 -6.77259 
95.0934 37.9292 17.5 -6.77236 
97.2746 39.1611 17.5 -6.77214 
99.4557 40.393 17.5 -6.77191 
101.637 41.6249 17.5 -6.77168 
103.818 42.8569 17.5 -6.77146 
105.999 44.0888 17.5 -6.77125 
108.18 45.3207 17.5 -6.77105 
84.164 29.2648 17.5 -6.77324 
86.3451 30.4967 17.5 -6.77308 
88.5263 31.7286 17.5 -6.77291 
90.7074 32.9605 17.5 -6.77272 
92.8886 34.1924 17.5 -6.77251 
95.0697 35.4243 17.5 -6.77229 
97.2509 36.6562 17.5 -6.77207 
99.432 37.8881 17.5 -6.77184 
101.613 39.1201 17.5 -6.77161 
103.794 40.352 17.5 -6.77139 
105.975 41.5839 17.5 -6.77118 
108.157 42.8158 17.5 -6.77098 
110.338 44.0477 17.5 -6.77081 
112.519 45.2796 17.5 -6.77065 
81.9591 25.528 17.5 -6.77323 
84.1403 26.7599 17.5 -6.77311 
86.3214 27.9918 17.5 -6.77296 
88.5026 29.2237 17.5 -6.77279 
90.6837 30.4556 17.5 -6.77261 
92.8649 31.6875 17.5 -6.77241 
95.046 32.9194 17.5 -6.77219 
97.2272 34.1513 17.5 -6.77197 
99.4083 35.3833 17.5 -6.77175 
101.589 36.6152 17.5 -6.77153 
103.771 37.8471 17.5 -6.77131 
105.952 39.079 17.5 -6.7711 
108.133 40.3109 17.5 -6.7709 
110.314 41.5428 17.5 -6.77072 
112.495 42.7747 17.5 -6.77056 
114.676 44.0066 17.5 -6.77042 
116.858 45.2385 17.5 -6.7703 
81.9354 23.0231 17.5 -6.77307 
84.1165 24.255 17.5 -6.77295 
86.2977 25.4869 17.5 -6.77281 
88.4788 26.7188 17.5 -6.77265 
90.66 27.9507 17.5 -6.77247 
92.8411 29.1826 17.5 -6.77228 
95.0223 30.4145 17.5 -6.77208 
97.2034 31.6465 17.5 -6.77186 
99.3846 32.8784 17.5 -6.77164 
101.566 34.1103 17.5 -6.77142 
103.747 35.3422 17.5 -6.77121 
105.928 36.5741 17.5 -6.771 
108.109 37.806 17.5 -6.7708 
110.29 39.0379 17.5 -6.77062 
112.472 40.2698 17.5 -6.77045 
114.653 41.5017 17.5 -6.77031 
116.834 42.7337 17.5 -6.77019 
119.015 43.9656 17.5 -6.7701 
121.196 45.1975 17.5 -6.77003 
86.274 22.982 17.5 -6.77265 
88.4551 24.2139 17.5 -6.77249 
90.6363 25.4458 17.5 -6.77232 
92.8174 26.6777 17.5 -6.77214 
94.9986 27.9097 17.5 -6.77194 
97.1797 29.1416 17.5 -6.77173 
99.3609 30.3735 17.5 -6.77151 
101.542 31.6054 17.5 -6.7713 
103.723 32.8373 17.5 -6.77109 
105.904 34.0692 17.5 -6.77088 
108.085 35.3011 17.5 -6.77068 
110.267 36.533 17.5 -6.7705 
112.448 37.7649 17.5 -6.77034 
114.629 38.9969 17.5 -6.77019 
116.81 40.2288 17.5 -6.77007 
118.991 41.4607 17.5 -6.76997 
121.172 42.6926 17.5 -6.7699 
123.354 43.9245 17.5 -6.76986 
125.535 45.1564 17.5 -6.76984 
90.6126 22.9409 17.5 -6.77215 
92.7937 24.1729 17.5 -6.77198 
94.9749 25.4048 17.5 -6.77178 
97.156 26.6367 17.5 -6.77158 
99.3372 27.8686 17.5 -6.77137 
101.518 29.1005 17.5 -6.77116 
103.699 30.3324 17.5 -6.77095 
105.881 31.5643 17.5 -6.77075 
108.062 32.7962 17.5 -6.77055 
110.243 34.0281 17.5 -6.77037 
112.424 35.2601 17.5 -6.77021 
114.605 36.492 17.5 -6.77006 
116.786 37.7239 17.5 -6.76994 
118.968 38.9558 17.5 -6.76984 
121.149 40.1877 17.5 -6.76977 
123.33 41.4196 17.5 -6.76972 
125.511 42.6515 17.5 -6.7697 
127.692 43.8834 17.5 -6.76971 
129.873 45.1154 17.5 -6.76974 
97.1323 24.1318 17.5 -6.77142 
99.3135 25.3637 17.5 -6.77121 
101.495 26.5956 17.5 -6.77101 
103.676 27.8275 17.5 -6.7708 
105.857 29.0594 17.5 -6.7706 
108.038 30.2913 17.5 -6.77041 
110.219 31.5233 17.5 -6.77023 
112.4 32.7552 17.5 -6.77007 
114.582 33.9871 17.5 -6.76992 
116.763 35.219 17.5 -6.7698 
118.944 36.4509 17.5 -6.7697 
121.125 37.6828 17.5 -6.76963 
123.306 38.9147 17.5 -6.76958 
125.487 40.1466 17.5 -6.76956 
127.668 41.3786 17.5 -6.76956 
129.85 42.6105 17.5 -6.76959 
132.031 43.8424 17.5 -6.76965 
134.212 45.0743 17.5 -6.76973 
101.471 24.0907 17.5 -6.77084 
103.652 25.3226 17.5 -6.77064 
105.833 26.5545 17.5 -6.77045 
108.014 27.7865 17.5 -6.77026 
110.196 29.0184 17.5 -6.77008 
112.377 30.2503 17.5 -6.76992 
114.558 31.4822 17.5 -6.76977 
116.739 32.7141 17.5 -6.76965 
118.92 33.946 17.5 -6.76955 
121.101 35.1779 17.5 -6.76948 
123.282 36.4098 17.5 -6.76943 
125.464 37.6418 17.5 -6.76941 
127.645 38.8737 17.5 -6.76941 
129.826 40.1056 17.5 -6.76944 
132.007 41.3375 17.5 -6.7695 
134.188 42.5694 17.5 -6.76959 
136.369 43.8013 17.5 -6.76969 
138.55 45.0332 17.5 -6.76981 
105.81 24.0497 17.5 -6.77028 
107.991 25.2816 17.5 -6.7701 
110.172 26.5135 17.5 -6.76992 
112.353 27.7454 17.5 -6.76976 
114.534 28.9773 17.5 -6.76962 
116.715 30.2092 17.5 -6.7695 
118.896 31.4411 17.5 -6.7694 
121.078 32.673 17.5 -6.76932 
123.259 33.905 17.5 -6.76927 
125.44 35.1369 17.5 -6.76925 
127.621 36.3688 17.5 -6.76925 
129.802 37.6007 17.5 -6.76929 
131.983 38.8326 17.5 -6.76935 
134.164 40.0645 17.5 -6.76943 
136.346 41.2964 17.5 -6.76954 
138.527 42.5283 17.5 -6.76967 
140.708 43.7603 17.5 -6.76982 
142.889 44.9922 17.5 -6.76999 
110.148 24.0086 17.5 -6.76976 
112.329 25.2405 17.5 -6.7696 
114.51 26.4724 17.5 -6.76946 
116.692 27.7043 17.5 -6.76934 
118.873 28.9362 17.5 -6.76924 
121.054 30.1682 17.5 -6.76916 
123.235 31.4001 17.5 -6.76911 
125.416 32.632 17.5 -6.76909 
127.597 33.8639 17.5 -6.76909 
129.778 35.0958 17.5 -6.76913 
131.96 36.3277 17.5 -6.76919 
134.141 37.5596 17.5 -6.76928 
136.322 38.7915 17.5 -6.76939 
138.503 40.0235 17.5 -6.76953 
140.684 41.2554 17.5 -6.76968 
142.865 42.4873 17.5 -6.76986 
145.047 43.7192 17.5 -6.77005 
147.228 44.9511 17.5 -6.77025 
114.487 23.9675 17.5 -6.7693 
116.668 25.1994 17.5 -6.76918 
118.849 26.4314 17.5 -6.76908 
121.03 27.6633 17.5 -6.769 
123.211 28.8952 17.5 -6.76895 
125.392 30.1271 17.5 -6.76893 
127.574 31.359 17.5 -6.76893 
129.755 32.5909 17.5 -6.76896 
131.936 33.8228 17.5 -6.76903 
134.117 35.0547 17.5 -6.76911 
136.298 36.2867 17.5 -6.76923 
138.479 37.5186 17.5 -6.76937 
140.661 38.7505 17.5 -6.76953 
142.842 39.9824 17.5 -6.76972 
145.023 41.2143 17.5 -6.76992 
147.204 42.4462 17.5 -6.77013 
149.385 43.6781 17.5 -6.77035 
151.566 44.91 17.5 -6.77058 
118.825 23.9265 17.5 -6.76891 
121.006 25.1584 17.5 -6.76884 
123.188 26.3903 17.5 -6.76879 
125.369 27.6222 17.5 -6.76876 
127.55 28.8541 17.5 -6.76877 
129.731 30.086 17.5 -6.7688 
131.912 31.3179 17.5 -6.76886 
134.093 32.5499 17.5 -6.76895 
136.274 33.7818 17.5 -6.76907 
138.456 35.0137 17.5 -6.76921 
140.637 36.2456 17.5 -6.76938 
142.818 37.4775 17.5 -6.76957 
144.999 38.7094 17.5 -6.76978 
147.18 39.9413 17.5 -6.77 
149.361 41.1732 17.5 -6.77024 
151.543 42.4051 17.5 -6.77048 
153.724 43.6371 17.5 -6.77073 
155.905 44.869 17.5 -6.77098 
123.164 23.8854 17.5 -6.76863 
125.345 25.1173 17.5 -6.7686 
127.526 26.3492 17.5 -6.7686 
129.707 27.5811 17.5 -6.76863 
131.888 28.8131 17.5 -6.76869 
134.07 30.045 17.5 -6.76878 
136.251 31.2769 17.5 -6.7689 
138.432 32.5088 17.5 -6.76905 
140.613 33.7407 17.5 -6.76922 
142.794 34.9726 17.5 -6.76941 
144.975 36.2045 17.5 -6.76963 
147.157 37.4364 17.5 -6.76986 
149.338 38.6684 17.5 -6.77011 
151.519 39.9003 17.5 -6.77037 
153.7 41.1322 17.5 -6.77064 
155.881 42.3641 17.5 -6.7709 
127.502 23.8443 17.5 -6.76844 
129.684 25.0763 17.5 -6.76847 
131.865 26.3082 17.5 -6.76853 
134.046 27.5401 17.5 -6.76862 
136.227 28.772 17.5 -6.76874 
138.408 30.0039 17.5 -6.76888 
140.589 31.2358 17.5 -6.76906 
142.771 32.4677 17.5 -6.76925 
144.952 33.6996 17.5 -6.76948 
147.133 34.9316 17.5 -6.76972 
149.314 36.1635 17.5 -6.76997 
151.495 37.3954 17.5 -6.77024 
153.676 38.6273 17.5 -6.77052 
131.841 23.8033 17.5 -6.76837 
134.022 25.0352 17.5 -6.76846 
136.203 26.2671 17.5 -6.76857 
138.385 27.499 17.5 -6.76872 
140.566 28.7309 17.5 -6.76889 
142.747 29.9628 17.5 -6.76909 
144.928 31.1948 17.5 -6.76932 
147.109 32.4267 17.5 -6.76956 
149.29 33.6586 17.5 -6.76983 
151.471 34.8905 17.5 -6.77011 
136.18 23.7622 17.5 -6.76841 
138.361 24.9941 17.5 -6.76855 
140.542 26.226 17.5 -6.76873 
142.723 27.458 17.5 -6.76893 
144.904 28.6899 17.5 -6.76915 
147.085 29.9218 17.5 -6.7694 
149.267 31.1537 17.5 -6.76967 
140.518 23.7212 17.5 -6.76856 
142.699 24.9531 17.5 -6.76876 
144.881 26.185 17.5 -6.76899 
147.062 27.4169 17.5 -6.76924 
144.857 23.6801 17.5 -6.76882 
104.031 65.4008 17.5 -6.77109 
106.213 66.6328 17.5 -6.77095 
108.394 67.8647 17.5 -6.77083 
101.827 61.664 17.5 -6.77139 
104.008 62.896 17.5 -6.77122 
106.189 64.1279 17.5 -6.77106 
108.37 65.3598 17.5 -6.77092 
110.551 66.5917 17.5 -6.77081 
112.732 67.8236 17.5 -6.77072 
99.6217 57.9272 17.5 -6.77171 
101.803 59.1592 17.5 -6.77151 
103.984 60.3911 17.5 -6.77132 
106.165 61.623 17.5 -6.77115 
108.346 62.8549 17.5 -6.771 
110.527 64.0868 17.5 -6.77088 
112.709 65.3187 17.5 -6.77077 
114.89 66.5506 17.5 -6.77069 
117.071 67.7825 17.5 -6.77062 
99.598 55.4224 17.5 -6.77181 
101.779 56.6543 17.5 -6.7716 
103.96 57.8862 17.5 -6.7714 
106.141 59.1181 17.5 -6.77122 
108.323 60.35 17.5 -6.77107 
110.504 61.5819 17.5 -6.77093 
112.685 62.8138 17.5 -6.77081 
114.866 64.0457 17.5 -6.77072 
117.047 65.2776 17.5 -6.77065 
119.228 66.5096 17.5 -6.77059 
121.409 67.7415 17.5 -6.77055 
97.3931 51.6856 17.5 -6.77212 
99.5743 52.9175 17.5 -6.77189 
101.755 54.1494 17.5 -6.77167 
103.937 55.3813 17.5 -6.77147 
106.118 56.6132 17.5 -6.77128 
108.299 57.8451 17.5 -6.77111 
110.48 59.077 17.5 -6.77097 
112.661 60.3089 17.5 -6.77084 
114.842 61.5409 17.5 -6.77074 
117.023 62.7728 17.5 -6.77066 
119.205 64.0047 17.5 -6.7706 
121.386 65.2366 17.5 -6.77055 
123.567 66.4685 17.5 -6.77052 
125.748 67.7004 17.5 -6.77051 
95.1883 47.9488 17.5 -6.77241 
97.3694 49.1807 17.5 -6.77218 
99.5506 50.4126 17.5 -6.77194 
101.732 51.6445 17.5 -6.77172 
103.913 52.8764 17.5 -6.77151 
106.094 54.1083 17.5 -6.77131 
108.275 55.3402 17.5 -6.77114 
110.456 56.5721 17.5 -6.77098 
112.637 57.8041 17.5 -6.77085 
114.819 59.036 17.5 -6.77074 
117 60.2679 17.5 -6.77065 
119.181 61.4998 17.5 -6.77058 
121.362 62.7317 17.5 -6.77054 
123.543 63.9636 17.5 -6.7705 
125.724 65.1955 17.5 -6.77049 
127.906 66.4274 17.5 -6.77048 
130.087 67.6593 17.5 -6.77048 
97.3457 46.6758 17.5 -6.7722 
99.5268 47.9077 17.5 -6.77197 
101.708 49.1396 17.5 -6.77174 
103.889 50.3715 17.5 -6.77153 
106.07 51.6034 17.5 -6.77133 
108.251 52.8353 17.5 -6.77115 
110.433 54.0673 17.5 -6.77098 
112.614 55.2992 17.5 -6.77084 
114.795 56.5311 17.5 -6.77073 
116.976 57.763 17.5 -6.77063 
119.157 58.9949 17.5 -6.77056 
121.338 60.2268 17.5 -6.77051 
123.52 61.4587 17.5 -6.77047 
125.701 62.6906 17.5 -6.77045 
127.882 63.9225 17.5 -6.77045 
130.063 65.1545 17.5 -6.77045 
132.244 66.3864 17.5 -6.77046 
134.425 67.6183 17.5 -6.77048 
101.684 46.6347 17.5 -6.77174 
103.865 47.8666 17.5 -6.77153 
106.047 49.0985 17.5 -6.77132 
108.228 50.3305 17.5 -6.77113 
110.409 51.5624 17.5 -6.77097 
112.59 52.7943 17.5 -6.77082 
114.771 54.0262 17.5 -6.7707 
116.952 55.2581 17.5 -6.7706 
119.133 56.49 17.5 -6.77052 
121.315 57.7219 17.5 -6.77046 
123.496 58.9538 17.5 -6.77043 
125.677 60.1857 17.5 -6.77041 
127.858 61.4177 17.5 -6.7704 
130.039 62.6496 17.5 -6.77041 
132.22 63.8815 17.5 -6.77043 
134.402 65.1134 17.5 -6.77045 
136.583 66.3453 17.5 -6.77048 
138.764 67.5772 17.5 -6.7705 
106.023 46.5937 17.5 -6.77129 
108.204 47.8256 17.5 -6.7711 
110.385 49.0575 17.5 -6.77093 
112.566 50.2894 17.5 -6.77078 
114.747 51.5213 17.5 -6.77065 
116.929 52.7532 17.5 -6.77054 
119.11 53.9851 17.5 -6.77046 
121.291 55.217 17.5 -6.7704 
123.472 56.4489 17.5 -6.77036 
125.653 57.6809 17.5 -6.77035 
127.834 58.9128 17.5 -6.77034 
130.016 60.1447 17.5 -6.77036 
132.197 61.3766 17.5 -6.77038 
134.378 62.6085 17.5 -6.77041 
136.559 63.8404 17.5 -6.77044 
138.74 65.0723 17.5 -6.77048 
140.921 66.3042 17.5 -6.77052 
143.102 67.5362 17.5 -6.77055 
110.361 46.5526 17.5 -6.77088 
112.543 47.7845 17.5 -6.77072 
114.724 49.0164 17.5 -6.77059 
116.905 50.2483 17.5 -6.77048 
119.086 51.4802 17.5 -6.77039 
121.267 52.7121 17.5 -6.77033 
123.448 53.9441 17.5 -6.77029 
125.63 55.176 17.5 -6.77027 
127.811 56.4079 17.5 -6.77027 
129.992 57.6398 17.5 -6.77029 
132.173 58.8717 17.5 -6.77031 
134.354 60.1036 17.5 -6.77035 
136.535 61.3355 17.5 -6.7704 
138.716 62.5674 17.5 -6.77045 
140.898 63.7994 17.5 -6.7705 
143.079 65.0313 17.5 -6.77055 
145.26 66.2632 17.5 -6.77059 
147.441 67.4951 17.5 -6.77062 
149.622 68.727 17.5 -6.77065 
114.7 46.5115 17.5 -6.77051 
116.881 47.7434 17.5 -6.77039 
119.062 48.9753 17.5 -6.77031 
121.244 50.2073 17.5 -6.77024 
123.425 51.4392 17.5 -6.7702 
125.606 52.6711 17.5 -6.77018 
127.787 53.903 17.5 -6.77018 
129.968 55.1349 17.5 -6.7702 
132.149 56.3668 17.5 -6.77024 
134.33 57.5987 17.5 -6.77028 
136.512 58.8306 17.5 -6.77034 
138.693 60.0626 17.5 -6.7704 
140.874 61.2945 17.5 -6.77046 
143.055 62.5264 17.5 -6.77053 
145.236 63.7583 17.5 -6.77059 
147.417 64.9902 17.5 -6.77064 
149.598 66.2221 17.5 -6.77069 
151.78 67.454 17.5 -6.77072 
153.961 68.6859 17.5 -6.77074 
119.039 46.4705 17.5 -6.77021 
121.22 47.7024 17.5 -6.77014 
123.401 48.9343 17.5 -6.7701 
125.582 50.1662 17.5 -6.77008 
127.763 51.3981 17.5 -6.77008 
129.944 52.63 17.5 -6.7701 
132.126 53.8619 17.5 -6.77014 
134.307 55.0938 17.5 -6.7702 
136.488 56.3258 17.5 -6.77026 
138.669 57.5577 17.5 -6.77034 
140.85 58.7896 17.5 -6.77041 
143.031 60.0215 17.5 -6.77049 
145.212 61.2534 17.5 -6.77057 
147.394 62.4853 17.5 -6.77065 
149.575 63.7172 17.5 -6.77072 
151.756 64.9491 17.5 -6.77077 
153.937 66.1811 17.5 -6.77081 
156.118 67.413 17.5 -6.77084 
158.299 68.6449 17.5 -6.77085 
123.377 46.4294 17.5 -6.76998 
125.558 47.6613 17.5 -6.76996 
127.74 48.8932 17.5 -6.76997 
129.921 50.1251 17.5 -6.76999 
132.102 51.357 17.5 -6.77004 
134.283 52.589 17.5 -6.7701 
136.464 53.8209 17.5 -6.77017 
138.645 55.0528 17.5 -6.77026 
140.826 56.2847 17.5 -6.77035 
143.008 57.5166 17.5 -6.77045 
145.189 58.7485 17.5 -6.77054 
147.37 59.9804 17.5 -6.77064 
149.551 61.2123 17.5 -6.77073 
151.732 62.4443 17.5 -6.77081 
153.913 63.6762 17.5 -6.77088 
156.095 64.9081 17.5 -6.77093 
158.276 66.14 17.5 -6.77097 
160.457 67.3719 17.5 -6.77098 
162.638 68.6038 17.5 -6.77098 
127.716 46.3883 17.5 -6.76984 
129.897 47.6202 17.5 -6.76987 
132.078 48.8522 17.5 -6.76992 
134.259 50.0841 17.5 -6.76999 
136.44 51.316 17.5 -6.77007 
138.622 52.5479 17.5 -6.77017 
140.803 53.7798 17.5 -6.77027 
142.984 55.0117 17.5 -6.77038 
145.165 56.2436 17.5 -6.7705 
147.346 57.4755 17.5 -6.77061 
149.527 58.7075 17.5 -6.77072 
151.709 59.9394 17.5 -6.77083 
153.89 61.1713 17.5 -6.77092 
156.071 62.4032 17.5 -6.771 
158.252 63.6351 17.5 -6.77107 
160.433 64.867 17.5 -6.77111 
162.614 66.0989 17.5 -6.77114 
164.795 67.3308 17.5 -6.77115 
166.977 68.5627 17.5 -6.77113 
132.054 46.3473 17.5 -6.76979 
134.236 47.5792 17.5 -6.76986 
136.417 48.8111 17.5 -6.76995 
138.598 50.043 17.5 -6.77006 
140.779 51.2749 17.5 -6.77018 
142.96 52.5068 17.5 -6.7703 
145.141 53.7387 17.5 -6.77044 
147.322 54.9707 17.5 -6.77057 
149.504 56.2026 17.5 -6.7707 
151.685 57.4345 17.5 -6.77083 
153.866 58.6664 17.5 -6.77095 
156.047 59.8983 17.5 -6.77106 
158.228 61.1302 17.5 -6.77115 
160.409 62.3621 17.5 -6.77122 
162.591 63.594 17.5 -6.77128 
164.772 64.8259 17.5 -6.77131 
166.953 66.0579 17.5 -6.77133 
169.134 67.2898 17.5 -6.77132 
171.315 68.5217 17.5 -6.77129 
136.393 46.3062 17.5 -6.76983 
138.574 47.5381 17.5 -6.76994 
140.755 48.77 17.5 -6.77007 
142.936 50.0019 17.5 -6.77021 
145.118 51.2339 17.5 -6.77036 
147.299 52.4658 17.5 -6.77051 
149.48 53.6977 17.5 -6.77066 
151.661 54.9296 17.5 -6.77082 
153.842 56.1615 17.5 -6.77096 
156.023 57.3934 17.5 -6.77109 
158.205 58.6253 17.5 -6.77122 
160.386 59.8572 17.5 -6.77132 
162.567 61.0891 17.5 -6.7714 
164.748 62.3211 17.5 -6.77147 
166.929 63.553 17.5 -6.77151 
169.11 64.7849 17.5 -6.77153 
140.732 46.2651 17.5 -6.76995 
142.913 47.4971 17.5 -6.7701 
145.094 48.729 17.5 -6.77027 
147.275 49.9609 17.5 -6.77044 
149.456 51.1928 17.5 -6.77061 
151.637 52.4247 17.5 -6.77078 
153.819 53.6566 17.5 -6.77095 
156 54.8885 17.5 -6.77111 
158.181 56.1204 17.5 -6.77126 
160.362 57.3523 17.5 -6.77139 
162.543 58.5843 17.5 -6.77151 
164.724 59.8162 17.5 -6.7716 
166.905 61.0481 17.5 -6.77167 
145.07 46.2241 17.5 -6.77016 
147.251 47.456 17.5 -6.77035 
149.433 48.6879 17.5 -6.77054 
151.614 49.9198 17.5 -6.77073 
153.795 51.1517 17.5 -6.77092 
155.976 52.3836 17.5 -6.77111 
158.157 53.6155 17.5 -6.77128 
160.338 54.8475 17.5 -6.77145 
162.519 56.0794 17.5 -6.77159 
164.701 57.3113 17.5 -6.77171 
149.409 46.183 17.5 -6.77045 
151.59 47.4149 17.5 -6.77066 
153.771 48.6468 17.5 -6.77088 
155.952 49.8787 17.5 -6.77109 
158.133 51.1107 17.5 -6.77129 
160.315 52.3426 17.5 -6.77148 
162.496 53.5745 17.5 -6.77165 
153.747 46.1419 17.5 -6.77081 
155.929 47.3739 17.5 -6.77104 
158.11 48.6058 17.5 -6.77127 
160.291 49.8377 17.5 -6.77148 
158.086 46.1009 17.5 -6.77123 
119.465 91.5584 17.5 -6.77035 
117.261 87.8216 17.5 -6.77029 
119.442 89.0536 17.5 -6.77034 
121.623 90.2855 17.5 -6.77041 
123.804 91.5174 17.5 -6.77047 
115.056 84.0848 17.5 -6.77028 
117.237 85.3168 17.5 -6.77031 
119.418 86.5487 17.5 -6.77036 
121.599 87.7806 17.5 -6.7704 
123.78 89.0125 17.5 -6.77045 
125.961 90.2444 17.5 -6.7705 
128.143 91.4763 17.5 -6.77055 
112.851 80.348 17.5 -6.77034 
115.032 81.58 17.5 -6.77034 
117.213 82.8119 17.5 -6.77035 
119.394 84.0438 17.5 -6.77038 
121.575 85.2757 17.5 -6.77041 
123.757 86.5076 17.5 -6.77045 
125.938 87.7395 17.5 -6.77049 
128.119 88.9714 17.5 -6.77052 
130.3 90.2033 17.5 -6.77055 
132.481 91.4352 17.5 -6.77058 
110.646 76.6112 17.5 -6.77045 
112.827 77.8432 17.5 -6.77041 
115.008 79.0751 17.5 -6.7704 
117.189 80.307 17.5 -6.7704 
119.371 81.5389 17.5 -6.77041 
121.552 82.7708 17.5 -6.77043 
123.733 84.0027 17.5 -6.77045 
125.914 85.2346 17.5 -6.77048 
128.095 86.4665 17.5 -6.77051 
130.276 87.6984 17.5 -6.77053 
132.457 88.9304 17.5 -6.77054 
134.639 90.1623 17.5 -6.77055 
136.82 91.3942 17.5 -6.77055 
108.441 72.8744 17.5 -6.77061 
110.622 74.1064 17.5 -6.77054 
112.803 75.3383 17.5 -6.77049 
114.985 76.5702 17.5 -6.77046 
117.166 77.8021 17.5 -6.77045 
119.347 79.034 17.5 -6.77044 
121.528 80.2659 17.5 -6.77045 
123.709 81.4978 17.5 -6.77046 
125.89 82.7297 17.5 -6.77048 
128.071 83.9616 17.5 -6.7705 
130.253 85.1936 17.5 -6.77051 
132.434 86.4255 17.5 -6.77052 
134.615 87.6574 17.5 -6.77053 
136.796 88.8893 17.5 -6.77052 
138.977 90.1212 17.5 -6.7705 
141.158 91.3531 17.5 -6.77046 
106.236 69.1376 17.5 -6.77083 
108.417 70.3696 17.5 -6.77072 
110.599 71.6015 17.5 -6.77064 
112.78 72.8334 17.5 -6.77057 
114.961 74.0653 17.5 -6.77053 
117.142 75.2972 17.5 -6.7705 
119.323 76.5291 17.5 -6.77048 
121.504 77.761 17.5 -6.77048 
123.685 78.9929 17.5 -6.77048 
125.867 80.2248 17.5 -6.77049 
128.048 81.4568 17.5 -6.7705 
130.229 82.6887 17.5 -6.77051 
132.41 83.9206 17.5 -6.77051 
134.591 85.1525 17.5 -6.77051 
136.772 86.3844 17.5 -6.7705 
138.954 87.6163 17.5 -6.77048 
141.135 88.8482 17.5 -6.77045 
143.316 90.0801 17.5 -6.7704 
145.497 91.3121 17.5 -6.77034 
110.575 69.0966 17.5 -6.77073 
112.756 70.3285 17.5 -6.77065 
114.937 71.5604 17.5 -6.77059 
117.118 72.7923 17.5 -6.77055 
119.299 74.0242 17.5 -6.77052 
121.481 75.2561 17.5 -6.7705 
123.662 76.488 17.5 -6.7705 
125.843 77.72 17.5 -6.7705 
128.024 78.9519 17.5 -6.7705 
130.205 80.1838 17.5 -6.7705 
132.386 81.4157 17.5 -6.77051 
134.568 82.6476 17.5 -6.77051 
136.749 83.8795 17.5 -6.7705 
138.93 85.1114 17.5 -6.77048 
141.111 86.3433 17.5 -6.77044 
143.292 87.5753 17.5 -6.7704 
145.473 88.8072 17.5 -6.77034 
147.654 90.0391 17.5 -6.77026 
149.836 91.271 17.5 -6.77017 
114.913 69.0555 17.5 -6.77064 
117.095 70.2874 17.5 -6.77059 
119.276 71.5193 17.5 -6.77055 
121.457 72.7512 17.5 -6.77053 
123.638 73.9832 17.5 -6.77051 
125.819 75.2151 17.5 -6.77051 
128 76.447 17.5 -6.7705 
130.181 77.6789 17.5 -6.77051 
132.363 78.9108 17.5 -6.77051 
134.544 80.1427 17.5 -6.7705 
136.725 81.3746 17.5 -6.7705 
138.906 82.6065 17.5 -6.77048 
141.087 83.8385 17.5 -6.77045 
143.268 85.0704 17.5 -6.77041 
145.45 86.3023 17.5 -6.77035 
147.631 87.5342 17.5 -6.77028 
149.812 88.7661 17.5 -6.7702 
151.993 89.998 17.5 -6.7701 
154.174 91.2299 17.5 -6.76999 
119.252 69.0144 17.5 -6.77058 
121.433 70.2464 17.5 -6.77054 
123.614 71.4783 17.5 -6.77052 
125.795 72.7102 17.5 -6.77051 
127.977 73.9421 17.5 -6.77051 
130.158 75.174 17.5 -6.77051 
132.339 76.4059 17.5 -6.77051 
134.52 77.6378 17.5 -6.77051 
136.701 78.8697 17.5 -6.7705 
138.882 80.1017 17.5 -6.77049 
141.064 81.3336 17.5 -6.77046 
143.245 82.5655 17.5 -6.77043 
145.426 83.7974 17.5 -6.77038 
147.607 85.0293 17.5 -6.77031 
149.788 86.2612 17.5 -6.77024 
151.969 87.4931 17.5 -6.77014 
154.15 88.725 17.5 -6.77004 
156.332 89.957 17.5 -6.76992 
158.513 91.1889 17.5 -6.76979 
123.591 68.9734 17.5 -6.77053 
125.772 70.2053 17.5 -6.77051 
127.953 71.4372 17.5 -6.77051 
130.134 72.6691 17.5 -6.7705 
132.315 73.901 17.5 -6.77051 
134.496 75.1329 17.5 -6.77051 
136.678 76.3649 17.5 -6.7705 
138.859 77.5968 17.5 -6.7705 
141.04 78.8287 17.5 -6.77048 
143.221 80.0606 17.5 -6.77045 
145.402 81.2925 17.5 -6.77041 
147.583 82.5244 17.5 -6.77036 
149.764 83.7563 17.5 -6.77029 
151.946 84.9882 17.5 -6.7702 
154.127 86.2202 17.5 -6.7701 
156.308 87.4521 17.5 -6.76999 
158.489 88.684 17.5 -6.76987 
160.67 89.9159 17.5 -6.76974 
162.851 91.1478 17.5 -6.76959 
127.929 68.9323 17.5 -6.7705 
130.11 70.1642 17.5 -6.7705 
132.292 71.3961 17.5 -6.7705 
134.473 72.6281 17.5 -6.7705 
136.654 73.86 17.5 -6.77051 
138.835 75.0919 17.5 -6.77051 
141.016 76.3238 17.5 -6.7705 
143.197 77.5557 17.5 -6.77048 
145.378 78.7876 17.5 -6.77045 
147.56 80.0195 17.5 -6.7704 
149.741 81.2514 17.5 -6.77034 
151.922 82.4834 17.5 -6.77027 
154.103 83.7153 17.5 -6.77018 
156.284 84.9472 17.5 -6.77008 
158.465 86.1791 17.5 -6.76997 
160.646 87.411 17.5 -6.76984 
162.828 88.6429 17.5 -6.76971 
165.009 89.8748 17.5 -6.76956 
167.19 91.1067 17.5 -6.76941 
132.268 68.8913 17.5 -6.77049 
134.449 70.1232 17.5 -6.7705 
136.63 71.3551 17.5 -6.77051 
138.811 72.587 17.5 -6.77051 
140.992 73.8189 17.5 -6.77051 
143.174 75.0508 17.5 -6.77051 
145.355 76.2827 17.5 -6.77049 
147.536 77.5146 17.5 -6.77045 
149.717 78.7466 17.5 -6.77041 
151.898 79.9785 17.5 -6.77035 
154.079 81.2104 17.5 -6.77027 
156.26 82.4423 17.5 -6.77018 
158.442 83.6742 17.5 -6.77008 
160.623 84.9061 17.5 -6.76996 
162.804 86.138 17.5 -6.76984 
164.985 87.3699 17.5 -6.7697 
167.166 88.6019 17.5 -6.76956 
169.347 89.8338 17.5 -6.76941 
171.529 91.0657 17.5 -6.76925 
136.606 68.8502 17.5 -6.7705 
138.788 70.0821 17.5 -6.77051 
140.969 71.314 17.5 -6.77052 
143.15 72.5459 17.5 -6.77053 
145.331 73.7778 17.5 -6.77052 
147.512 75.0098 17.5 -6.7705 
149.693 76.2417 17.5 -6.77047 
151.874 77.4736 17.5 -6.77043 
154.056 78.7055 17.5 -6.77036 
156.237 79.9374 17.5 -6.77029 
158.418 81.1693 17.5 -6.7702 
160.599 82.4012 17.5 -6.7701 
162.78 83.6331 17.5 -6.76998 
164.961 84.8651 17.5 -6.76986 
167.143 86.097 17.5 -6.76972 
169.324 87.3289 17.5 -6.76958 
171.505 88.5608 17.5 -6.76943 
173.686 89.7927 17.5 -6.76927 
175.867 91.0246 17.5 -6.76911 
140.945 68.8091 17.5 -6.77053 
143.126 70.041 17.5 -6.77054 
145.307 71.273 17.5 -6.77055 
147.488 72.5049 17.5 -6.77055 
149.67 73.7368 17.5 -6.77054 
151.851 74.9687 17.5 -6.77051 
154.032 76.2006 17.5 -6.77046 
156.213 77.4325 17.5 -6.7704 
158.394 78.6644 17.5 -6.77033 
160.575 79.8963 17.5 -6.77024 
162.757 81.1283 17.5 -6.77014 
164.938 82.3602 17.5 -6.77003 
167.119 83.5921 17.5 -6.7699 
169.3 84.824 17.5 -6.76977 
171.481 86.0559 17.5 -6.76963 
173.662 87.2878 17.5 -6.76948 
175.843 88.5197 17.5 -6.76932 
178.025 89.7516 17.5 -6.76916 
180.206 90.9835 17.5 -6.769 
145.284 68.7681 17.5 -6.77058 
147.465 70 17.5 -6.77059 
149.646 71.2319 17.5 -6.7706 
151.827 72.4638 17.5 -6.77058 
154.008 73.6957 17.5 -6.77056 
156.189 74.9276 17.5 -6.77052 
158.37 76.1595 17.5 -6.77046 
160.552 77.3915 17.5 -6.77039 
162.733 78.6234 17.5 -6.77031 
164.914 79.8553 17.5 -6.77021 
167.095 81.0872 17.5 -6.7701 
169.276 82.3191 17.5 -6.76997 
171.457 83.551 17.5 -6.76984 
173.639 84.7829 17.5 -6.7697 
175.82 86.0148 17.5 -6.76955 
178.001 87.2467 17.5 -6.7694 
180.182 88.4787 17.5 -6.76924 
182.363 89.7106 17.5 -6.76908 
184.544 90.9425 17.5 -6.76891 
151.803 69.9589 17.5 -6.77066 
153.984 71.1908 17.5 -6.77065 
156.166 72.4227 17.5 -6.77063 
158.347 73.6547 17.5 -6.7706 
160.528 74.8866 17.5 -6.77054 
162.709 76.1185 17.5 -6.77048 
164.89 77.3504 17.5 -6.77039 
167.071 78.5823 17.5 -6.7703 
169.253 79.8142 17.5 -6.77019 
171.434 81.0461 17.5 -6.77007 
173.615 82.278 17.5 -6.76994 
175.796 83.5099 17.5 -6.7698 
177.977 84.7419 17.5 -6.76965 
180.158 85.9738 17.5 -6.7695 
182.339 87.2057 17.5 -6.76934 
156.142 69.9179 17.5 -6.77074 
158.323 71.1498 17.5 -6.77073 
160.504 72.3817 17.5 -6.7707 
162.685 73.6136 17.5 -6.77065 
164.867 74.8455 17.5 -6.77059 
167.048 76.0774 17.5 -6.77051 
169.229 77.3093 17.5 -6.77042 
171.41 78.5412 17.5 -6.77031 
173.591 79.7731 17.5 -6.77019 
175.772 81.0051 17.5 -6.77006 
177.953 82.237 17.5 -6.76992 
180.135 83.4689 17.5 -6.76977 
160.481 69.8768 17.5 -6.77084 
162.662 71.1087 17.5 -6.77082 
164.843 72.3406 17.5 -6.77078 
167.024 73.5725 17.5 -6.77072 
169.205 74.8044 17.5 -6.77065 
171.386 76.0363 17.5 -6.77056 
173.567 77.2683 17.5 -6.77045 
175.749 78.5002 17.5 -6.77034 
177.93 79.7321 17.5 -6.77021 
164.819 69.8357 17.5 -6.77097 
167 71.0676 17.5 -6.77093 
169.181 72.2995 17.5 -6.77088 
171.363 73.5315 17.5 -6.77081 
173.544 74.7634 17.5 -6.77072 
175.725 75.9953 17.5 -6.77062 
169.158 69.7947 17.5 -6.7711 
171.339 71.0266 17.5 -6.77105 
173.52 72.2585 17.5 -6.77098 
132.695 113.979 17.5 -6.77171 
130.49 110.242 17.5 -6.7714 
132.671 111.474 17.5 -6.77151 
134.852 112.706 17.5 -6.77159 
137.033 113.938 17.5 -6.77165 
128.285 106.506 17.5 -6.77111 
130.466 107.738 17.5 -6.77122 
132.647 108.969 17.5 -6.77132 
134.828 110.201 17.5 -6.77139 
137.009 111.433 17.5 -6.77145 
139.191 112.665 17.5 -6.77148 
141.372 113.897 17.5 -6.77148 
126.08 102.769 17.5 -6.77085 
128.261 104.001 17.5 -6.77097 
130.442 105.233 17.5 -6.77107 
132.623 106.465 17.5 -6.77115 
134.805 107.696 17.5 -6.77122 
136.986 108.928 17.5 -6.77126 
139.167 110.16 17.5 -6.77128 
141.348 111.392 17.5 -6.77129 
143.529 112.624 17.5 -6.77127 
145.71 113.856 17.5 -6.77123 
123.875 99.032 17.5 -6.77063 
126.056 100.264 17.5 -6.77074 
128.237 101.496 17.5 -6.77084 
130.419 102.728 17.5 -6.77093 
132.6 103.96 17.5 -6.771 
134.781 105.192 17.5 -6.77106 
136.962 106.424 17.5 -6.77109 
139.143 107.655 17.5 -6.77111 
141.324 108.887 17.5 -6.77111 
143.505 110.119 17.5 -6.77109 
145.687 111.351 17.5 -6.77104 
147.868 112.583 17.5 -6.77098 
150.049 113.815 17.5 -6.7709 
121.67 95.2952 17.5 -6.77046 
123.851 96.5272 17.5 -6.77056 
126.033 97.7591 17.5 -6.77065 
128.214 98.991 17.5 -6.77074 
130.395 100.223 17.5 -6.77081 
132.576 101.455 17.5 -6.77088 
134.757 102.687 17.5 -6.77092 
136.938 103.919 17.5 -6.77095 
139.119 105.151 17.5 -6.77096 
141.301 106.382 17.5 -6.77095 
143.482 107.614 17.5 -6.77092 
145.663 108.846 17.5 -6.77088 
147.844 110.078 17.5 -6.77081 
150.025 111.31 17.5 -6.77073 
152.206 112.542 17.5 -6.77064 
154.388 113.774 17.5 -6.77052 
121.647 92.7904 17.5 -6.77043 
123.828 94.0223 17.5 -6.77051 
126.009 95.2542 17.5 -6.77058 
128.19 96.4861 17.5 -6.77066 
130.371 97.718 17.5 -6.77072 
132.552 98.9499 17.5 -6.77077 
134.733 100.182 17.5 -6.77081 
136.915 101.414 17.5 -6.77083 
139.096 102.646 17.5 -6.77083 
141.277 103.878 17.5 -6.77082 
143.458 105.109 17.5 -6.77078 
145.639 106.341 17.5 -6.77073 
147.82 107.573 17.5 -6.77066 
150.002 108.805 17.5 -6.77058 
152.183 110.037 17.5 -6.77048 
154.364 111.269 17.5 -6.77037 
156.545 112.501 17.5 -6.77024 
158.726 113.733 17.5 -6.77011 
125.985 92.7493 17.5 -6.77054 
128.166 93.9812 17.5 -6.7706 
130.347 95.2131 17.5 -6.77065 
132.529 96.445 17.5 -6.77069 
134.71 97.6769 17.5 -6.77072 
136.891 98.9088 17.5 -6.77073 
139.072 100.141 17.5 -6.77072 
141.253 101.373 17.5 -6.7707 
143.434 102.605 17.5 -6.77066 
145.616 103.836 17.5 -6.77061 
147.797 105.068 17.5 -6.77054 
149.978 106.3 17.5 -6.77045 
152.159 107.532 17.5 -6.77035 
154.34 108.764 17.5 -6.77024 
156.521 109.996 17.5 -6.77011 
158.702 111.228 17.5 -6.76997 
160.884 112.46 17.5 -6.76983 
163.065 113.692 17.5 -6.76967 
130.324 92.7082 17.5 -6.77059 
132.505 93.9401 17.5 -6.77062 
134.686 95.172 17.5 -6.77064 
136.867 96.404 17.5 -6.77065 
139.048 97.6359 17.5 -6.77064 
141.229 98.8678 17.5 -6.77061 
143.411 100.1 17.5 -6.77057 
145.592 101.332 17.5 -6.77051 
147.773 102.564 17.5 -6.77044 
149.954 103.795 17.5 -6.77035 
152.135 105.027 17.5 -6.77025 
154.316 106.259 17.5 -6.77013 
156.498 107.491 17.5 -6.77 
158.679 108.723 17.5 -6.76986 
160.86 109.955 17.5 -6.76972 
163.041 111.187 17.5 -6.76956 
165.222 112.419 17.5 -6.7694 
167.403 113.651 17.5 -6.76924 
134.662 92.6672 17.5 -6.77059 
136.843 93.8991 17.5 -6.77059 
139.025 95.131 17.5 -6.77057 
141.206 96.3629 17.5 -6.77054 
143.387 97.5948 17.5 -6.7705 
145.568 98.8267 17.5 -6.77044 
147.749 100.059 17.5 -6.77036 
149.93 101.291 17.5 -6.77027 
152.112 102.522 17.5 -6.77016 
154.293 103.754 17.5 -6.77005 
156.474 104.986 17.5 -6.76992 
158.655 106.218 17.5 -6.76978 
160.836 107.45 17.5 -6.76963 
163.017 108.682 17.5 -6.76948 
165.198 109.914 17.5 -6.76932 
167.38 111.146 17.5 -6.76915 
169.561 112.378 17.5 -6.76899 
171.742 113.61 17.5 -6.76882 
139.001 92.6261 17.5 -6.77053 
141.182 93.858 17.5 -6.77049 
143.363 95.0899 17.5 -6.77045 
145.544 96.3218 17.5 -6.77038 
147.726 97.5537 17.5 -6.7703 
149.907 98.7857 17.5 -6.77021 
152.088 100.018 17.5 -6.7701 
154.269 101.249 17.5 -6.76999 
156.45 102.481 17.5 -6.76986 
158.631 103.713 17.5 -6.76972 
160.812 104.945 17.5 -6.76957 
162.994 106.177 17.5 -6.76941 
165.175 107.409 17.5 -6.76925 
167.356 108.641 17.5 -6.76909 
169.537 109.873 17.5 -6.76893 
171.718 111.105 17.5 -6.76876 
173.899 112.337 17.5 -6.7686 
176.08 113.569 17.5 -6.76845 
143.34 92.585 17.5 -6.77041 
145.521 93.8169 17.5 -6.77035 
147.702 95.0489 17.5 -6.77027 
149.883 96.2808 17.5 -6.77018 
152.064 97.5127 17.5 -6.77007 
154.245 98.7446 17.5 -6.76995 
156.426 99.9765 17.5 -6.76982 
158.608 101.208 17.5 -6.76968 
160.789 102.44 17.5 -6.76953 
162.97 103.672 17.5 -6.76938 
165.151 104.904 17.5 -6.76922 
167.332 106.136 17.5 -6.76906 
169.513 107.368 17.5 -6.76889 
171.694 108.6 17.5 -6.76873 
173.876 109.832 17.5 -6.76856 
176.057 111.064 17.5 -6.76841 
178.238 112.296 17.5 -6.76826 
180.419 113.528 17.5 -6.76812 
147.678 92.544 17.5 -6.77026 
149.859 93.7759 17.5 -6.77017 
152.04 95.0078 17.5 -6.77006 
154.222 96.2397 17.5 -6.76994 
156.403 97.4716 17.5 -6.76981 
158.584 98.7035 17.5 -6.76967 
160.765 99.9354 17.5 -6.76953 
162.946 101.167 17.5 -6.76937 
165.127 102.399 17.5 -6.76921 
167.308 103.631 17.5 -6.76905 
169.49 104.863 17.5 -6.76888 
171.671 106.095 17.5 -6.76872 
173.852 107.327 17.5 -6.76855 
176.033 108.559 17.5 -6.7684 
178.214 109.791 17.5 -6.76825 
180.395 111.023 17.5 -6.7681 
182.577 112.255 17.5 -6.76797 
184.758 113.486 17.5 -6.76786 
152.017 92.5029 17.5 -6.77007 
154.198 93.7348 17.5 -6.76995 
156.379 94.9667 17.5 -6.76983 
158.56 96.1986 17.5 -6.76969 
160.741 97.4306 17.5 -6.76954 
162.922 98.6625 17.5 -6.76939 
165.104 99.8944 17.5 -6.76923 
167.285 101.126 17.5 -6.76907 
169.466 102.358 17.5 -6.7689 
171.647 103.59 17.5 -6.76874 
173.828 104.822 17.5 -6.76857 
176.009 106.054 17.5 -6.76841 
178.191 107.286 17.5 -6.76826 
180.372 108.518 17.5 -6.76811 
182.553 109.75 17.5 -6.76798 
184.734 110.982 17.5 -6.76786 
186.915 112.213 17.5 -6.76775 
189.096 113.445 17.5 -6.76767 
156.355 92.4618 17.5 -6.76986 
158.536 93.6938 17.5 -6.76973 
160.718 94.9257 17.5 -6.76959 
162.899 96.1576 17.5 -6.76943 
165.08 97.3895 17.5 -6.76928 
167.261 98.6214 17.5 -6.76911 
169.442 99.8533 17.5 -6.76895 
171.623 101.085 17.5 -6.76878 
173.805 102.317 17.5 -6.76862 
175.986 103.549 17.5 -6.76846 
178.167 104.781 17.5 -6.7683 
180.348 106.013 17.5 -6.76815 
182.529 107.245 17.5 -6.76801 
184.71 108.477 17.5 -6.76789 
186.891 109.709 17.5 -6.76777 
189.073 110.941 17.5 -6.76768 
191.254 112.172 17.5 -6.76761 
193.435 113.404 17.5 -6.76755 
160.694 92.4208 17.5 -6.76965 
162.875 93.6527 17.5 -6.7695 
165.056 94.8846 17.5 -6.76935 
167.237 96.1165 17.5 -6.76919 
169.418 97.3484 17.5 -6.76903 
171.6 98.5803 17.5 -6.76886 
173.781 99.8123 17.5 -6.76869 
175.962 101.044 17.5 -6.76853 
178.143 102.276 17.5 -6.76837 
180.324 103.508 17.5 -6.76822 
182.505 104.74 17.5 -6.76807 
184.687 105.972 17.5 -6.76794 
186.868 107.204 17.5 -6.76782 
189.049 108.436 17.5 -6.76772 
191.23 109.668 17.5 -6.76764 
193.411 110.899 17.5 -6.76757 
195.592 112.131 17.5 -6.76753 
197.773 113.363 17.5 -6.7675 
165.032 92.3797 17.5 -6.76944 
167.214 93.6116 17.5 -6.76929 
169.395 94.8435 17.5 -6.76913 
171.576 96.0755 17.5 -6.76896 
173.757 97.3074 17.5 -6.7688 
175.938 98.5393 17.5 -6.76863 
178.119 99.7712 17.5 -6.76847 
180.301 101.003 17.5 -6.76832 
182.482 102.235 17.5 -6.76817 
184.663 103.467 17.5 -6.76803 
186.844 104.699 17.5 -6.7679 
189.025 105.931 17.5 -6.76779 
191.206 107.163 17.5 -6.7677 
193.387 108.395 17.5 -6.76762 
195.569 109.626 17.5 -6.76756 
169.371 92.3387 17.5 -6.76925 
171.552 93.5706 17.5 -6.76909 
173.733 94.8025 17.5 -6.76893 
175.915 96.0344 17.5 -6.76877 
178.096 97.2663 17.5 -6.7686 
180.277 98.4982 17.5 -6.76844 
182.458 99.7301 17.5 -6.76829 
184.639 100.962 17.5 -6.76814 
186.82 102.194 17.5 -6.76801 
189.001 103.426 17.5 -6.76789 
191.183 104.658 17.5 -6.76778 
193.364 105.89 17.5 -6.7677 
173.71 92.2976 17.5 -6.76909 
175.891 93.5295 17.5 -6.76893 
178.072 94.7614 17.5 -6.76876 
180.253 95.9933 17.5 -6.7686 
182.434 97.2252 17.5 -6.76844 
184.615 98.4571 17.5 -6.76829 
186.797 99.6891 17.5 -6.76815 
188.978 100.921 17.5 -6.76802 
191.159 102.153 17.5 -6.76791 
178.048 92.2565 17.5 -6.76895 
180.229 93.4884 17.5 -6.76879 
182.411 94.7203 17.5 -6.76863 
184.592 95.9523 17.5 -6.76847 
186.773 97.1842 17.5 -6.76832 
188.954 98.4161 17.5 -6.76818 
182.387 92.2155 17.5 -6.76884 
184.568 93.4474 17.5 -6.76868 
186.749 94.6793 17.5 -6.76852 
