24.712825 22.336075 22.375675 30.575425 5.209670066833496
23.93315 26.454674999999998 26.45765 23.154525 5.028397798538208
25.14865 25.371199999999998 25.37485 24.1053 4.779094219207764
25.245299999999997 24.806325 24.8082 25.140175 5.1240692138671875
24.9908 24.9262 24.9249 25.1581 4.868640899658203
24.99875 24.99475 24.99605 25.010450000000002 5.185957193374634
25.0308 24.9879 24.9875 24.9938 5.263463973999023
25.034975 24.972375 24.972875 25.019775 5.466461658477783
25.023925000000002 24.9743 24.97425 25.027525 5.3449931144714355
25.0245 24.9759 24.9759 25.023699999999998 6.063361644744873
25.025475000000004 24.9764 24.97685 25.021275 6.017817735671997
25.026874999999997 24.974175000000002 24.97505 25.023899999999998 6.78464412689209
25.025550000000003 24.97545 24.975225000000002 25.023774999999997 6.892292737960815
25.025325 24.9744 24.975175 25.025100000000002 7.914532661437988
25.025975 24.975225000000002 24.97545 25.02335 8.329907178878784
25.025724999999998 24.9756 24.9753 25.023374999999998 9.672680139541626
25.026375 24.9755 24.97525 25.022875 10.455438613891602
25.02765 24.9743 24.975375 25.022675 12.221113443374634
25.027725 24.97675 24.97555 25.019975 13.515834331512451
25.0257 24.9753 24.97545 25.02355 15.212870836257935
25.026025 24.97475 24.975775 25.023450000000004 17.4960777759552
25.024849999999997 24.97545 24.9754 25.0243 19.729421138763428
25.025550000000003 24.9753 24.975225000000002 25.023925000000002 22.780454874038696
25.028699999999997 24.97065 24.975975000000002 25.024675000000002 25.526406288146973
25.024875 24.978425 24.9752 25.021500000000003 36.87923264503479
25.025674999999996 24.9784 24.975649999999998 25.020274999999998 32.49462389945984
25.024125 24.9764 24.975325 25.02415 36.62394142150879
25.020750000000003 24.97855 24.9754 25.0253 41.31794786453247
25.025399999999998 24.973375 24.97595 25.025275 46.24390721321106
25.025825 24.97195 24.976599999999998 25.025625 72.71290302276611
