1.918112532580823759e-01 3.322268361064600328e-01 0.000000000000000000e+00
1.896065262091389259e-01 3.284081368408685586e-01 0.000000000000000000e+00
1.874017991601954203e-01 3.245894375752770289e-01 0.000000000000000000e+00
1.851970721112519425e-01 3.207707383096855547e-01 0.000000000000000000e+00
1.829923450623084646e-01 3.169520390440940250e-01 0.000000000000000000e+00
1.807876180133649868e-01 3.131333397785025507e-01 0.000000000000000000e+00
1.785828909644215090e-01 3.093146405129110210e-01 0.000000000000000000e+00
1.763781639154780312e-01 3.054959412473195468e-01 0.000000000000000000e+00
1.741734368665345811e-01 3.016772419817280726e-01 0.000000000000000000e+00
1.719687098175910756e-01 2.978585427161365429e-01 0.000000000000000000e+00
1.697639827686476255e-01 2.940398434505450687e-01 0.000000000000000000e+00
1.675592557197041199e-01 2.902211441849535389e-01 0.000000000000000000e+00
1.653545286707606699e-01 2.864024449193620647e-01 0.000000000000000000e+00
1.631498016218171920e-01 2.825837456537705905e-01 0.000000000000000000e+00
1.609450745728737142e-01 2.787650463881790608e-01 0.000000000000000000e+00
1.587403475239302364e-01 2.749463471225875866e-01 0.000000000000000000e+00
1.565356204749867586e-01 2.711276478569960569e-01 0.000000000000000000e+00
1.543308934260432808e-01 2.673089485914046382e-01 0.000000000000000000e+00
1.521261663770998307e-01 2.634902493258131639e-01 0.000000000000000000e+00
1.499214393281563251e-01 2.596715500602216342e-01 0.000000000000000000e+00
1.477167122792128751e-01 2.558528507946301600e-01 0.000000000000000000e+00
1.455119852302693695e-01 2.520341515290386303e-01 0.000000000000000000e+00
1.433072581813259194e-01 2.482154522634471561e-01 0.000000000000000000e+00
1.411025311323824416e-01 2.443967529978556541e-01 0.000000000000000000e+00
1.388978040834389638e-01 2.405780537322641244e-01 0.000000000000000000e+00
1.366930770344954860e-01 2.367593544666726779e-01 0.000000000000000000e+00
1.344883499855520081e-01 2.329406552010811482e-01 0.000000000000000000e+00
1.322836229366085303e-01 2.291219559354896740e-01 0.000000000000000000e+00
1.300788958876650525e-01 2.253032566698981720e-01 0.000000000000000000e+00
1.278741688387215747e-01 2.214845574043066700e-01 0.000000000000000000e+00
1.256694417897780969e-01 2.176658581387151958e-01 0.000000000000000000e+00
1.234647147408346329e-01 2.138471588731236661e-01 0.000000000000000000e+00
1.212599876918911690e-01 2.100284596075322197e-01 0.000000000000000000e+00
1.190552606429476634e-01 2.062097603419406899e-01 0.000000000000000000e+00
1.168505335940042134e-01 2.023910610763492157e-01 0.000000000000000000e+00
1.146458065450607355e-01 1.985723618107577138e-01 0.000000000000000000e+00
1.124410794961172438e-01 1.947536625451662118e-01 0.000000000000000000e+00
1.102363524471737938e-01 1.909349632795747376e-01 0.000000000000000000e+00
1.080316253982303160e-01 1.871162640139832356e-01 0.000000000000000000e+00
1.058268983492868104e-01 1.832975647483917059e-01 0.000000000000000000e+00
1.036221713003433603e-01 1.794788654828002317e-01 0.000000000000000000e+00
1.014174442513998686e-01 1.756601662172087297e-01 0.000000000000000000e+00
9.921271720245639081e-02 1.718414669516172277e-01 0.000000000000000000e+00
9.700799015351294075e-02 1.680227676860257813e-01 0.000000000000000000e+00
9.480326310456943517e-02 1.642040684204342516e-01 0.000000000000000000e+00
9.259853605562595735e-02 1.603853691548427496e-01 0.000000000000000000e+00
9.039380900668249341e-02 1.565666698892512754e-01 0.000000000000000000e+00
8.818908195773901559e-02 1.527479706236597734e-01 0.000000000000000000e+00
8.598435490879553778e-02 1.489292713580682714e-01 0.000000000000000000e+00
8.377962785985207383e-02 1.451105720924767972e-01 0.000000000000000000e+00
8.157490081090859602e-02 1.412918728268852953e-01 0.000000000000000000e+00
7.937017376196510432e-02 1.374731735612937655e-01 0.000000000000000000e+00
7.716544671302164038e-02 1.336544742957023191e-01 0.000000000000000000e+00
7.496071966407817644e-02 1.298357750301108171e-01 0.000000000000000000e+00
7.275599261513468474e-02 1.260170757645193151e-01 0.000000000000000000e+00
7.055126556619122080e-02 1.221983764989278270e-01 0.000000000000000000e+00
6.834653851724774298e-02 1.183796772333363390e-01 0.000000000000000000e+00
6.614181146830425129e-02 1.145609779677448092e-01 0.000000000000000000e+00
6.393708441936078735e-02 1.107422787021533350e-01 0.000000000000000000e+00
6.173235737041733034e-02 1.069235794365618747e-01 0.000000000000000000e+00
5.952763032147383171e-02 1.031048801709703450e-01 0.000000000000000000e+00
5.732290327253037471e-02 9.928618090537887075e-02 0.000000000000000000e+00
5.511817622358689689e-02 9.546748163978736879e-02 0.000000000000000000e+00
5.291344917464339825e-02 9.164878237419583906e-02 0.000000000000000000e+00
5.070872212569993431e-02 8.783008310860436485e-02 0.000000000000000000e+00
4.850399507675647731e-02 8.401138384301289064e-02 0.000000000000000000e+00
4.629926802781296480e-02 8.019268457742134704e-02 0.000000000000000000e+00
4.409454097886950086e-02 7.637398531182987282e-02 0.000000000000000000e+00
4.188981392992603692e-02 7.255528604623839861e-02 0.000000000000000000e+00
3.968508688098254522e-02 6.873658678064688277e-02 0.000000000000000000e+00
3.748035983203908128e-02 6.491788751505540855e-02 0.000000000000000000e+00
3.527563278309562428e-02 6.109918824946393434e-02 0.000000000000000000e+00
3.307090573415212564e-02 5.728048898387240462e-02 0.000000000000000000e+00
3.086617868520866517e-02 5.346178971828093734e-02 0.000000000000000000e+00
2.866145163626520123e-02 4.964309045268946313e-02 0.000000000000000000e+00
2.645672458732170954e-02 4.582439118709793341e-02 0.000000000000000000e+00
2.425199753837824559e-02 4.200569192150646614e-02 0.000000000000000000e+00
2.204727048943475043e-02 3.818699265591493641e-02 0.000000000000000000e+00
1.984254344049125526e-02 3.436829339032340669e-02 0.000000000000000000e+00
1.763781639154779479e-02 3.054959412473193595e-02 0.000000000000000000e+00
1.543308934260433259e-02 2.673089485914046867e-02 0.000000000000000000e+00
1.322836229366083742e-02 2.291219559354893895e-02 0.000000000000000000e+00
1.102363524471737521e-02 1.909349632795746821e-02 0.000000000000000000e+00
8.818908195773913009e-03 1.527479706236599746e-02 0.000000000000000000e+00
6.614181146830418710e-03 1.145609779677446947e-02 0.000000000000000000e+00
4.409454097886956504e-03 7.637398531182998732e-03 0.000000000000000000e+00
2.204727048943494298e-03 3.818699265591527121e-03 0.000000000000000000e+00
1.000000000000000036e-10 1.000000000000000036e-10 0.000000000000000000e+00
5.754337597742471833e-03 3.322268361064600276e-03 0.000000000000000000e+00
1.150867519548494367e-02 6.644536722129200552e-03 0.000000000000000000e+00
1.726301279322741550e-02 9.966805083193801262e-03 0.000000000000000000e+00
2.301735039096988733e-02 1.328907344425840110e-02 0.000000000000000000e+00
2.877168798871235916e-02 1.661134180532300095e-02 0.000000000000000000e+00
3.452602558645483100e-02 1.993361016638760252e-02 0.000000000000000000e+00
4.028036318419730283e-02 2.325587852745220410e-02 0.000000000000000000e+00
4.603470078193977466e-02 2.657814688851680221e-02 0.000000000000000000e+00
5.178903837968223955e-02 2.990041524958140032e-02 0.000000000000000000e+00
5.754337597742471833e-02 3.322268361064600189e-02 0.000000000000000000e+00
6.329771357516718322e-02 3.654495197171060694e-02 0.000000000000000000e+00
6.905205117290966199e-02 3.986722033277520505e-02 0.000000000000000000e+00
7.480638877065212688e-02 4.318948869383980316e-02 0.000000000000000000e+00
8.056072636839460566e-02 4.651175705490440820e-02 0.000000000000000000e+00
8.631506396613707055e-02 4.983402541596900631e-02 0.000000000000000000e+00
9.206940156387954932e-02 5.315629377703360442e-02 0.000000000000000000e+00
9.782373916162202809e-02 5.647856213809820947e-02 0.000000000000000000e+00
1.035780767593644791e-01 5.980083049916280064e-02 0.000000000000000000e+00
1.093324143571069579e-01 6.312309886022740568e-02 0.000000000000000000e+00
1.150867519548494367e-01 6.644536722129200379e-02 0.000000000000000000e+00
1.208410895525919015e-01 6.976763558235660190e-02 0.000000000000000000e+00
1.265954271503343664e-01 7.308990394342121388e-02 0.000000000000000000e+00
1.323497647480768591e-01 7.641217230448581199e-02 0.000000000000000000e+00
1.381041023458193240e-01 7.973444066555041010e-02 0.000000000000000000e+00
1.438584399435617889e-01 8.305670902661500821e-02 0.000000000000000000e+00
1.496127775413042538e-01 8.637897738767960631e-02 0.000000000000000000e+00
1.553671151390467464e-01 8.970124574874421830e-02 0.000000000000000000e+00
1.611214527367892113e-01 9.302351410980881641e-02 0.000000000000000000e+00
1.668757903345316762e-01 9.634578247087340064e-02 0.000000000000000000e+00
1.726301279322741411e-01 9.966805083193801262e-02 0.000000000000000000e+00
1.783844655300166060e-01 1.029903191930026107e-01 0.000000000000000000e+00
1.841388031277590986e-01 1.063125875540672088e-01 0.000000000000000000e+00
1.898931407255015635e-01 1.096348559151318208e-01 0.000000000000000000e+00
1.956474783232440562e-01 1.129571242761964189e-01 0.000000000000000000e+00
2.014018159209864933e-01 1.162793926372610032e-01 0.000000000000000000e+00
2.071561535187289582e-01 1.196016609983256013e-01 0.000000000000000000e+00
2.129104911164714509e-01 1.229239293593902133e-01 0.000000000000000000e+00
2.186648287142139158e-01 1.262461977204548114e-01 0.000000000000000000e+00
2.244191663119564084e-01 1.295684660815194233e-01 0.000000000000000000e+00
2.301735039096988733e-01 1.328907344425840076e-01 0.000000000000000000e+00
2.359278415074413104e-01 1.362130028036485918e-01 0.000000000000000000e+00
2.416821791051838031e-01 1.395352711647132038e-01 0.000000000000000000e+00
2.474365167029262680e-01 1.428575395257778158e-01 0.000000000000000000e+00
2.531908543006687329e-01 1.461798078868424278e-01 0.000000000000000000e+00
2.589451918984112533e-01 1.495020762479070120e-01 0.000000000000000000e+00
2.646995294961537182e-01 1.528243446089716240e-01 0.000000000000000000e+00
2.704538670938961276e-01 1.561466129700362082e-01 0.000000000000000000e+00
2.762082046916386480e-01 1.594688813311008202e-01 0.000000000000000000e+00
2.819625422893811129e-01 1.627911496921654044e-01 0.000000000000000000e+00
2.877168798871235778e-01 1.661134180532300164e-01 0.000000000000000000e+00
2.886571311285847652e-01 1.709991068195015063e-01 0.000000000000000000e+00
2.895973823700459526e-01 1.758847955857729406e-01 0.000000000000000000e+00
2.905376336115071401e-01 1.807704843520444304e-01 0.000000000000000000e+00
2.914778848529683275e-01 1.856561731183158925e-01 0.000000000000000000e+00
2.924181360944295149e-01 1.905418618845873546e-01 0.000000000000000000e+00
2.933583873358907024e-01 1.954275506508588445e-01 0.000000000000000000e+00
2.942986385773518898e-01 2.003132394171302788e-01 0.000000000000000000e+00
2.952388898188130772e-01 2.051989281834017687e-01 0.000000000000000000e+00
2.961791410602742647e-01 2.100846169496732585e-01 0.000000000000000000e+00
2.971193923017354521e-01 2.149703057159446928e-01 0.000000000000000000e+00
2.980596435431966951e-01 2.198559944822162104e-01 0.000000000000000000e+00
2.989998947846578825e-01 2.247416832484876725e-01 0.000000000000000000e+00
2.999401460261190699e-01 2.296273720147591624e-01 0.000000000000000000e+00
3.008803972675802019e-01 2.345130607810306245e-01 0.000000000000000000e+00
3.018206485090413893e-01 2.393987495473020866e-01 0.000000000000000000e+00
3.027608997505025767e-01 2.442844383135735487e-01 0.000000000000000000e+00
3.037011509919637642e-01 2.491701270798450107e-01 0.000000000000000000e+00
3.046414022334249516e-01 2.540558158461165283e-01 0.000000000000000000e+00
3.055816534748861391e-01 2.589415046123879627e-01 0.000000000000000000e+00
3.065219047163473265e-01 2.638271933786593970e-01 0.000000000000000000e+00
3.074621559578085139e-01 2.687128821449309424e-01 0.000000000000000000e+00
3.084024071992697014e-01 2.735985709112023767e-01 0.000000000000000000e+00
3.093426584407308888e-01 2.784842596774738666e-01 0.000000000000000000e+00
3.102829096821920762e-01 2.833699484437453009e-01 0.000000000000000000e+00
3.112231609236532637e-01 2.882556372100167352e-01 0.000000000000000000e+00
3.121634121651144511e-01 2.931413259762882251e-01 0.000000000000000000e+00
3.131036634065756386e-01 2.980270147425597149e-01 0.000000000000000000e+00
3.140439146480368260e-01 3.029127035088312048e-01 0.000000000000000000e+00
3.149841658894980134e-01 3.077983922751026391e-01 0.000000000000000000e+00
3.159244171309592564e-01 3.126840810413741845e-01 0.000000000000000000e+00
3.168646683724204438e-01 3.175697698076456188e-01 0.000000000000000000e+00
3.178049196138816312e-01 3.224554585739171086e-01 0.000000000000000000e+00
3.187451708553428187e-01 3.273411473401885985e-01 0.000000000000000000e+00
3.196854220968040061e-01 3.322268361064600328e-01 0.000000000000000000e+00
3.206256733382651936e-01 3.371125248727315227e-01 0.000000000000000000e+00
3.215659245797263810e-01 3.419982136390029570e-01 0.000000000000000000e+00
3.225061758211875684e-01 3.468839024052744469e-01 0.000000000000000000e+00
3.234464270626487559e-01 3.517695911715459367e-01 0.000000000000000000e+00
3.243866783041098878e-01 3.566552799378173710e-01 0.000000000000000000e+00
3.253269295455710752e-01 3.615409687040888054e-01 0.000000000000000000e+00
3.262671807870322627e-01 3.664266574703603507e-01 0.000000000000000000e+00
3.272074320284934501e-01 3.713123462366317851e-01 0.000000000000000000e+00
3.281476832699546375e-01 3.761980350029032749e-01 0.000000000000000000e+00
3.290879345114158250e-01 3.810837237691747093e-01 0.000000000000000000e+00
3.300281857528770124e-01 3.859694125354461991e-01 0.000000000000000000e+00
3.309684369943381999e-01 3.908551013017176889e-01 0.000000000000000000e+00
3.319086882357993873e-01 3.957407900679891233e-01 0.000000000000000000e+00
3.328489394772605747e-01 4.006264788342606131e-01 0.000000000000000000e+00
3.337891907187217622e-01 4.055121676005320475e-01 0.000000000000000000e+00
3.347294419601829496e-01 4.103978563668034818e-01 0.000000000000000000e+00
3.356696932016441370e-01 4.152835451330750272e-01 0.000000000000000000e+00
3.366099444431053245e-01 4.201692338993464615e-01 0.000000000000000000e+00
3.375501956845665674e-01 4.250549226656179513e-01 0.000000000000000000e+00
3.384904469260277549e-01 4.299406114318894967e-01 0.000000000000000000e+00
3.394306981674889423e-01 4.348263001981609310e-01 0.000000000000000000e+00
3.403709494089501297e-01 4.397119889644323654e-01 0.000000000000000000e+00
3.413112006504113172e-01 4.445976777307038552e-01 0.000000000000000000e+00
3.422514518918725046e-01 4.494833664969753451e-01 0.000000000000000000e+00
3.431917031333336920e-01 4.543690552632467794e-01 0.000000000000000000e+00
3.441319543747948795e-01 4.592547440295182692e-01 0.000000000000000000e+00
3.450722056162560669e-01 4.641404327957897591e-01 0.000000000000000000e+00
3.460124568577172544e-01 4.690261215620611934e-01 0.000000000000000000e+00
3.469527080991783863e-01 4.739118103283326833e-01 0.000000000000000000e+00
3.478929593406395737e-01 4.787974990946041176e-01 0.000000000000000000e+00
3.488332105821007612e-01 4.836831878608755519e-01 0.000000000000000000e+00
3.497734618235619486e-01 4.885688766271470973e-01 0.000000000000000000e+00
3.507137130650231360e-01 4.934545653934185316e-01 0.000000000000000000e+00
3.516539643064843235e-01 4.983402541596900215e-01 0.000000000000000000e+00
3.525942155479455664e-01 5.032259429259615668e-01 0.000000000000000000e+00
3.535344667894067539e-01 5.081116316922330567e-01 0.000000000000000000e+00
3.544747180308679413e-01 5.129973204585044355e-01 0.000000000000000000e+00
3.554149692723291287e-01 5.178830092247759254e-01 0.000000000000000000e+00
3.563552205137903162e-01 5.227686979910474152e-01 0.000000000000000000e+00
3.572954717552515036e-01 5.276543867573187940e-01 0.000000000000000000e+00
3.582357229967126910e-01 5.325400755235903949e-01 0.000000000000000000e+00
3.591759742381738785e-01 5.374257642898617737e-01 0.000000000000000000e+00
3.601162254796350659e-01 5.423114530561332636e-01 0.000000000000000000e+00
3.610564767210962533e-01 5.471971418224047534e-01 0.000000000000000000e+00
3.619967279625574408e-01 5.520828305886761322e-01 0.000000000000000000e+00
3.629369792040186282e-01 5.569685193549476221e-01 0.000000000000000000e+00
3.638772304454798157e-01 5.618542081212192230e-01 0.000000000000000000e+00
3.648174816869410031e-01 5.667398968874906018e-01 0.000000000000000000e+00
3.657577329284021905e-01 5.716255856537620916e-01 0.000000000000000000e+00
3.666979841698633780e-01 5.765112744200335815e-01 0.000000000000000000e+00
3.676382354113245654e-01 5.813969631863050713e-01 0.000000000000000000e+00
3.685784866527857528e-01 5.862826519525765612e-01 0.000000000000000000e+00
3.695187378942469403e-01 5.911683407188479400e-01 0.000000000000000000e+00
3.704589891357080722e-01 5.960540294851194298e-01 0.000000000000000000e+00
3.713992403771692596e-01 6.009397182513909197e-01 0.000000000000000000e+00
3.723394916186304471e-01 6.058254070176624095e-01 0.000000000000000000e+00
3.732797428600916345e-01 6.107110957839338994e-01 0.000000000000000000e+00
3.742199941015528220e-01 6.155967845502052782e-01 0.000000000000000000e+00
3.751602453430140094e-01 6.204824733164767681e-01 0.000000000000000000e+00
3.761004965844751968e-01 6.253681620827482579e-01 0.000000000000000000e+00
3.770407478259364398e-01 6.302538508490197477e-01 0.000000000000000000e+00
3.779809990673976272e-01 6.351395396152912376e-01 0.000000000000000000e+00
3.789212503088588146e-01 6.400252283815626164e-01 0.000000000000000000e+00
3.798615015503200021e-01 6.449109171478341063e-01 0.000000000000000000e+00
3.808017527917811895e-01 6.497966059141057071e-01 0.000000000000000000e+00
3.817420040332423770e-01 6.546822946803770860e-01 0.000000000000000000e+00
3.826822552747035644e-01 6.595679834466485758e-01 0.000000000000000000e+00
3.836225065161647518e-01 6.644536722129200657e-01 0.000000000000000000e+00
