1.766599999999998838e+00
1.741257949907758507e+00
1.718010303416842133e+00
1.718010305371187263e+00
1.704866438968591247e+00
1.672598187271413739e+00
1.687664610832034562e+00
1.730858028738527343e+00
1.741257947749817570e+00
1.716498466103996146e+00
1.716508026208961812e+00
1.741257959971452607e+00
1.730858035889032864e+00
1.687691861307140551e+00
1.672598183171078778e+00
1.704896369823792668e+00
1.718010302999308347e+00
1.718010305001741234e+00
1.741257958043240350e+00
-2.207063091249960696e+00
-2.241166256051944305e+00
-2.254595672554230656e+00
-2.241166256747972430e+00
-2.283884491510457249e+00
-2.311195299982763629e+00
-2.283884489266432727e+00
-2.237933334862908019e+00
-2.241166255471561453e+00
-2.254595671501439469e+00
-2.229232510597591865e+00
-2.200491573348702268e+00
-2.259414296636846231e+00
-2.254595672384484217e+00
-2.311195300477291603e+00
-2.254595672370004689e+00
-2.245029185654609627e+00
-2.241166256609725238e+00
-2.214033851213163206e+00
1.766599999999998838e+00
1.731271174013312208e+00
1.674930643882748704e+00
1.674930653576751416e+00
1.704340881843373401e+00
1.714463900052610290e+00
1.714082837684607119e+00
1.740324769015689332e+00
1.731271170313722241e+00
1.688981680732843049e+00
1.689007969565134770e+00
1.731271191250395081e+00
1.740324773348023157e+00
1.714093697281305673e+00
1.714463899030369332e+00
1.704371053624712307e+00
1.674930641802093501e+00
1.674930651750685451e+00
1.731271187949996238e+00
-2.213716108170289854e+00
-2.280093388695582757e+00
-2.306059593104331285e+00
-2.280093392898978166e+00
-2.248448587691428635e+00
-2.264131734379442484e+00
-2.248448586740876554e+00
-2.239130172138551700e+00
-2.280093388904073759e+00
-2.306059594344538333e+00
-2.256841867770199794e+00
-2.200852891897170149e+00
-2.234483808830668661e+00
-2.306059592784836187e+00
-2.264131733508600863e+00
-2.306059591830658118e+00
-2.325252163293378693e+00
-2.280093390608373571e+00
-2.208552313132831291e+00
