6.89623440092523	9.28882247813966	19.202544824035	
3.73611569921653	0.828015307622109	19.1650599486468	
6.03476687595006	1.82567777148803	19.1502247194845	
8.33390162518813	2.82156331051771	19.1650599536616	
10.6334427815581	3.81564392312435	19.1636615409435	
12.9311091719894	4.81082183587846	19.1522543620632	
4.30854545596066	5.80658870967743	19.1650599539026	
6.60689246947925	6.80084258008212	19.1801440418894	
8.90676512222781	7.79568157463743	19.1636615384139	
11.2062350991007	8.79325796646917	19.1522543622328	
8.04577721379399	0.334009471854942	19.180144046514	
10.3456101748233	1.32790278743446	19.2025448274191	
1.72589309288484	2.32131526954667	19.1801440404609	
4.02322090208783	3.3170671703857	19.1502247174572	
6.32057500687493	4.3134223943513	19.1502247192292	
8.61978129257408	5.30825515472383	19.1522543600582	
10.919041854916	6.3041116512191	19.1432203849048	
13.2169176565259	7.30100945416125	19.1636615452148	
15.5152809758565	8.29560967749278	19.202544828947	
