1.000000000000000062e-09 -7.657300000000000217e-02 -1.311100000000000043e-01 -1.558799999999999908e-01 -1.416900000000000104e-01 -8.732199999999999684e-02 5.000000000000000105e-09 1.080600000000000033e-01 2.231400000000000050e-01 3.315600000000000214e-01 4.220400000000000262e-01 4.827299999999999924e-01 5.045699999999999630e-01 4.814999999999999836e-01 4.157000000000000139e-01 3.188400000000000123e-01 2.035899999999999932e-01 9.398399999999999810e-02 1.099999999999999924e-08
2.757099999999999829e-02 -3.478599999999999748e-02 -7.816099999999999437e-02 -9.574399999999999578e-02 -8.319100000000000106e-02 -3.916000000000000036e-02 3.115700000000000067e-02 1.176699999999999968e-01 2.096300000000000108e-01 2.965400000000000258e-01 3.689500000000000002e-01 4.188899999999999846e-01 4.381599999999999939e-01 4.209399999999999809e-01 3.679999999999999938e-01 2.890499999999999736e-01 1.968499999999999972e-01 1.049599999999999977e-01 2.768500000000000127e-02
1.035399999999999932e-01 8.161899999999999711e-02 6.855899999999999495e-02 6.384399999999999797e-02 7.065100000000000546e-02 8.683399999999999452e-02 1.118399999999999950e-01 1.424700000000000133e-01 1.749400000000000122e-01 2.071199999999999986e-01 2.362499999999999878e-01 2.576800000000000201e-01 2.674799999999999955e-01 2.628800000000000026e-01 2.426099999999999923e-01 2.105799999999999894e-01 1.730800000000000116e-01 1.355200000000000016e-01 1.034199999999999980e-01
2.070099999999999996e-01 2.366300000000000070e-01 2.576200000000000156e-01 2.674199999999999910e-01 2.626499999999999946e-01 2.425900000000000001e-01 2.105299999999999949e-01 1.724499999999999922e-01 1.351799999999999946e-01 1.034100000000000019e-01 8.113700000000000079e-02 6.726500000000000534e-02 6.381499999999999673e-02 7.064900000000000346e-02 8.682499999999999940e-02 1.118999999999999995e-01 1.424100000000000088e-01 1.752100000000000046e-01 2.071800000000000030e-01
2.965900000000000203e-01 3.689799999999999747e-01 4.188799999999999746e-01 4.381200000000000094e-01 4.208600000000000119e-01 3.680700000000000083e-01 2.891400000000000081e-01 1.962099999999999955e-01 1.048400000000000026e-01 2.743500000000000105e-02 -3.477399999999999936e-02 -7.812500000000000000e-02 -9.577800000000000202e-02 -8.316600000000000381e-02 -3.914700000000000124e-02 3.113700000000000148e-02 1.176500000000000046e-01 2.096999999999999975e-01 2.967400000000000038e-01
3.316600000000000104e-01 4.220800000000000107e-01 4.827000000000000179e-01 5.047000000000000375e-01 4.813799999999999746e-01 4.155699999999999950e-01 3.188599999999999768e-01 2.037200000000000122e-01 9.331399999999999417e-02 5.990400000000000324e-09 -7.613699999999999635e-02 -1.314099999999999990e-01 -1.558799999999999908e-01 -1.415500000000000091e-01 -8.736299999999999621e-02 -5.464099999999999774e-09 1.080900000000000055e-01 2.232300000000000118e-01 3.314900000000000069e-01
2.967799999999999883e-01 3.689700000000000202e-01 4.189700000000000091e-01 4.380999999999999894e-01 4.208799999999999764e-01 3.681099999999999928e-01 2.905800000000000050e-01 1.960000000000000075e-01 1.048800000000000010e-01 2.761200000000000113e-02 -3.490599999999999953e-02 -7.828999999999999848e-02 -9.594600000000000350e-02 -8.318300000000000693e-02 -3.914200000000000318e-02 3.113399999999999848e-02 1.176999999999999991e-01 2.097100000000000075e-01 2.965200000000000058e-01
2.072900000000000020e-01 2.362700000000000078e-01 2.576300000000000257e-01 2.674199999999999910e-01 2.626600000000000046e-01 2.425900000000000001e-01 2.106099999999999917e-01 1.731100000000000139e-01 1.355300000000000116e-01 1.033499999999999974e-01 8.102499999999999980e-02 6.724700000000000122e-02 6.386600000000000610e-02 7.065599999999999659e-02 8.681700000000000528e-02 1.118200000000000027e-01 1.424600000000000033e-01 1.749600000000000044e-01 2.075899999999999967e-01
1.033899999999999958e-01 8.112099999999999866e-02 6.726100000000000134e-02 6.381399999999999573e-02 7.066000000000000059e-02 8.683899999999999952e-02 1.118399999999999950e-01 1.424700000000000133e-01 1.748800000000000077e-01 2.085700000000000054e-01 2.362900000000000000e-01 2.576300000000000257e-01 2.675000000000000155e-01 2.628199999999999981e-01 2.427199999999999913e-01 2.105599999999999972e-01 1.729100000000000081e-01 1.368000000000000049e-01 1.034400000000000042e-01
2.736900000000000097e-02 -3.470800000000000274e-02 -7.803799999999999626e-02 -9.648099999999999732e-02 -8.315799999999999581e-02 -3.916000000000000036e-02 3.115100000000000161e-02 1.176500000000000046e-01 2.096099999999999908e-01 2.964899999999999758e-01 3.690300000000000247e-01 4.190499999999999781e-01 4.382300000000000084e-01 4.208899999999999864e-01 3.679999999999999938e-01 2.893299999999999761e-01 1.961799999999999933e-01 1.049199999999999994e-01 2.759500000000000147e-02
1.401900000000000091e-09 -7.700500000000000400e-02 -1.317200000000000037e-01 -1.560199999999999920e-01 -1.415899999999999936e-01 -8.735900000000000609e-02 4.696200000000000389e-09 1.080600000000000033e-01 2.231700000000000073e-01 3.316600000000000104e-01 4.221300000000000052e-01 4.827299999999999924e-01 5.045800000000000285e-01 4.813500000000000001e-01 4.156299999999999994e-01 3.192200000000000037e-01 2.037100000000000022e-01 9.431499999999999606e-02 1.190199999999999964e-08
