9.999998877640000956e-10 6.486999999999992772e-03 5.369999999999985896e-03 -9.799999999999808864e-04 -5.210000000000020171e-03 -4.271999999999998021e-03 2.714319999999999916e-07 4.020000000000009677e-03 5.560000000000009379e-03 4.350000000000020517e-03 3.200000000000036149e-03 2.890000000000003677e-03 3.340000000000009628e-03 1.659999999999994813e-03 -3.110000000000001652e-03 -8.340000000000014069e-03 -1.399000000000000243e-02 -1.007600000000000162e-02 4.869669999999999744e-05
-1.669000000000000344e-03 2.474000000000003974e-03 1.719000000000012185e-03 -1.203999999999996739e-03 -3.310999999999994503e-03 -1.899999999999998912e-03 1.917000000000002036e-03 4.709999999999991971e-03 4.810000000000008713e-03 2.580000000000026716e-03 1.700000000000034817e-04 1.599999999999934808e-04 1.890000000000002789e-03 2.209999999999989750e-03 -7.500000000000284217e-04 -4.890000000000005453e-03 -7.970000000000004858e-03 -8.019999999999999352e-03 -1.514999999999998986e-03
-4.260000000000013776e-03 -3.131000000000008776e-03 -1.991000000000006653e-03 -1.925999999999997159e-03 1.010000000000038645e-04 2.083999999999988639e-03 4.039999999999988045e-03 4.230000000000011529e-03 1.610000000000000320e-03 -1.790000000000013802e-03 -3.600000000000019851e-03 -3.319999999999989626e-03 -1.039999999999985381e-03 1.879999999999992788e-03 2.780000000000004690e-03 1.679999999999987059e-03 -2.500000000000002220e-04 -2.730000000000010196e-03 -4.369999999999998885e-03
-1.900000000000012790e-03 -3.220000000000000639e-03 -3.379999999999994120e-03 -1.099999999999989875e-03 1.649999999999984812e-03 2.750000000000002442e-03 1.619999999999982565e-03 -8.700000000000096545e-04 -3.060000000000007159e-03 -4.390000000000005009e-03 -3.613000000000005096e-03 -3.284999999999996256e-03 -1.954999999999998406e-03 9.900000000000186429e-05 2.064999999999997393e-03 4.089999999999996416e-03 4.170000000000007034e-03 1.890000000000002789e-03 -1.750000000000001554e-03
2.630000000000021210e-03 1.999999999999779732e-04 1.599999999999934808e-04 1.850000000000018296e-03 2.140000000000030767e-03 -7.099999999999884182e-04 -4.819999999999990958e-03 -8.599999999999996536e-03 -8.120000000000002216e-03 -1.804999999999997579e-03 2.486000000000002097e-03 1.765000000000002678e-03 -1.238000000000002987e-03 -3.276000000000001133e-03 -1.906999999999998974e-03 1.877000000000000196e-03 4.700000000000009726e-03 4.909999999999997700e-03 2.740000000000020197e-03
4.450000000000009504e-03 3.230000000000010640e-03 2.879999999999993676e-03 3.470000000000084128e-03 1.559999999999950315e-03 -3.269999999999995133e-03 -8.350000000000024070e-03 -1.385999999999998344e-02 -1.071600000000000330e-02 4.555090400000000558e-06 6.922999999999998599e-03 5.080000000000001181e-03 -9.799999999999808864e-04 -5.060000000000008935e-03 -4.342999999999999639e-03 -2.408396410000000163e-05 4.060000000000008047e-03 5.680000000000018368e-03 4.230000000000011529e-03
2.819999999999989182e-03 1.900000000000234834e-04 2.500000000000279776e-04 1.829999999999998295e-03 2.159999999999995257e-03 -6.700000000000039257e-04 -3.379999999999994120e-03 -8.809999999999984510e-03 -8.080000000000003846e-03 -1.627999999999997505e-03 2.354000000000001924e-03 1.600000000000004197e-03 -1.406000000000004468e-03 -3.293000000000004257e-03 -1.902000000000000912e-03 1.873999999999997196e-03 4.750000000000004219e-03 4.920000000000007701e-03 2.520000000000022222e-03
-1.620000000000010321e-03 -3.579999999999999849e-03 -3.369999999999984119e-03 -1.099999999999989875e-03 1.659999999999994813e-03 2.750000000000002442e-03 1.699999999999979305e-03 -2.099999999999879741e-04 -2.709999999999990195e-03 -4.450000000000009504e-03 -3.725000000000006084e-03 -3.303000000000000380e-03 -1.903999999999989035e-03 1.059999999999949871e-04 2.057000000000003270e-03 4.009999999999999676e-03 4.220000000000001528e-03 1.640000000000002567e-03 -1.340000000000007851e-03
-4.410000000000011133e-03 -3.629000000000007220e-03 -3.289000000000000257e-03 -1.955999999999999406e-03 1.099999999999989875e-04 2.088999999999993640e-03 4.039999999999988045e-03 4.230000000000011529e-03 1.549999999999995826e-03 -3.400000000000069633e-04 -3.560000000000007603e-03 -3.369999999999984119e-03 -1.019999999999965379e-03 1.819999999999988294e-03 2.890000000000003677e-03 1.659999999999994813e-03 -4.200000000000037037e-04 -1.450000000000006839e-03 -4.349999999999992761e-03
-1.870999999999997665e-03 2.551999999999998714e-03 1.842000000000010296e-03 -1.940999999999998282e-03 -3.277999999999989256e-03 -1.899999999999998912e-03 1.911000000000002974e-03 4.689999999999999725e-03 4.789999999999988711e-03 2.529999999999976712e-03 2.500000000000279776e-04 3.199999999999869615e-04 1.960000000000017284e-03 2.159999999999995257e-03 -7.500000000000284217e-04 -4.610000000000002984e-03 -8.640000000000008784e-03 -8.059999999999997722e-03 -1.604999999999998789e-03
1.401899887764000124e-09 6.054999999999990945e-03 4.759999999999986464e-03 -1.119999999999982121e-03 -5.110000000000003428e-03 -4.309000000000007269e-03 2.711282000000000018e-07 4.020000000000009677e-03 5.590000000000011626e-03 4.450000000000009504e-03 3.290000000000015135e-03 2.890000000000003677e-03 3.350000000000075140e-03 1.510000000000011333e-03 -3.180000000000016147e-03 -7.960000000000022613e-03 -1.386999999999999345e-02 -9.745000000000003659e-03 4.869760199999999820e-05
