-1.98254E-18
-4.52468E-18
6.35724E-18
-6.64072E-18
-2.53748E-18
1.88047E-18
-6.08359E-18
5.39277E-18
1.25586E-17
-6.14009E-18
8.94284E-19
-1.95193E-17
1.314E-17
1.20609E-17
-1.82211E-18
-7.67787E-17
-2.43526E-17
5.83988E-18
2.46037E-18
-0.09324
-0.03067
0.03596
0.09876
0.15019
0.18392
0.19566
0.18391
0.15019
0.09876
0.03596
-0.03069
-0.09324
-0.1443
-0.17773
-0.18933
-0.17772
-0.14432
-0.09321
-0.15363
-0.05227
0.05554
0.15704
0.24007
0.29448
0.31342
0.29448
0.24007
0.15703
0.05554
-0.0523
-0.15362
-0.23642
-0.29066
-0.30951
-0.29065
-0.23646
-0.15358
-0.15704
-0.05554
0.05227
0.15363
0.23644
0.29065
0.30951
0.29064
0.23644
0.15362
0.05227
-0.05557
-0.15704
-0.24005
-0.2945
-0.31342
-0.29448
-0.24009
-0.15699
-0.09876
-0.03596
0.03067
0.09324
0.14431
0.17772
0.18933
0.17771
0.14431
0.09324
0.03067
-0.03597
-0.09876
-0.15018
-0.18393
-0.19566
-0.18392
-0.1502
-0.09873
-1.77849E-17
-8.49493E-18
-1.71377E-17
-2.80091E-18
5.4291E-18
-8.46669E-17
-1.7354E-17
-1.57711E-17
-4.73743E-18
-2.09526E-17
6.61575E-18
1.43329E-18
-1.53279E-17
-5.90127E-19
-3.60661E-18
-1.52746E-18
8.90334E-18
1.18955E-17
-3.75389E-18
0.09876
0.03596
-0.03067
-0.09324
-0.14431
-0.17772
-0.18933
-0.17771
-0.14431
-0.09324
-0.03067
0.03597
0.09876
0.15018
0.18393
0.19566
0.18392
0.1502
0.09873
0.15704
0.05554
-0.05227
-0.15363
-0.23644
-0.29065
-0.30951
-0.29064
-0.23644
-0.15362
-0.05227
0.05557
0.15704
0.24005
0.2945
0.31342
0.29448
0.24009
0.15699
0.15363
0.05227
-0.05554
-0.15704
-0.24007
-0.29448
-0.31342
-0.29448
-0.24007
-0.15703
-0.05554
0.0523
0.15362
0.23642
0.29066
0.30951
0.29065
0.23646
0.15358
0.09324
0.03067
-0.03596
-0.09876
-0.15019
-0.18392
-0.19566
-0.18391
-0.15019
-0.09876
-0.03596
0.03069
0.09324
0.1443
0.17773
0.18933
0.17772
0.14432
0.09321
-1.98254E-18
-4.52468E-18
6.35724E-18
-6.64072E-18
-2.53748E-18
1.88047E-18
-6.08359E-18
5.39277E-18
1.25586E-17
-6.14009E-18
8.94284E-19
-1.95193E-17
1.314E-17
1.20609E-17
-1.82211E-18
-7.67787E-17
-2.43526E-17
5.83988E-18
2.46037E-18