28.310816326530613 26.731428571428573 26.630408163265308 18.327346938775506 7408.81861095235
28.310816326530613 26.732653061224486 26.62857142857143 18.32795918367347 7408.85221759043
28.31142857142857 26.734285714285715 26.626326530612243 18.327959183673467 7409.009052599428
28.311632653061224 26.735306122448975 26.624285714285712 18.32877551020408 7409.042660965232
28.31142857142857 26.737142857142853 26.621428571428567 18.329999999999995 7409.05386382159
28.31183673469388 26.73979591836735 26.620408163265306 18.32795918367347 7409.356353749889
28.312040816326533 26.742040816326533 26.617959183673474 18.327959183673475 7409.502005858041
28.31163265306122 26.745510204081636 26.617346938775512 18.32551020408163 7409.7821221616005
28.311224489795922 26.748979591836736 26.617142857142856 18.32265306122449 7410.084671559339
28.311224489795915 26.751836734693875 26.617142857142856 18.319795918367348 7410.398452587818
28.311224489795915 26.754693877551016 26.617142857142856 18.316938775510202 7410.71226019162
28.312040816326533 26.756326530612245 26.617959183673467 18.313673469387755 7411.070929998654
28.312244897959182 26.756734693877547 26.619591836734696 18.31142857142857 7411.239068422374
28.31367346938776 26.755714285714287 26.620204081632654 18.310408163265308 7411.396004501287
28.315102040816324 26.754081632653065 26.622040816326532 18.308775510204086 7411.552947226717
28.31571428571429 26.752244897959187 26.62265306122449 18.30938775510204 7411.48568524479
28.317346938775508 26.75020408163265 26.624489795918365 18.307959183673468 7411.631421082008
28.31775510204082 26.74857142857143 26.625918367346934 18.30775510204082 7411.597789226259
28.31795918367347 26.746938775510205 26.628367346938774 18.30673469387755 7411.586578675504
28.318571428571428 26.745102040816327 26.63 18.306326530612242 7411.575368158663
28.31897959183674 26.74265306122449 26.632244897959183 18.306122448979593 7411.496895490331
28.15163265306122 30.770612244897954 30.47510204081632 10.602653061224489 8095.279791042657
28.15224489795919 30.773877551020412 30.468979591836735 10.604897959183674 8095.426909859899
28.152244897959182 30.77877551020409 30.462040816326535 10.606938775510203 8095.614159724815
28.15367346938775 30.78285714285714 30.455306122448977 10.608163265306121 8095.988685442752
28.15551020408163 30.78755102040816 30.449795918367347 10.607142857142856 8096.604052928657
28.154489795918362 30.794693877551023 30.442040816326525 10.608775510204081 8096.831495022101
28.154693877551022 30.80142857142857 30.436734693877554 10.607142857142856 8097.406846770622
28.15326530612245 30.80918367346939 30.433673469387756 10.603877551020409 8097.942131113946
28.15122448979592 30.81408163265306 30.432653061224492 10.60204081632653 8098.116113763657
28.148775510204082 30.827346938775506 30.431020408163263 10.592857142857142 8099.267264249339
28.14897959183674 30.84020408163265 30.434081632653058 10.576734693877551 8101.195504993808
28.150408163265304 30.8434693877551 30.437142857142856 10.568979591836735 8102.10638231029
28.15591836734694 30.839795918367347 30.442448979591834 10.561836734693879 8103.0576640042345
28.15877551020408 30.836734693877553 30.447551020408163 10.556938775510204 8103.553490895078
28.160816326530608 30.8304081632653 30.45816326530612 10.550612244897959 8103.821530696119
28.162653061224486 30.821224489795917 30.466938775510204 10.549183673469388 8103.553490895079
28.163469387755104 30.813673469387755 30.472244897959182 10.550612244897959 8103.071063933231
28.163673469387753 30.80999999999999 30.477551020408157 10.54877551020408 8102.977265360932
28.16265306122449 30.807346938775517 30.482040816326535 10.54795918367347 8102.722680182228
28.16265306122449 30.80489795918367 30.486530612244895 10.545918367346939 8102.695882672964
28.161836734693875 30.800612244897955 30.490408163265307 10.547142857142857 8102.226954951619
30.523061224489794 30.37040816326531 29.958979591836737 9.147551020408162 8493.938101726177
30.524897959183672 30.381224489795915 29.94326530612244 9.150612244897959 8494.762718740141
30.52693877551021 30.397551020408166 29.924285714285716 9.151224489795919 8496.191452137831
30.53040816326531 30.410204081632656 29.910000000000004 9.149387755102042 8497.738561003356
30.53326530612245 30.421224489795918 29.89061224489796 9.154897959183671 8498.549176247769
30.53408163265306 30.435918367346943 29.879591836734697 9.150408163265308 8500.052908492593
30.5365306122449 30.45387755102041 29.869591836734692 9.139999999999999 8502.457036564036
30.53448979591836 30.467755102040822 29.86244897959184 9.13530612244898 8503.504658705766
30.52755102040816 30.483265306122455 29.855102040816327 9.13408163265306 8503.711262558158
30.52551020408163 30.492857142857144 29.85204081632653 9.129591836734694 8504.434455108736
30.527346938775512 30.496938775510202 29.854489795918372 9.121224489795917 8505.600677670715
30.52795918367347 30.496938775510202 29.862653061224492 9.112448979591834 8506.324191638805
30.53061224489796 30.495102040816324 29.867959183673463 9.106326530612243 8507.018290089325
30.533877551020407 30.483877551020406 29.880204081632655 9.10204081632653 8506.988751677527
30.53408163265306 30.476938775510202 29.89163265306123 9.097346938775512 8506.855831362867
30.53755102040816 30.460000000000004 29.905714285714286 9.096734693877552 8506.176525730316
30.5369387755102 30.446326530612243 29.92571428571428 9.091020408163265 8505.512092581632
30.536122448979587 30.436326530612245 29.94489795918367 9.082653061224487 8505.275874698194
30.533673469387757 30.41857142857143 29.959795918367348 9.087959183673469 8503.253796095445
30.532040816326532 30.407551020408164 29.970816326530613 9.089591836734694 8502.10296914257
30.530204081632657 30.394081632653062 29.98510204081633 9.09061224489796 8500.790226520036
30.97244897959184 29.94673469387755 29.28448979591837 9.796326530612246 8481.426541326184
30.971020408163263 29.962653061224486 29.266122448979594 9.800204081632652 8482.087216629046
30.973877551020408 29.97918367346939 29.241632653061224 9.805306122448979 8483.320752626369
30.9765306122449 29.999591836734695 29.22265306122449 9.801224489795919 8485.465609620092
30.986938775510207 30.015102040816327 29.201836734693877 9.796122448979592 8488.449645304068
30.992448979591842 30.037551020408166 29.176734693877552 9.79326530612245 8491.067916413233
31.000408163265302 30.0634693877551 29.156530612244897 9.779591836734692 8495.071991400908
31.001836734693878 30.082040816326526 29.133877551020404 9.782244897959183 8496.427165678597
30.999795918367347 30.100816326530612 29.118571428571432 9.780816326530612 8497.59119302712
30.999183673469393 30.10877551020409 29.112448979591836 9.779591836734696 8498.165957040903
31.001020408163267 30.116530612244897 29.111224489795916 9.771224489795918 8499.595835544964
31.001224489795913 30.11306122448979 29.11795918367347 9.767755102040816 8499.62532263884
31.00714285714286 30.094897959183676 29.127755102040815 9.770204081632652 8498.991395204834
31.008979591836738 30.080000000000005 29.14857142857143 9.762448979591838 8498.740798812258
31.008979591836734 30.053061224489795 29.16775510204082 9.770204081632654 8496.235647430496
31.005306122448978 30.034285714285712 29.192653061224487 9.767755102040816 8494.527097541442
30.99265306122449 30.016326530612243 29.215306122448975 9.775714285714285 8490.832500134295
30.983265306122455 29.99734693877551 29.241632653061227 9.777755102040816 8487.96441291002
30.97836734693878 29.97877551020408 29.25755102040817 9.785306122448981 8485.377443442361
30.97775510204081 29.95795918367347 29.28142857142857 9.782857142857141 8483.967033728099
30.98142857142857 29.940816326530612 29.297346938775508 9.780408163265307 8483.438250957417
30.848979591836734 29.851428571428567 28.96 10.339591836734694 8418.202559133577
30.853265306122445 29.878979591836735 28.92510204081633 10.342653061224489 8420.546132563455
30.86122448979592 29.904897959183668 28.89204081632653 10.341836734693876 8423.571559959499
30.8704081632653 29.931836734693878 28.857755102040816 10.34 8426.91798373089
30.88755102040816 29.958163265306126 28.819183673469382 10.335102040816327 8431.57262595307
30.897346938775506 29.985306122448975 28.788571428571423 10.32877551020408 8435.346511984219
30.904693877551022 30.018571428571434 28.760408163265303 10.316326530612246 8439.647050515594
30.912040816326535 30.042040816326526 28.732857142857142 10.313061224489795 8442.598942090663
30.91387755102041 30.063265306122446 28.71142857142857 10.31142857142857 8444.49040085479
30.916326530612242 30.08448979591837 28.695510204081632 10.303673469387755 8446.906880609005
30.91673469387755 30.093061224489787 28.689387755102043 10.300816326530612 8447.780647341364
30.916122448979593 30.08387755102041 28.696734693877552 10.303265306122448 8446.86319701705
30.91673469387755 30.064489795918377 28.719387755102044 10.299387755102043 8445.844041457027
30.913061224489795 30.044081632653064 28.740204081632655 10.302653061224488 8443.631864543468
30.91367346938776 30.014285714285716 28.768979591836736 10.303061224489797 8441.566272324926
30.909387755102042 29.987959183673464 28.800816326530608 10.301836734693879 8439.167381412475
30.89836734693877 29.957142857142856 28.83265306122449 10.311836734693875 8434.693097666861
30.88734693877551 29.933061224489794 28.871224489795917 10.308367346938779 8431.659677566451
30.870816326530615 29.903877551020408 28.90489795918367 10.320408163265306 8426.381797639582
30.86408163265306 29.877346938775506 28.940408163265303 10.318163265306122 8423.701890347469
30.8604081632653 29.853469387755105 28.97408163265306 10.31204081632653 8421.921057380783
31.05204081632653 29.942244897959185 28.70897959183674 10.296734693877552 8456.630429717634
31.061836734693877 29.97775510204082 28.666122448979593 10.294285714285714 8460.748171874056
31.077142857142853 30.01326530612245 28.611632653061225 10.29795918367347 8465.220899075564
31.08693877551021 30.050204081632657 28.57244897959184 10.290408163265308 8469.81547901992
31.094897959183665 30.08408163265306 28.527142857142852 10.293877551020408 8473.140145738013
31.11204081632653 30.125918367346934 28.47938775510204 10.28265306122449 8479.415785557307
31.12306122448979 30.17204081632653 28.434693877551016 10.270204081632652 8485.215810208236
31.131020408163266 30.20408163265306 28.395510204081635 10.26938775510204 8488.729046698405
31.14265306122449 30.232040816326528 28.363673469387756 10.261632653061223 8492.98115771466
31.144489795918368 30.250000000000004 28.336734693877553 10.268775510204083 8494.026445891317
31.15122448979592 30.25795918367347 28.32571428571428 10.265102040816327 8495.837906348124
31.15122448979592 30.249387755102042 28.33979591836735 10.259591836734694 8495.616955170883
31.14448979591836 30.230204081632657 28.368571428571432 10.25673469387755 8493.466963880232
31.13530612244898 30.20469387755102 28.40469387755102 10.25530612244898 8490.405841399219
31.124897959183667 30.17387755102041 28.445714285714285 10.255510204081633 8486.670731031425
31.11510204081632 30.133265306122453 28.48979591836735 10.261836734693876 8481.881662171847
31.100408163265303 30.0865306122449 28.53816326530612 10.274897959183672 8475.470431851165
31.08938775510203 30.050204081632646 28.583469387755095 10.276938775510203 8471.133316621575
31.079591836734693 30.017142857142854 28.626326530612246 10.276938775510205 8467.3566122279
31.069183673469386 29.98265306122449 28.677142857142858 10.271020408163265 8463.817181548879
31.06122448979591 29.939795918367345 28.714489795918368 10.284489795918368 8458.644994122105
31.456326530612248 30.009591836734696 28.36795918367347 10.166122448979593 8529.23001940835
31.46489795918367 30.06408163265306 28.31836734693877 10.152653061224488 8535.425499670779
31.474081632653068 30.102653061224494 28.255306122448985 10.16795918367347 8538.459661876996
31.495510204081633 30.154897959183675 28.18734693877551 10.162244897959184 8545.816038229446
31.508367346938776 30.210204081632657 28.129183673469388 10.152244897959186 8552.468521679635
31.527959183673467 30.261020408163258 28.071020408163267 10.139999999999999 8559.95374131121
31.543061224489794 30.30897959183673 27.99938775510204 10.148571428571428 8565.055970018808
31.564489795918366 30.354489795918365 27.940612244897956 10.140408163265304 8572.1433332342
31.58224489795919 30.39142857142857 27.90020408163265 10.12612244897959 8578.521483068798
31.596938775510203 30.418367346938773 27.870816326530612 10.113877551020407 8583.570695339296
31.603673469387754 30.423877551020407 27.859795918367347 10.11265306122449 8585.05954352012
31.599387755102043 30.417755102040818 27.87265306122449 10.110204081632654 8584.157149639379
31.58591836734693 30.392244897959173 27.900204081632644 10.121632653061223 8579.45273596997
31.571836734693882 30.360612244897965 27.946734693877552 10.120816326530612 8575.113620255468
31.542040816326526 30.31020408163265 28.01102040816327 10.13673469387755 8565.86450550488
31.532857142857146 30.261836734693876 28.078979591836735 10.126326530612245 8561.733593796413
31.51877551020408 30.21326530612245 28.14081632653061 10.127142857142857 8556.052621469757
31.503469387755107 30.161020408163264 28.197142857142854 10.138367346938775 8549.170817667124
31.482040816326528 30.10816326530612 28.265102040816327 10.14469387755102 8541.719326075778
31.467346938775513 30.06244897959184 28.328775510204085 10.141428571428573 8536.481262423627
31.458775510204084 30.013877551020407 28.379591836734697 10.147755102040817 8531.234765652203
31.8769387755102 30.04734693877551 27.96326530612244 10.112448979591836 8597.622494187834
31.88795918367347 30.10632653061225 27.869591836734692 10.136122448979593 8601.863620085527
31.905714285714286 30.1734693877551 27.807142857142857 10.113673469387754 8611.130149324026
31.927142857142854 30.233673469387757 27.729387755102042 10.109795918367348 8619.067135497013
31.943673469387758 30.296734693877546 27.646122448979593 10.113469387755101 8625.940491572985
31.978571428571424 30.36857142857143 27.558571428571426 10.094285714285714 8637.922949727288
32.00918367346938 30.426122448979587 27.477755102040813 10.086938775510204 8647.343677203486
32.03673469387755 30.478979591836737 27.401224489795915 10.083061224489793 8655.71453806748
32.063469387755106 30.525918367346932 27.33938775510204 10.07122448979592 8664.132260631244
32.0830612244898 30.557959183673468 27.292244897959183 10.066734693877551 8669.819650057769
32.09102040816327 30.566530612244904 27.276938775510207 10.065510204081633 8671.752915213263
32.08428571428571 30.557346938775513 27.297755102040817 10.06061224489796 8670.417949534629
32.05795918367347 30.52591836734694 27.341224489795916 10.074897959183673 8663.02937297347
32.0395918367347 30.476734693877557 27.40489795918368 10.078775510204082 8656.295600128607
32.01020408163265 30.429387755102045 27.48387755102041 10.076530612244898 8648.51889701379
31.983469387755104 30.369183673469387 27.567755102040813 10.079591836734695 8639.796312393877
31.94612244897959 30.304081632653062 27.651632653061224 10.098163265306123 8627.990963500077
31.932653061224492 30.237346938775506 27.741020408163266 10.088979591836734 8621.70593648442
31.90877551020408 30.17061224489796 27.815102040816324 10.105510204081634 8611.977679159892
31.8965306122449 30.10979591836735 27.886122448979588 10.107551020408161 8605.504361585732
31.880204081632655 30.050408163265306 27.966938775510204 10.102448979591838 8599.070949354982
32.31489795918368 30.073673469387757 27.493061224489797 10.118367346938777 8664.392705642287
32.33755102040816 30.14795918367347 27.40673469387755 10.107755102040816 8674.178387133892
32.35265306122449 30.22673469387755 27.314285714285713 10.106326530612245 8682.493612165415
32.375306122448976 30.30530612244898 27.209591836734692 10.109795918367347 8691.58016474979
32.415714285714294 30.3895918367347 27.111020408163274 10.083673469387755 8706.049994047904
32.45285714285714 30.462040816326528 27.000816326530614 10.084285714285716 8717.139497359061
32.50244897959183 30.53877551020408 26.896734693877555 10.062040816326531 8732.223687493317
32.543469387755096 30.601428571428574 26.796326530612248 10.058775510204082 8743.520426826548
32.57530612244897 30.659795918367344 26.719183673469388 10.045714285714286 8753.861078011196
32.59795918367347 30.692448979591834 26.665918367346936 10.043673469387754 8759.995780899992
32.612040816326534 30.705918367346936 26.642040816326528 10.040000000000001 8763.473841030584
32.599795918367356 30.6930612244898 26.665306122448985 10.041836734693879 8760.465627687361
32.578979591836735 30.660408163265306 26.724693877551026 10.03591836734694 8755.221864469166
32.54775510204082 30.603673469387754 26.802448979591837 10.046122448979592 8745.31500981617
32.50244897959183 30.539387755102045 26.904693877551022 10.053469387755104 8732.924014649925
32.46224489795919 30.46448979591837 27.010612244897963 10.06265306122449 8720.39736537219
32.42428571428572 30.38979591836735 27.115918367346943 10.07 8708.401830541608
32.3869387755102 30.301632653061223 27.213265306122448 10.098163265306122 8693.939614379422
32.35877551020408 30.225714285714293 27.324081632653062 10.091428571428573 8684.463317890348
32.3434693877551 30.14653061224489 27.41530612244898 10.09469387755102 8675.944615602537
32.323877551020416 30.072040816326528 27.49673469387755 10.10734693877551 8666.44617341028
32.798979591836726 30.106938775510205 27.003877551020413 10.090204081632653 8742.381638857567
32.822857142857146 30.201428571428572 26.890612244897966 10.085102040816329 8753.657778428842
32.851632653061216 30.295510204081634 26.783469387755098 10.06938775510204 8766.499804990108
32.881632653061224 30.38571428571429 26.65734693877551 10.075306122448978 8777.602424767887
32.93489795918367 30.487755102040815 26.531224489795918 10.046122448979593 8795.95888517504
32.981428571428566 30.573673469387757 26.398367346938773 10.046530612244897 8809.796493700997
33.040000000000006 30.666734693877558 26.26612244897959 10.027142857142858 8827.651808587683
33.09428571428572 30.743469387755106 26.149183673469388 10.013061224489796 8843.216981864185
33.13836734693877 30.8104081632653 26.04755102040816 10.003673469387754 8856.099231688208
33.17571428571428 30.848571428571425 25.982040816326524 9.993673469387753 8865.745473494137
33.187346938775505 30.865714285714287 25.958163265306123 9.988775510204082 8869.30803106792
33.17204081632653 30.850408163265307 25.98448979591837 9.993061224489797 8865.360503552476
33.14081632653061 30.81224489795918 26.05 9.996938775510204 8857.155768448642
33.09510204081632 30.746530612244893 26.15591836734693 10.002448979591835 8844.41412073889
33.04612244897959 30.66551020408163 26.274081632653058 10.014285714285712 8829.51291721701
32.988571428571426 30.575306122448975 26.401428571428575 10.034693877551023 8811.951163806978
32.93857142857142 30.486734693877548 26.534285714285716 10.040408163265306 8796.890568476612
32.88897959183674 30.393469387755108 26.65918367346939 10.058367346938777 8780.638155277522
32.86020408163265 30.293877551020408 26.787142857142854 10.05877551020408 8768.507814708903
32.823469387755104 30.19693877551021 26.897346938775506 10.082244897959185 8753.62650240814
32.8065306122449 30.107755102040816 27.01428571428572 10.071428571428573 8745.034069938856
33.32551020408163 30.14122448979592 26.465714285714288 10.067551020408164 8828.049415457013
33.35367346938775 30.25918367346938 26.342040816326524 10.045102040816326 8843.408502305605
33.398775510204075 30.3669387755102 26.201224489795916 10.033061224489796 8859.862292426084
33.44714285714286 30.4734693877551 26.04816326530612 10.03122448979592 8875.991529768084
33.505306122448985 30.592653061224496 25.899387755102044 10.00265306122449 8896.845614309032
33.56285714285715 30.704081632653057 25.735306122448982 9.997755102040816 8915.201874739594
33.633877551020404 30.80714285714286 25.585918367346945 9.973061224489797 8936.697179104178
33.70102040816327 30.903265306122446 25.43530612244898 9.960408163265305 8956.151413792473
33.75163265306122 30.97693877551021 25.32755102040817 9.943877551020407 8971.532777220362
33.79081632653061 31.02938775510204 25.243673469387755 9.936122448979592 8982.700052979599
33.81040816326531 31.050204081632653 25.208775510204077 9.93061224489796 8987.98911169319
33.792653061224485 31.028163265306123 25.243673469387755 9.935510204081634 8982.94706660947
33.755918367346936 30.97877551020408 25.32877551020408 9.936530612244898 8972.96208465715
33.69979591836734 30.903265306122453 25.44448979591837 9.952448979591837 8956.593423666976
33.63204081632654 30.80836734693877 25.588979591836736 9.97061224489796 8936.697179104178
33.56530612244898 30.705306122448977 25.74265306122449 9.986734693877553 8916.564611428852
33.506530612244894 30.592857142857145 25.902448979591835 9.998163265306124 8897.411034968642
33.45102040816327 30.47571428571429 26.0495918367347 10.023673469387756 8877.374471207411
33.40571428571428 30.3669387755102 26.206122448979592 10.02122448979592 8861.881250791239
33.362857142857145 30.259795918367345 26.345102040816325 10.032244897959183 8845.89902316001
33.33530612244898 30.145918367346937 26.47 10.048775510204083 8831.406644822453
33.914489795918364 30.176938775510198 25.898775510204082 10.009795918367347 8928.262323279625
33.94265306122449 30.31285714285714 25.737142857142857 10.00734693877551 8943.80915006434
33.99714285714286 30.44326530612245 25.57367346938776 9.985918367346938 8964.721078254697
34.06285714285715 30.571020408163264 25.394897959183677 9.97122448979592 8986.785756861593
34.13081632653061 30.702653061224495 25.21551020408163 9.951020408163266 9010.085779694207
34.20428571428572 30.82877551020409 25.03244897959183 9.934489795918367 9033.65682428247
34.29122448979592 30.957959183673474 24.85183673469388 9.898979591836735 9061.371373833348
34.36142857142857 31.06469387755102 24.67857142857143 9.89530612244898 9082.012425675777
34.42734693877551 31.148163265306124 24.544489795918366 9.879999999999999 9101.073926723353
34.47387755102041 31.216938775510204 24.448979591836736 9.860204081632654 9116.1433876333
34.49775510204082 31.238979591836735 24.411632653061226 9.851632653061225 9122.660689151853
34.47816326530612 31.212653061224483 24.45204081632653 9.857142857142856 9116.753989045012
34.4334693877551 31.15102040816326 24.543877551020408 9.871632653061225 9103.018300782303
34.36693877551021 31.065102040816328 24.683469387755103 9.884489795918366 9083.847621236922
34.29183673469388 30.953061224489797 24.853061224489796 9.902040816326533 9060.818432293496
34.214693877551014 30.826326530612246 25.042244897959186 9.916734693877551 9036.605629620886
34.13142857142857 30.700204081632656 25.21734693877551 9.951020408163265 9009.986374694074
34.07163265306122 30.571632653061226 25.400408163265304 9.956326530612243 8989.456651555818
34.001224489795916 30.446734693877552 25.58408163265306 9.96795918367347 8967.099893492814
33.95530612244898 30.31285714285714 25.74020408163265 9.991632653061226 8947.091647433463
33.921836734693876 30.17408163265306 25.900612244897957 10.003469387755102 8929.710422247736
34.543673469387755 30.21673469387755 25.283469387755098 9.956122448979592 9037.3389647636
34.59081632653061 30.360000000000003 25.098571428571432 9.95061224489796 9057.234327287782
34.652040816326526 30.515918367346938 24.90877551020408 9.92326530612245 9082.382772388073
34.72326530612245 30.66591836734694 24.70918367346939 9.901632653061224 9108.365383006765
34.80285714285714 30.81714285714286 24.498571428571427 9.881428571428572 9135.876587358556
34.90204081632653 30.967551020408163 24.283061224489792 9.84734693877551 9167.943630243737
35.001224489795916 31.102448979591834 24.072448979591837 9.82387755102041 9198.025990993443
35.094081632653065 31.22714285714286 23.877142857142857 9.801632653061224 9226.256041785526
35.171020408163265 31.322857142857142 23.7234693877551 9.782653061224488 9249.174652731244
35.22612244897959 31.38653061224489 23.61387755102041 9.773469387755101 9264.861594312511
35.25 31.42408163265306 23.57469387755102 9.751224489795918 9274.102730560819
35.229795918367344 31.39244897959183 23.614489795918363 9.763265306122447 9266.876589789415
35.17040816326531 31.322448979591833 23.7234693877551 9.783673469387754 9248.947696257008
35.093877551020405 31.22489795918367 23.87775510204082 9.803469387755102 9225.873869124387
35.00551020408164 31.101020408163272 24.077346938775516 9.816122448979595 9199.286585938233
34.90448979591837 30.961428571428574 24.289795918367346 9.844285714285714 9168.098012580876
34.81387755102041 30.82061224489796 24.50163265306123 9.86387755102041 9139.472074249816
34.722857142857144 30.670204081632658 24.71591836734694 9.891020408163264 9109.53377777943
34.65428571428572 30.515306122448983 24.91183673469388 9.918571428571427 9083.08988180861
34.60551020408163 30.36183673469387 25.105918367346934 9.926734693877549 9061.756797242268
34.55469387755103 30.217346938775513 25.289591836734697 9.938367346938778 9040.640446349333
35.232857142857135 30.232857142857146 24.632653061224488 9.901632653061226 9157.252450499444
35.272653061224496 30.412653061224493 24.428163265306125 9.886530612244899 9180.327868852459
35.350408163265314 30.58755102040817 24.215714285714288 9.846326530612245 9211.669116845322
35.43632653061224 30.75102040816326 23.978163265306122 9.834489795918367 9241.220369158465
35.534897959183674 30.921224489795918 23.735714285714288 9.808163265306122 9274.962900148399
35.64387755102041 31.093061224489798 23.490204081632655 9.772857142857143 9311.67703303365
35.753265306122444 31.249999999999993 23.25204081632653 9.74469387755102 9346.82837315591
35.865102040816325 31.404693877551022 23.03959183673469 9.69061224489796 9384.761828151604
35.95265306122449 31.514489795918365 22.855306122448976 9.677551020408162 9411.077798883347
36.01510204081632 31.58591836734694 22.739591836734693 9.65938775510204 9430.113238339376
36.02979591836735 31.623061224489796 22.69489795918367 9.652244897959184 9436.66935643841
36.01387755102041 31.588979591836736 22.743265306122446 9.653877551020408 9430.657721014199
35.95571428571429 31.508979591836734 22.85775510204082 9.677551020408165 9411.132024737832
35.864489795918374 31.39510204081633 23.04326530612245 9.697142857142858 9383.234266805563
35.75387755102041 31.258367346938776 23.25877551020408 9.728979591836733 9349.03972006304
35.644489795918375 31.095510204081634 23.496938775510202 9.763061224489794 9312.84507417016
35.54163265306122 30.916122448979593 23.74061224489796 9.801632653061224 9276.24467325848
35.44489795918368 30.751632653061222 23.985510204081635 9.817959183673468 9244.14930244404
35.35387755102041 30.586938775510202 24.218775510204082 9.840408163265305 9212.70827301203
35.278571428571425 30.416938775510204 24.430612244897958 9.873877551020408 9182.753664199816
35.24081632653061 30.231632653061226 24.636326530612244 9.891224489795919 9159.357872935405
35.94836734693878 30.264693877551018 23.953061224489794 9.833877551020409 9287.426908897924
36.02183673469387 30.457551020408165 23.71612244897959 9.804489795918366 9319.380888802669
36.09918367346939 30.64244897959184 23.477959183673473 9.780408163265308 9351.07365592629
36.189795918367345 30.846734693877554 23.218367346938777 9.745102040816327 9388.016292998072
36.30734693877552 31.041224489795916 22.941632653061227 9.709795918367348 9429.169617291172
36.43265306122449 31.22285714285714 22.674693877551018 9.669795918367347 9471.34435101962
36.56040816326531 31.402448979591842 22.410816326530615 9.626326530612246 9514.47073329385
36.6761224489796 31.55938775510204 22.162244897959184 9.602244897959185 9551.954836798028
36.78489795918368 31.68877551020408 21.971836734693877 9.554489795918368 9588.102925349769
36.857142857142854 31.767959183673472 21.831632653061224 9.543265306122448 9609.746243863981
36.86489795918367 31.816734693877546 21.79673469387755 9.521632653061223 9617.68712289834
36.85693877551021 31.767346938775514 21.83408163265306 9.541632653061225 9609.802783312674
36.78877551020408 31.6861224489796 21.975510204081637 9.549591836734695 9589.02233068037
36.68469387755102 31.55673469387755 22.17020408163265 9.588367346938774 9554.543770534958
36.561632653061224 31.402448979591835 22.410816326530608 9.625102040816326 9514.803286296548
36.43448979591836 31.21938775510204 22.67959183673469 9.666530612244898 9471.65558740695
36.31408163265306 31.03897959183673 22.95387755102041 9.693061224489794 9431.656102570223
36.1965306122449 30.851020408163265 23.226326530612244 9.726122448979591 9391.255016655103
36.10428571428571 30.640408163265302 23.48224489795918 9.773061224489794 9352.430104899911
36.0204081632653 30.455714285714286 23.72469387755102 9.799183673469388 9319.434063102079
35.95673469387755 30.263673469387754 23.959183673469386 9.820408163265304 9289.944867021077
36.7230612244898 30.27979591836735 23.245306122448977 9.751836734693878 9431.656102570223
36.79816326530613 30.495714285714286 22.993061224489793 9.713061224489797 9467.812336366254
36.88142857142857 30.71714285714286 22.72122448979592 9.680204081632654 9505.68498159971
36.996530612244904 30.928163265306125 22.434081632653065 9.641224489795919 9549.274255156606
37.128571428571426 31.138979591836737 22.123673469387757 9.608775510204081 9595.763764046043
37.27040816326531 31.343877551020405 21.827959183673467 9.557755102040815 9645.707266564043
37.41183673469388 31.55081632653061 21.53775510204082 9.499591836734695 9696.960101956609
37.535306122448986 31.730204081632657 21.2665306122449 9.467959183673468 9740.21456301223
37.65387755102041 31.873061224489803 21.05163265306123 9.421428571428573 9780.849097467159
37.7365306122449 31.966530612244902 20.90224489795919 9.394693877551022 9808.23892069338
37.746326530612244 32.00244897959183 20.865510204081634 9.385714285714284 9814.446865786438
37.7304081632653 31.96714285714286 20.902857142857144 9.399591836734695 9806.648907959596
37.66 31.871836734693876 21.05408163265306 9.414081632653062 9782.606525597488
37.54265306122449 31.730204081632657 21.271428571428576 9.455714285714285 9742.770963361216
37.41122448979591 31.55265306122449 21.540816326530614 9.49530612244898 9697.420684004599
37.27591836734694 31.344489795918367 21.827959183673467 9.551632653061224 9647.359478333803
37.134693877551015 31.141224489795917 22.13469387755102 9.589387755102042 9598.884178688128
36.99897959183673 30.929591836734687 22.434081632653058 9.63734693877551 9550.204842148758
36.88448979591837 30.712448979591837 22.721836734693877 9.68122448979592 9505.7218625783
36.80448979591836 30.489591836734693 22.995510204081633 9.710408163265305 9468.635627577305
36.72918367346939 30.278571428571432 23.245918367346935 9.746326530612246 9433.12683127794
37.53510204081632 30.29142857142857 22.520408163265305 9.653061224489795 9588.515697769986
37.61530612244898 30.52979591836735 22.23142857142857 9.6234693877551 9628.062067596857
37.71387755102042 30.77510204081633 21.935714285714283 9.57530612244898 9673.757465080696
37.847755102040814 31.002040816326527 21.610612244897958 9.539591836734692 9723.649900977525
37.98775510204082 31.237346938775513 21.291632653061228 9.48326530612245 9777.999501122475
38.13285714285714 31.480816326530604 20.964693877551017 9.421632653061224 9835.249534331044
38.29551020408164 31.69265306122449 20.645102040816326 9.366734693877552 9892.854330748403
38.44163265306123 31.892857142857146 20.35857142857143 9.306938775510202 9947.198645556951
38.5634693877551 32.04551020408164 20.12224489795918 9.268775510204081 9990.376616809932
38.655102040816324 32.15 19.967959183673468 9.226938775510204 10023.381070538011
38.6734693877551 32.18224489795919 19.92081632653061 9.2234693877551 10030.665176396413
38.65877551020409 32.14510204081633 19.96857142857143 9.227551020408162 10023.565607305338
38.573877551020416 32.043673469387755 20.12591836734694 9.256530612244898 9993.494031436676
38.447755102040816 31.891632653061226 20.363469387755103 9.297142857142857 9949.258780220873
38.29714285714286 31.691428571428577 20.646326530612246 9.365102040816327 9893.213860998325
38.13775510204081 31.480816326530608 20.97020408163265 9.411224489795917 9837.204306687894
37.992040816326536 31.236530612244902 21.295306122448977 9.476122448979591 9779.42409171104
37.85693877551021 30.99979591836735 21.615510204081634 9.527755102040816 9726.294142984463
37.71448979591837 30.7734693877551 21.93816326530612 9.573877551020407 9673.852957435049
37.62265306122449 30.52795918367347 22.236938775510204 9.612448979591836 9630.276015502779
37.54551020408164 30.29061224489795 22.525306122448978 9.63857142857143 9591.68772596744
38.383469387755106 30.289183673469395 21.771020408163267 9.556326530612246 9756.078136230688
38.47571428571428 30.559591836734697 21.456326530612245 9.508367346938774 9804.176579222749
38.59142857142858 30.817959183673477 21.1330612244898 9.457551020408165 9856.418137418583
38.730816326530615 31.067755102040824 20.79387755102041 9.407551020408164 9912.948131004665
38.87877551020408 31.34 20.434489795918363 9.34673469387755 9975.143570816395
39.042244897959186 31.593265306122447 20.084285714285716 9.280204081632652 10039.913779679215
39.20918367346939 31.829183673469387 19.75061224489796 9.211020408163266 10104.738710016683
39.376122448979594 32.03612244897959 19.443877551020414 9.14387755102041 10167.198542563212
39.515510204081636 32.204081632653065 19.192857142857143 9.087551020408164 10219.468295663815
39.601836734693876 32.31469387755102 19.03122448979592 9.052244897959184 10252.84778078156
39.631224489795926 32.35081632653061 18.973061224489797 9.044897959183675 10263.607134254265
39.60061224489796 32.3134693877551 19.034285714285716 9.051632653061223 10252.525992245744
39.513673469387754 32.20530612244899 19.19714285714286 9.083877551020409 10219.596179956661
39.37489795918368 32.03795918367347 19.44448979591837 9.142653061224488 10167.261831891588
39.216530612244895 31.828979591836738 19.754897959183673 9.199591836734694 10107.38581748124
39.044489795918366 31.591020408163267 20.08918367346939 9.27530612244898 10040.63383037886
38.885714285714286 31.336938775510205 20.43632653061224 9.341020408163264 9976.788695687585
38.736326530612246 31.070000000000004 20.794489795918366 9.399183673469388 9915.074352940224
38.59387755102042 30.819795918367355 21.13244897959184 9.453877551020408 9857.429383588787
38.483061224489795 30.55857142857143 21.466122448979593 9.492244897959184 9807.041455765238
38.384081632653064 30.289387755102045 21.7734693877551 9.553061224489797 9756.524924934492
39.25857142857143 30.281428571428563 21.012448979591834 9.447551020408161 9935.520499614746
39.36918367346939 30.572040816326524 20.673877551020407 9.384897959183673 9992.556565007699
39.48244897959184 30.858367346938774 20.327346938775513 9.331836734693878 10049.385551854828
39.6365306122449 31.13673469387755 19.961224489795917 9.265510204081632 10115.753117819622
39.78755102040816 31.431836734693874 19.588979591836736 9.191632653061223 10184.886875006496
39.97367346938775 31.702448979591836 19.214897959183673 9.108979591836734 10260.705685268558
40.15408163265305 31.952040816326534 18.8530612244898 9.040816326530612 10332.648004639148
40.32530612244898 32.17326530612245 18.529183673469387 8.972244897959184 10400.592621522435
40.4569387755102 32.36938775510204 18.272653061224485 8.901020408163266 10458.308699391924
40.563265306122446 32.489183673469384 18.1 8.847551020408163 10500.690045345837
40.597551020408154 32.53061224489796 18.03448979591836 8.837346938775509 10513.961038264382
40.566326530612244 32.48673469387755 18.10061224489796 8.846326530612245 10501.230144102596
40.46367346938776 32.36693877551021 18.27387755102041 8.895510204081631 10460.117067922449
40.33265306122449 32.17448979591836 18.53469387755102 8.958163265306123 10403.838804195508
40.154693877551026 31.954693877551023 18.85734693877551 9.033265306122452 10333.868304338748
39.976734693877546 31.702857142857145 19.21734693877551 9.103061224489794 10262.016507186552
39.79673469387755 31.426326530612247 19.59510204081632 9.181836734693876 10187.23726283488
39.63959183673468 31.136938775510203 19.963061224489795 9.260408163265305 10116.922721163159
39.491020408163266 30.85897959183674 20.33408163265306 9.31591836734694 10052.787391753021
39.371632653061226 30.573265306122448 20.678775510204083 9.376326530612246 9994.02398157836
39.265306122448976 30.28326530612245 21.018571428571427 9.432857142857143 9938.482819608424
40.16183673469388 30.265714285714285 20.24714285714286 9.32530612244898 10128.026523027824
40.2830612244898 30.574693877551024 19.888367346938775 9.253877551020409 10192.322892789243
40.405306122448984 30.891632653061222 19.514897959183674 9.188163265306121 10257.891772961453
40.56612244897959 31.185918367346936 19.13469387755102 9.113265306122448 10331.101253225834
40.72224489795918 31.505918367346936 18.737959183673468 9.033877551020407 10407.617526427915
40.91979591836735 31.79510204081633 18.334489795918373 8.95061224489796 10491.427005361333
41.10571428571428 32.06122448979591 17.97142857142857 8.861632653061225 10572.056113884779
41.292244897959186 32.31244897959184 17.627346938775514 8.76795918367347 10652.914985390287
41.432857142857145 32.51591836734694 17.364693877551023 8.6865306122449 10717.550973984784
41.538163265306125 32.643469387755104 17.181020408163267 8.637346938775512 10762.229406803484
41.57306122448979 32.68632653061225 17.116122448979592 8.624489795918368 10776.78636230676
41.5430612244898 32.64306122448979 17.181632653061225 8.632244897959184 10763.907957603382
41.44204081632653 32.514693877551025 17.36530612244898 8.67795918367347 10720.505482772804
41.294081632653054 32.306326530612246 17.629183673469388 8.770408163265305 10652.359171463853
41.1069387755102 32.06448979591837 17.97204081632653 8.856530612244898 10573.265175332788
40.92632653061224 31.79734693877551 18.33938775510204 8.936938775510205 10494.617760320063
40.732040816326524 31.506734693877547 18.747142857142858 9.014081632653062 10411.974195303137
40.56428571428572 31.189591836734692 19.13408163265306 9.112040816326529 10331.231946699278
40.410204081632656 30.89326530612245 19.51734693877551 9.179183673469387 10260.039658194108
40.28673469387755 30.57938775510204 19.889591836734695 9.244285714285716 10194.570662938366
40.16612244897959 30.268571428571427 20.250204081632653 9.315102040816328 10130.246020260493
41.08897959183673 30.243877551020404 19.476938775510206 9.190204081632654 10333.955479632617
41.2234693877551 30.565714285714286 19.096122448979592 9.11469387755102 10405.606285835634
41.337959183673476 30.918163265306127 18.715306122448975 9.028571428571428 10478.392058661888
41.517755102040816 31.229591836734695 18.298367346938775 8.954285714285714 10560.86831890374
41.672040816326536 31.57714285714286 17.896122448979597 8.85469387755102 10645.832699652814
41.88244897959184 31.881020408163263 17.491428571428575 8.745102040816327 10741.23274278474
42.07693877551021 32.162448979591844 17.101428571428574 8.659183673469387 10829.207920792078
42.259795918367345 32.43448979591837 16.748163265306122 8.557551020408164 10916.617096313526
42.41285714285714 32.6465306122449 16.476326530612244 8.464285714285714 10989.972211070268
42.515510204081636 32.78122448979591 16.29081632653061 8.412448979591836 11037.502731218789
42.550408163265296 32.823265306122444 16.227142857142855 8.399183673469388 11052.764544535876
42.51265306122448 32.78163265306123 16.290204081632652 8.415510204081631 11036.483461041214
42.411632653061226 32.64551020408163 16.476938775510206 8.465918367346939 10989.356023737007
42.26653061224489 32.43632653061225 16.74877551020408 8.548367346938775 10919.536387683655
42.07938775510204 32.16571428571429 17.10448979591837 8.650408163265306 10831.194724987125
41.88 31.883877551020408 17.490816326530613 8.74530612244898 10740.973745991314
41.6761224489796 31.576122448979593 17.89673469387755 8.851020408163265 10647.05869571358
41.52040816326531 31.232040816326535 18.30326530612245 8.944285714285716 10562.848951259995
41.34469387755103 30.91918367346939 18.715306122448983 9.020816326530614 10480.835044490073
41.22653061224489 30.567346938775515 19.100408163265307 9.105714285714285 10407.41857787935
41.096326530612245 30.245510204081633 19.481224489795913 9.176938775510202 10337.116577359606
42.036938775510194 30.214693877551017 18.7134693877551 9.034897959183672 10554.49890900945
42.16183673469388 30.55979591836735 18.322244897959184 8.95612244897959 10630.081829936045
42.28591836734694 30.932448979591836 17.91326530612245 8.868367346938776 10710.75709751598
42.451632653061225 31.274489795918363 17.503061224489798 8.770816326530612 10799.945339052161
42.61938775510204 31.635102040816328 17.08367346938775 8.661836734693876 10894.675171924646
42.835918367346935 31.955918367346943 16.65938775510204 8.548775510204083 10998.556720005927
43.03836734693876 32.251836734693875 16.26204081632653 8.447755102040814 11096.416536831046
43.2334693877551 32.542040816326534 15.897755102040817 8.326734693877551 11195.982241801228
43.37244897959184 32.762244897959185 15.622244897959185 8.243061224489795 11269.393706618584
43.48551020408163 32.89959183673469 15.42877551020408 8.18612244897959 11323.039381068802
43.517959183673476 32.945510204081636 15.364489795918368 8.17204081632653 11339.075379396205
43.491632653061224 32.90020408163265 15.43183673469388 8.176326530612245 11325.944502871935
43.37714285714285 32.76081632653061 15.62408163265306 8.23795918367347 11271.052716323704
43.23244897959184 32.538979591836735 15.897755102040817 8.330816326530611 11194.831186515026
43.04142857142857 32.2534693877551 16.264489795918365 8.440612244897958 11098.25123269862
42.832244897959185 31.958979591836734 16.66183673469388 8.546938775510204 10998.260479209921
42.62551020408163 31.634489795918363 17.084285714285716 8.655714285714284 10896.783002797583
42.45897959183673 31.27224489795919 17.504285714285714 8.764489795918367 10802.135736551341
42.29265306122449 30.930612244897958 17.915714285714284 8.861020408163265 10712.934885032719
42.16734693877551 30.564693877551015 18.321632653061222 8.946326530612245 10632.988303712867
42.04551020408163 30.212244897959184 18.71591836734694 9.026326530612247 10557.091241276934
42.98612244897959 30.156122448979595 17.968367346938777 8.88938775510204 10780.390250127055
43.10306122448979 30.548367346938775 17.55877551020408 8.789795918367348 10865.395489308674
43.23204081632653 30.937142857142856 17.14428571428571 8.686530612244898 10954.66556970968
43.39244897959183 31.298367346938775 16.71938775510204 8.589795918367347 11048.926450227968
43.56918367346939 31.680816326530614 16.288367346938777 8.461632653061223 11155.429279131607
43.76122448979592 32.01816326530613 15.860408163265305 8.360204081632654 11258.777250836365
43.969387755102034 32.354897959183674 15.453877551020407 8.221836734693877 11372.920380273323
44.17306122448979 32.637346938775515 15.09387755102041 8.095714285714287 11479.442427082113
44.33571428571429 32.856734693877556 14.798775510204083 8.008775510204083 11563.285388962962
44.45142857142857 32.99265306122449 14.602244897959181 7.953673469387755 11620.048140199438
44.47469387755101 33.04816326530612 14.547755102040815 7.929387755102041 11637.130521105955
44.44102040816327 32.998571428571424 14.602857142857143 7.957551020408163 11617.513520177723
44.332653061224484 32.861224489795916 14.798163265306119 8.007959183673469 11563.176239324712
44.180408163265305 32.641020408163264 15.094489795918367 8.08408163265306 11483.39711696426
43.97244897959183 32.347142857142856 15.46061224489796 8.219795918367346 11372.9731737094
43.76428571428572 32.02183673469388 15.86591836734694 8.347959183673469 11261.571839635217
43.57469387755103 31.682040816326527 16.29204081632653 8.451224489795917 11158.249020237421
43.397346938775506 31.301224489795914 16.721836734693877 8.579591836734693 11051.717527121818
43.23755102040817 30.9365306122449 17.148571428571426 8.67734693877551 10957.017186864103
43.10530612244898 30.549183673469386 17.561836734693877 8.783673469387756 10866.744877660412
42.98857142857143 30.156326530612247 17.972040816326533 8.883061224489799 10781.718605945787
43.92795918367347 30.114489795918363 17.23734693877551 8.720204081632653 11019.30852714573
44.0369387755102 30.529387755102043 16.813673469387755 8.620000000000001 11109.045483606222
44.18081632653062 30.928979591836736 16.38326530612245 8.506938775510205 11208.710769512305
44.33489795918367 31.31020408163266 15.952857142857141 8.402040816326531 11309.397416841308
44.526326530612245 31.708367346938775 15.509591836734696 8.255714285714285 11429.264515165934
44.72591836734694 32.05897959183674 15.077346938775513 8.137755102040817 11543.753180421794
44.91795918367346 32.41428571428571 14.678163265306123 7.989591836734693 11663.251000302293
45.09591836734693 32.70775510204082 14.319387755102042 7.8769387755102045 11767.842089968755
45.26918367346939 32.927142857142854 14.023061224489798 7.780612244897959 11860.271479193694
45.38306122448979 33.089795918367344 13.830204081632653 7.696938775510204 11927.335749633052
45.41183673469387 33.145918367346944 13.762244897959183 7.680000000000001 11945.945814164967
45.38612244897959 33.075714285714284 13.830816326530613 7.70734693877551 11924.723358586165
45.269183673469385 32.935714285714276 14.024285714285714 7.7708163265306105 11862.855704096803
45.10326530612245 32.71795918367347 14.321836734693877 7.856938775510203 11774.062940776463
44.91918367346939 32.4134693877551 14.680612244897961 7.986734693877552 11663.861785618219
44.73265306122449 32.064693877551015 15.080408163265306 8.122244897959185 11548.378277736141
44.5269387755102 31.71122448979592 15.514489795918365 8.24734693877551 11430.890932970655
44.339183673469385 31.314081632653064 15.956530612244896 8.390204081632653 11312.504473056615
44.18938775510204 30.927142857142854 16.38142857142857 8.50204081632653 11211.249688258618
44.04306122448979 30.5304081632653 16.81857142857143 8.607959183673469 11112.169412959965
43.933469387755096 30.11428571428572 17.242244897959186 8.709999999999999 11021.861524930777
44.85897959183673 30.060408163265308 16.528367346938776 8.552244897959183 11264.5749806893
44.97204081632653 30.494285714285716 16.09918367346939 8.434489795918369 11364.137102516112
45.11040816326531 30.917346938775513 15.657142857142855 8.315102040816326 11470.923549806048
45.27857142857143 31.308979591836728 15.207755102040817 8.20469387755102 11582.308850538579
45.44571428571428 31.727755102040817 14.774285714285714 8.052244897959184 11705.070445413763
45.645102040816326 32.1134693877551 14.338979591836734 7.902448979591837 11834.491020278037
45.80673469387755 32.457755102040814 13.944693877551021 7.790816326530613 11944.635396098736
45.99755102040817 32.784285714285716 13.585918367346936 7.632244897959184 12069.589806369295
46.157346938775504 33.00979591836734 13.293877551020405 7.538979591836734 12163.306036226793
46.29244897959184 33.14367346938776 13.090612244897958 7.47326530612245 12233.209919385643
46.329795918367346 33.195510204081636 13.024489795918367 7.450204081632653 12255.637593292915
46.29204081632653 33.144285714285715 13.09244897959184 7.471224489795919 12233.48479552604
46.15673469387755 33.00775510204082 13.29204081632653 7.543469387755103 12162.158808009153
46.000612244897965 32.77428571428572 13.589591836734694 7.635510204081633 12068.549360366884
45.80795918367347 32.488775510204086 13.95142857142857 7.751836734693877 11954.98095742319
45.64693877551021 32.0895918367347 14.338979591836736 7.924489795918367 11828.577360102932
45.4469387755102 31.743061224489793 14.776122448979592 8.033877551020407 11710.021627693008
45.28163265306122 31.318367346938775 15.213265306122448 8.18673469387755 11586.800506035777
45.115306122448985 30.906122448979595 15.659591836734693 8.318979591836735 11470.225401633454
44.97775510204082 30.49918367346939 16.09918367346939 8.42387755102041 11367.617138654768
44.86938775510204 30.06530612244898 16.528979591836734 8.536326530612245 11269.860253732853
45.79163265306123 29.99897959183674 15.838367346938774 8.371020408163265 11522.227317084642
45.91102040816327 30.439795918367345 15.395714285714288 8.253469387755104 11629.038420918978
46.011428571428574 30.88918367346939 14.961632653061226 8.137755102040817 11733.5478896376
46.179591836734694 31.324897959183673 14.505510204081634 7.990000000000001 11861.563450891916
46.30142857142857 31.767346938775503 14.089795918367345 7.841428571428572 11980.176475334285
46.529591836734696 32.12204081632653 13.636122448979593 7.712244897959184 12116.65619853512
46.71448979591836 32.52448979591836 13.238163265306124 7.522857142857144 12259.501113362856
46.852653061224494 32.821020408163264 12.899591836734695 7.426734693877552 12360.877067293624
47.02897959183673 33.06979591836735 12.606326530612243 7.294897959183673 12473.93837874441
47.17448979591837 33.212857142857146 12.403673469387755 7.208979591836734 12555.378185927215
47.21142857142856 33.26428571428571 12.33265306122449 7.191632653061224 12577.906009672153
47.16734693877551 33.213469387755104 12.402448979591837 7.2167346938775525 12552.001147611532
47.032040816326536 33.07448979591837 12.602653061224489 7.290816326530612 12476.25691923024
46.849591836734696 32.82142857142858 12.90142857142857 7.427551020408164 12359.879327218976
46.72163265306122 32.52 13.24183673469388 7.516530612244898 12261.924721791942
46.53204081632653 32.11755102040816 13.637346938775508 7.713061224489795 12116.596275012118
46.30816326530613 31.75469387755102 14.094693877551023 7.842448979591837 11980.147184665411
46.18387755102041 31.30265306122449 14.508571428571429 8.004897959183674 11857.544907426452
46.02591836734693 30.88591836734694 14.964693877551019 8.123469387755101 11739.057521381856
45.916530612244905 30.44408163265307 15.397551020408166 8.241836734693878 11632.682615311933
45.79714285714286 30.00897959183673 15.839591836734693 8.354285714285714 11527.241930930648
46.67857142857142 29.924285714285716 15.185102040816325 8.212040816326532 11774.31757016532
46.79897959183673 30.38265306122449 14.734489795918368 8.083877551020409 11890.144768578957
46.901224489795915 30.839591836734698 14.295510204081632 7.963673469387755 12001.685134565832
47.06530612244898 31.295510204081634 13.844285714285718 7.794897959183674 12140.52283533239
47.28367346938776 31.72469387755101 13.377142857142854 7.614489795918367 12296.727564746037
47.3895918367347 32.14836734693878 12.981632653061226 7.480408163265306 12414.208948871194
47.51938775510204 32.54530612244898 12.600816326530612 7.334489795918367 12539.120777323129
47.72244897959184 32.858979591836736 12.231632653061224 7.186938775510204 12676.992810334079
47.87 33.12734693877551 11.951836734693877 7.050816326530611 12790.427539617696
48.01755102040816 33.27897959183673 11.751020408163267 6.9524489795918365 12880.229636094084
48.078163265306124 33.32306122448979 11.665918367346938 6.932857142857142 12910.977492740869
48.02244897959183 33.26979591836734 11.751020408163264 6.95673469387755 12879.620235197637
47.87489795918368 33.132244897959175 11.955510204081632 7.03734693877551 12795.036570303504
47.72857142857143 32.847142857142856 12.23408163265306 7.190204081632652 12676.533666545076
47.51877551020407 32.55244897959183 12.604489795918367 7.324285714285714 12541.656215286488
47.39204081632653 32.15530612244898 12.985306122448979 7.467346938775508 12418.047224059588
47.2830612244898 31.739999999999995 13.38081632653061 7.596122448979592 12301.63611760364
47.06775510204081 31.292857142857144 13.843061224489794 7.796326530612244 12140.643156765436
46.90428571428571 30.839387755102038 14.298571428571428 7.957755102040817 12003.390345354688
46.804489795918364 30.377959183673468 14.735714285714286 8.081836734693876 11891.327824493708
46.68938775510204 29.95081632653061 15.187551020408163 8.172244897959184 11786.524394497377
47.555510204081635 29.850204081632658 14.555102040816326 8.039183673469386 12036.886917132175
47.658367346938775 30.343673469387756 14.10081632653061 7.897142857142859 12160.015882469723
47.7465306122449 30.827346938775506 13.673469387755102 7.752653061224487 12280.147762757571
47.92163265306122 31.28142857142857 13.211836734693877 7.585102040816325 12428.472870419218
48.03857142857142 31.738163265306124 12.784489795918367 7.43877551020408 12559.111122502596
48.17877551020408 32.191224489795914 12.379183673469388 7.250816326530611 12706.15081423089
48.296938775510206 32.58448979591837 12.014285714285714 7.104285714285714 12832.700864505012
48.49632653061226 32.90734693877551 11.648163265306124 6.948163265306123 12978.894727919984
48.61428571428571 33.16959183673469 11.376326530612243 6.839795918367347 13081.876528443738
48.842040816326524 33.28959183673469 11.138163265306122 6.730204081632653 13200.182108634806
48.92224489795918 33.34346938775511 11.051224489795919 6.683061224489794 13245.892421727589
48.8395918367347 33.29877551020409 11.139387755102042 6.722244897959184 13202.316063446557
48.61061224489796 33.157551020408164 11.376938775510203 6.854897959183673 13075.976762121298
48.501224489795916 32.919387755102036 11.648775510204079 6.930612244897959 12985.533056131957
48.29734693877551 32.581224489795915 12.01612244897959 7.105306122448979 12832.129557370095
48.18183673469388 32.18469387755103 12.37918367346939 7.2542857142857144 12705.524828929183
48.05020408163265 31.742448979591835 12.785918367346937 7.421428571428571 12566.196930257607
47.918571428571425 31.285306122448986 13.212448979591837 7.5836734693877546 12428.34677623903
47.75142857142857 30.83632653061224 13.671632653061225 7.740612244897958 12284.796686614836
47.66142857142857 30.352857142857143 14.105102040816325 7.880612244897958 12164.725275816527
47.56530612244897 29.8730612244898 14.553877551020411 8.007755102040818 12047.600314712823
48.42897959183674 29.775714285714283 13.941020408163265 7.854285714285714 12312.145554687284
48.5030612244898 30.288163265306125 13.501428571428573 7.707346938775511 12435.790713256045
48.572244897959195 30.794897959183675 13.081428571428571 7.5514285714285725 12560.914024388678
48.742448979591835 31.25081632653061 12.616734693877552 7.390000000000001 12713.865378328308
48.85999999999999 31.728571428571428 12.186326530612245 7.225102040816325 12857.349024547042
48.96285714285714 32.18510204081632 11.799387755102039 7.05265306122449 12996.830364839596
49.137959183673466 32.58020408163265 11.405102040816326 6.876734693877551 13154.327102477579
49.31836734693877 32.911632653061226 11.052448979591835 6.717551020408162 13303.32393050778
49.47489795918367 33.14591836734694 10.76469387755102 6.6144897959183675 13419.436821839176
49.58020408163266 33.323877551020416 10.58530612244898 6.510612244897961 13508.707602645502
49.69102040816327 33.349591836734696 10.48979591836735 6.469591836734696 13561.536162251323
49.584489795918365 33.31183673469387 10.584693877551022 6.518979591836735 13506.547919302511
49.47326530612246 33.156938775510206 10.765306122448981 6.604489795918369 13422.634945419182
49.32265306122449 32.901428571428575 11.056122448979593 6.719795918367348 13302.637723022792
49.134897959183675 32.56816326530612 11.404489795918368 6.892448979591837 13148.467666844665
48.97387755102041 32.17244897959184 11.803673469387753 7.049999999999999 12998.864588970597
48.866734693877554 31.717346938775513 12.191836734693878 7.224081632653062 12857.888839614892
48.7430612244898 31.257755102040818 12.619183673469387 7.380000000000001 12716.802009773772
48.58020408163265 30.81551020408163 13.088163265306122 7.5161224489795915 12572.258413791513
48.50489795918367 30.28367346938775 13.50816326530612 7.703265306122449 12436.295709731783
48.43510204081632 29.775102040816325 13.939795918367349 7.849999999999999 12314.5590759557
49.247959183673466 29.698775510204083 13.377755102040814 7.6755102040816325 12581.65235610698
49.31061224489797 30.241224489795922 12.938163265306121 7.509999999999999 12714.954083446428
49.35530612244898 30.75632653061225 12.516938775510205 7.371428571428572 12836.230653966657
49.53142857142857 31.232040816326528 12.057142857142859 7.1793877551020415 13006.524497390732
49.63979591836735 31.7034693877551 11.63469387755102 7.02204081632653 13151.149652031316
49.7169387755102 32.16346938775511 11.255714285714285 6.863877551020408 13286.11790480632
49.84428571428571 32.59244897959183 10.881632653061224 6.681632653061224 13440.74960980681
50.05 32.899795918367346 10.516122448979592 6.53408163265306 13599.098574037378
50.14551020408163 33.19877551020409 10.270000000000001 6.385714285714286 13718.189199025726
50.32183673469387 33.343061224489794 10.064897959183671 6.270204081632653 13834.421735288222
50.38775510204081 33.38714285714286 9.979795918367348 6.24530612244898 13872.963293271612
50.322857142857146 33.34428571428572 10.066122448979593 6.266734693877551 13835.710816702243
50.14489795918367 33.209591836734695 10.271836734693878 6.373673469387755 13722.261428683447
50.05244897959184 32.91857142857143 10.51734693877551 6.511632653061225 13607.633604745453
49.846122448979585 32.59448979591836 10.8834693877551 6.675918367346939 13442.814541284532
49.72081632653061 32.17857142857143 11.253877551020407 6.84673469387755 13293.182496405416
49.644081632653055 31.710204081632646 11.638367346938773 7.007346938775509 13156.340282028978
49.53448979591836 31.21795918367347 12.057142857142859 7.190408163265307 13003.314518333345
49.362040816326534 30.761836734693876 12.519387755102041 7.35673469387755 12841.781390948378
49.31612244897959 30.242040816326533 12.936938775510207 7.5048979591836735 12717.69316618651
49.2534693877551 29.7065306122449 13.379591836734694 7.660408163265306 12587.017390634232
