0.5376810618447837 1.4417490513121245 0.5376810618347838 1.4417490513121245
0.5376866270794513 1.4416121191853766 0.5376742498701155 1.4416130834544096
0.537594388543281 1.4417172362363062 0.5375666775412781 1.4416491646951923
0.5376731048639708 1.4417675874192493 0.5376868216705722 1.4417533622924366
0.5375915339397749 1.4417560775436393 0.5376417581819206 1.441773956674068
0.5376614500083291 1.4418226791457387 0.5376155939591784 1.4416608890318443
0.537611236993746 1.4418291105816445 0.5375439224120375 1.4416810397738726
0.537589320083667 1.441997358434826 0.5374693910616758 1.4416350437687944
0.5375703109912506 1.4421812773287694 0.5374330620650878 1.4417126380614482
0.5375522106885197 1.442113844186745 0.5374302265381518 1.4416209731227076
0.5375633649207029 1.442096418271257 0.5373167236895077 1.4415007525484482
0.5375295349486954 1.44185449434349 0.5372930908156041 1.4415216962337767
0.5375891191019033 1.4421781799897888 0.5372805602452214 1.4414936534121745
0.5374589608941139 1.4424321407158984 0.5371672088252443 1.4414185949719673
0.5375214649817511 1.4424735187976778 0.5370759224573348 1.4413371993128181
0.5375929674965325 1.4424744108739258 0.5370518449377732 1.441272939827507
0.5375372799751519 1.442621906616003 0.5369121893700521 1.4411343146908455
0.5374710658051336 1.4428980884774083 0.5368573091628169 1.4410069519945468
0.5374524760629988 1.4431582605396889 0.5366965413894446 1.4409883042978748
0.5375722737303542 1.4431753356099917 0.5366197317981368 1.440852104288894
0.537503036968386 1.4432567218714834 0.5364937453237645 1.4408284900994295
0.53754742534925 1.4434251920992056 0.5364724707977756 1.4406786739905335
0.5376308546470222 1.443398595387962 0.536322948257386 1.4407811461902718
0.5375633388514001 1.443773755384996 0.5362455312174932 1.4404321016699557
0.5375459720193968 1.4439250751074437 0.5361514609492336 1.4403122734292555
0.5376381417755769 1.4442276073249654 0.5361078702052198 1.4400549467568167
0.5375877575393522 1.443981200851964 0.5360661521221232 1.4401610241879332
0.5375638625472515 1.444068061189931 0.5359895052543586 1.4399539467906604
0.5376263447844973 1.444220277817351 0.5359303362308337 1.4398888211023029
0.5376107665491142 1.4442868909186963 0.5359316256795781 1.4397607485988932
0.5376364213681182 1.444471736248967 0.535883041624084 1.4398640433932328
0.5377511139403975 1.4444070776634315 0.5358392372775789 1.439822622972974
0.5376781285103716 1.4448250706177295 0.5357468318946579 1.4396307900037923
0.5376234315016223 1.444403297615858 0.5358052331397637 1.4398807100849622
0.5376244117832606 1.4446348741841704 0.5357909079975383 1.439840170868834
0.5376490712505584 1.4446249072512813 0.5357692551351411 1.4398811784220749
0.5376452324654708 1.444583641032742 0.5358632597202281 1.4397581198030869
0.5376154006656013 1.4443513211611059 0.5358972622444392 1.4398705056138346
0.537515903301709 1.4445160335949148 0.5358727495383614 1.439818462097671
0.5376148093937202 1.4442062640071516 0.5359740552656639 1.440058938964261
0.5375582962750926 1.4440153355222367 0.5360247725479229 1.4401491367783348
0.5375873707103495 1.4439622255578823 0.5360133436107002 1.4404269339893623
0.5374475425987165 1.4438291678368553 0.5362022636859954 1.4404761243779562
0.5375046855456835 1.4435210145960464 0.536227882571461 1.4409634608297428
0.5373016539377081 1.4433004607047626 0.5362503299564154 1.4409778291185393
0.5372642035575033 1.44337534926189 0.5363819911436909 1.4411175189527494
0.5371786021367055 1.4429522061403621 0.536615979770305 1.44120758785042
0.5370996185530184 1.4430119150683134 0.5365669953078596 1.4412823097694036
0.5370330706178841 1.4427692523033535 0.5367168263768978 1.4415915214409474
0.5369792776413643 1.4419431770690263 0.5367672700688029 1.4419458604815383
0.5368092785343902 1.44207394891137 0.5368092785343902 1.44207394891137
0.5368445713508154 1.4419622019485792 0.5369754297034884 1.4420350341369128
0.5366987814757865 1.4415815517390476 0.537031194617874 1.4427923843023223
0.5366038871059208 1.441287989701771 0.5370990541611261 1.4429463376696996
0.5365441699167164 1.4411545402163062 0.5371618744744839 1.4429839503218163
0.5364344092006857 1.441087400011695 0.5372501096775146 1.443207167067145
0.5362758337705451 1.4409804427074164 0.5373525132144056 1.4433346879337592
0.5361757363880578 1.4409039480867125 0.5374615967038854 1.4435584888790052
0.536245695958879 1.4405639815761246 0.5374422718088402 1.4438828949873963
0.535980190175064 1.4404248295726778 0.5375765569688059 1.4440053213613737
0.5360273441629236 1.4401668130095115 0.5375575375737077 1.444018062375672
0.5359836308024831 1.4400510083662221 0.5376494584149756 1.4442735000840856
0.5358725833756564 1.4397838790296913 0.5375855072047532 1.444514421666292
0.5358657440300908 1.4398848961488737 0.5376738326852595 1.4443053591043489
0.5358277510638406 1.4397396820192834 0.5376497778238867 1.4446271334935812
0.535793143687882 1.4398063537125065 0.5376479967742349 1.4445079811061774
0.5357684238185225 1.4396712363041302 0.5377016140956153 1.4445043929879477
0.535798408184278 1.4398460303512661 0.5376457152206584 1.4443780363279195
0.5357265364282605 1.439556263224875 0.5376736242469224 1.444765125606535
0.5357914849528618 1.4398442683271735 0.5376889026098051 1.4444755280233395
0.5358818636465053 1.439883264815499 0.5376582460144549 1.4445174381611998
0.5359720643035892 1.4398673410910172 0.5375866437712622 1.4442687020314668
0.5359275922909645 1.439900383151608 0.5376009634991213 1.4441638957480571
0.5359723798789126 1.4401572067694566 0.5376105600325578 1.4441874829153483
0.536062535030039 1.4400989240778201 0.5376082065111479 1.444021899479712
0.5360684482674595 1.4400588066301163 0.5376242094564994 1.444182428937772
0.5361548049762141 1.440272742655377 0.5374983880320184 1.443946241480049
0.5362828083526153 1.440432501560542 0.5375340904429359 1.4437823306109918
0.536337109902622 1.4407854680339331 0.5376168607409394 1.4433666548370951
0.5364424725579693 1.4407266636404412 0.5375450054298422 1.443433797209499
0.5365412490658873 1.4408066505260708 0.537554508673591 1.4433219688474288
0.536609408686007 1.4408206958177732 0.5375616783173331 1.4431868410775783
0.5366371804640393 1.4410063518653442 0.5374879764593279 1.4431698317356099
0.5367728093166643 1.4410302218893527 0.5374137151397239 1.4429830269575827
0.53689953854191 1.4411564594437032 0.5375085151799797 1.4426505557429885
0.537026830043098 1.4413913132786516 0.5375805286985436 1.4424622012650488
0.5370687348841118 1.4413381669373428 0.5375186725993203 1.4424741201343334
0.5371765286388044 1.441419673215545 0.537477192295571 1.442462124809573
0.5372688096111214 1.4415047629131434 0.5375677090519916 1.4421569868386865
0.5372935176195144 1.4414865365770861 0.5375408875723178 1.441881959316711
0.5373272224553763 1.4415294367652167 0.5375590643664918 1.4420974012969339
0.5374379658585094 1.4416304791075756 0.537530769763889 1.4420947111333011
0.5374321666340879 1.4416927781292481 0.5375702708402504 1.4421820783885575
0.5374625970593546 1.4416011549206744 0.5376066086836359 1.4419865514847041
0.5375352717289202 1.4416966198946692 0.53763506115064 1.441872429069411
0.5376078384899594 1.4416571069909634 0.537671572156219 1.4417933288624374
0.5376398830939397 1.441773114975971 0.5375956457098848 1.4417257764466425
0.5376859343101722 1.4418666035253365 0.5376719989239808 1.4417755425693493
0.5375777701942781 1.4416580831361827 0.53759258175938 1.441718630181415
0.5376477470418947 1.4416471865941676 0.5376698740563391 1.4416056917513667
0.5376819603327938 1.4417561532219347 0.5376819603327938 1.4417561532219347