0
.0429461900
.0858923800
.1288385700
.1717847600
.2147309500
.2576771400
.3006233300
.3435695200
.3865157100
.4294619000
.4724080900
.5153542800
.5583004700
.6012466600
.6441928500
.6871390400
.7300852300
.7730314200
.8159776100
.8589238000
.9018699900
.9448161800
.9877623700
1.0307085600
1.0736547500
1.1166009400
1.1595471300
1.2024933200
1.2454395100
1.2883857000
1.3313318900
1.3742780800
1.4172242700
1.4601704600
1.5031166500
1.5460628400
1.5890090300
1.6319552200
1.6749014100
1.7178476000
1.7607937900
1.8037399800
1.8466861700
1.8896323600
1.9325785500
1.9755247400
2.0184709300
2.0614171200
2.1043633100
2.1473095000
2.1902556900
2.2332018800
2.2761480700
2.3190942600
2.3620404500
2.4049866400
2.4479328300
2.4908790200
2.5338252100
2.5767714000
2.6197175900
2.6626637800
2.7056099700
2.7485561600
2.7915023500
2.8344485400
2.8773947300
2.9203409200
2.9632871100
3.0062333000
3.0491794900
3.0921256800
3.1350718700
3.1780180600
3.2209642500
3.2639104400
3.3068566300
3.3498028200
3.3927490100
3.4356952000
3.4786413900
3.5215875800
3.5645337700
3.6074799600
3.6504261500
3.6933723400
3.7363185300
3.7792647200
3.8222109100
3.8651571000
3.9081032900
3.9510494800
3.9939956700
4.0369418600
4.0798880500
4.1228342400
4.1657804300
4.2087266200
4.2516728100
4.2946190000