0.2526730097464161 0.747326990253584 0.25267300974641627 0.747326990253584
0.2526696835312121 0.7473306650184222 0.2526696976395313 0.7473299538108346
0.2526597136071542 0.7473430678030266 0.2526598261487616 0.7473373924410578
0.2526431724899575 0.7473661639660245 0.25264354512340875 0.7473471184206095
0.2526202117545097 0.7474017528372321 0.25262107196398015 0.7473569634442782
0.252591063879581 0.7474514218691544 0.252592687352893 0.7473648268983718
0.2525560415119636 0.7475165090055597 0.2525587310426814 0.7473687184397955
0.25251551781284026 0.7475980955566269 0.2525195892763604 0.7473667973541727
0.252469979965148 0.7476968956759722 0.2524757068593906 0.7473574174994894
0.2524199778017301 0.7478133146199832 0.25242760251543295 0.747339105062854
0.25236609568111273 0.7479474427935067 0.25237579472554716 0.7473106667998337
0.2523089859797929 0.7480990043229074 0.25232085359914685 0.7472711560981529
0.2522493654392305 0.7482673584872903 0.25226337157211 0.7472199045013694
0.2521879128707308 0.7484515873698102 0.25220398955620704 0.7471565102032521
0.25212538571202314 0.7486504095273192 0.2521433600512316 0.7470808447094264
0.2520625301471585 0.7488622001268871 0.25208209271738796 0.7469931770085667
0.2520000682519271 0.7490851180819738 0.25202085321389683 0.7468939604522024
0.25193869652930784 0.7493170557721728 0.2519602805080818 0.7467839671904377
0.25187906865316245 0.7495556933846181 0.2519009945735392 0.7466642433886804
0.2518217828566839 0.7497985321425861 0.25184358791824946 0.7465360970824807
0.25176737076830746 0.7500429320767584 0.25178861632024346 0.7464010808346908
0.2517163403809862 0.7502861056192244 0.2517365981972691 0.7462609558025204
0.25166896446818166 0.7505253373403252 0.25168797928164865 0.7461177189098446
0.25162557495948623 0.750757754913933 0.25164314442123986 0.745973525705341
0.2515863767871039 0.750980531156987 0.25160242705918284 0.7458306649967263
0.251551482797878 0.7511908958289897 0.2515660775920198 0.7456915437811126
0.2515209210405556 0.7513861604932847 0.2515342691107103 0.7455586493554495
0.25149463263712335 0.7515637743359269 0.2515070971664081 0.745434495860542
0.2514725067881264 0.7517212931080913 0.25148457133004176 0.7453216287737405
0.25145436486802003 0.7518564643299945 0.2514666148589563 0.7452225559430293
0.2514399636659051 0.751967272751275 0.251453092584635 0.7451396709981851
0.2514290261290745 0.7520519205557153 0.25144378753777163 0.7450752657774387
0.2514212437363549 0.7521088656796142 0.2514384183417421 0.745031472242289
0.2514162881681602 0.7521368454646921 0.25143664533053595 0.7450102210366121
0.25141382147573377 0.7521348947152267 0.25143808110404803 0.7450132027049918
0.2514135049629615 0.7521023617841532 0.25144230012367896 0.7450418331292062
0.2514150068908405 0.7520389216419363 0.25144885084053725 0.7450972206266862
0.25141800922271296 0.7519445864387304 0.25145726656413164 0.7451801377744252
0.25142221184238533 0.7518197114557509 0.25146707793542883 0.7452909987664349
0.2514273369222945 0.7516650014542867 0.2514778228198448 0.745429838803574
0.25143311186750505 0.7514815044441223 0.2514890243934552 0.7455963592949175
0.2514393517432393 0.7512705834743257 0.2515003243878514 0.7457897403945837
0.251445805933184 0.7510340209846503 0.2515113297221309 0.7460088433600349
0.2514522960840947 0.7507738391337853 0.25152169286969156 0.7462521719124287
0.2514586499569658 0.7504923832935747 0.25153112250568027 0.7465178442437794
0.25146471147156435 0.7501922772277085 0.2515393752139301 0.7468036360867972
0.25147036921857124 0.7498763562881634 0.25154631509634384 0.7471069593969215
0.2514753995318088 0.7495477886163635 0.25155167551162677 0.7474251363402011
0.251479768691297 0.7492097739567346 0.25155541809153814 0.7477550392604304
0.25148334128230965 0.7488657107001722 0.25155748410634604 0.7480934639111723
0.2514860209372996 0.7485190714286007 0.2515578526740578 0.748437054960042
0.2514877264503782 0.748173360106888 0.25155653748234 0.7487823759603939
0.25148839638025333 0.7478320635013711 0.25155358133613875 0.7491259587822371
0.25148799276655814 0.7474985954221784 0.2515490539147696 0.7494643578964939
0.2514865066588259 0.7471762285945425 0.25154307455407776 0.749794190192554
0.2514839012501409 0.7468681701064073 0.25153567122452636 0.7501122574189256
0.2514803601975953 0.7465771821410631 0.2515270729830051 0.7504153846783368
0.2514759315644603 0.7463059453201777 0.25151740617221097 0.750700716943151
0.2514707669134897 0.7460567803849112 0.251506851632022 0.7509656010695772
0.251465064539412 0.7458316717323202 0.2514956141961648 0.7512076495321032
0.2514590777524595 0.7456322150448741 0.25148391479315557 0.751424792409511
0.2514531078329764 0.74545965163328 0.2514720532002079 0.751615187333536
0.2514474243540027 0.7453149006474877 0.2514602707365925 0.7517774042619172
0.25144242093320057 0.7451983557319868 0.251448903119948 0.7519103202148647
0.2514384828582175 0.7451100715239375 0.25143829715793786 0.7520131484599073
0.25143601089509154 0.7450497152464303 0.2514288274150226 0.7520854464434558
0.2514354123089747 0.7450165879709931 0.2514208911024959 0.7521271086175364
0.25143708931401954 0.7450096433355793 0.2514149034307334 0.7521383639196679
0.2514414288796104 0.7450275174262238 0.251411290056491 0.752119763637675
0.25144879155588123 0.7450685576906163 0.2514104790748288 0.7520721716786738
0.25145950091673763 0.7451308603783094 0.2514128903253134 0.7519967483796397
0.2514738348142782 0.7452123055452077 0.25141892558625595 0.7518949340542582
0.25149201728087844 0.7453106018492601 0.25142895477179844 0.7517684260980633
0.25151420200762564 0.745423341954832 0.25144331312745993 0.7516191429100826
0.2515404945988769 0.7455479926003604 0.25146226896767643 0.7514492438330864
0.25157092429678257 0.7456819699757377 0.2514860195743035 0.7512610861531763
0.25160544341737595 0.7458227114099846 0.2515147051913111 0.7510571399813286
0.25164393475205554 0.7459676724318303 0.25154837255579204 0.7508400202603224
0.25168621003695407 0.7461143771839632 0.2515869770656904 0.7506124357133924
0.2517320054248081 0.7462604651405227 0.2516303718349086 0.7503771575997609
0.2517810089894648 0.746403698240343 0.2516782744392064 0.7501370183309859
0.25183285248153325 0.7465419969700857 0.25173044939809053 0.7498947011502908
0.2518870966911705 0.7466735125318325 0.25178641438428134 0.749652976392716
0.2519432663503561 0.7467966036938906 0.25184565041135565 0.7494144795443978
0.25200084935683975 0.7469098739592802 0.25190755896990236 0.7491817177139777
0.2520593045515091 0.7470121900392219 0.2519714722574606 0.7489570331518086
0.2521180693693234 0.7471026957805845 0.2520366664514506 0.7487425683986415
0.2521765506760701 0.7471808569800489 0.2521023785296802 0.748540213814201
0.2522342066618166 0.7472463305829 0.25216780898478364 0.7483516537704998
0.25229044644586407 0.7472991758896097 0.25223213537735395 0.7481782422871724
0.25234468413056677 0.7473397342229182 0.25229460276396026 0.7480209788825549
0.2523963739258174 0.7473686213713868 0.25235440889203226 0.7478805958107637
0.25244498407077687 0.7473867405585952 0.2524108087797778 0.7477574665908503
0.2524900247474523 0.7473952519180073 0.25246311891150586 0.7476516044230347
0.2525309954967773 0.7473956064829071 0.25251068618911143 0.7475627118312043
0.25256745897355404 0.747389439547958 0.2525529180161952 0.7474901834622929
0.25259902526471867 0.7473785922848936 0.25258933550126955 0.7474330469491184
0.25262533928859626 0.7473650681820615 0.25261952195377047 0.747390070575572
0.25264609337926347 0.7473509923686443 0.25264314439619723 0.7473597698558951
0.25266103131264106 0.747338570138192 0.25265995571161004 0.7473404428375572
0.2526699531147052 0.7473300394203498 0.25266979534227557 0.7473302121226697