12.8261 20.1623 20.761 -6.63419 
14.9836 21.4353 20.761 -6.63508 
17.141 22.7082 20.761 -6.63603 
10.6924 16.3844 20.761 -6.63268 
12.8498 17.6574 20.761 -6.63348 
15.0073 18.9304 20.761 -6.63435 
17.1647 20.2034 20.761 -6.6353 
19.3221 21.4763 20.761 -6.63629 
21.4796 22.7493 20.761 -6.63733 
8.55865 12.6066 20.761 -6.63138 
10.7161 13.8795 20.761 -6.63206 
12.8735 15.1525 20.761 -6.63283 
15.031 16.4255 20.761 -6.63369 
17.1884 17.6985 20.761 -6.63461 
19.3459 18.9714 20.761 -6.6356 
21.5033 20.2444 20.761 -6.63664 
23.6607 21.5174 20.761 -6.6377 
25.8182 22.7904 20.761 -6.63879 
6.42491 8.8287 20.761 -6.63035 
8.58235 10.1017 20.761 -6.63088 
10.7398 11.3747 20.761 -6.63152 
12.8972 12.6476 20.761 -6.63226 
15.0547 13.9206 20.761 -6.63308 
17.2121 15.1936 20.761 -6.63399 
19.3696 16.4666 20.761 -6.63496 
21.527 17.7395 20.761 -6.63599 
23.6845 19.0125 20.761 -6.63705 
25.8419 20.2855 20.761 -6.63815 
27.9993 21.5585 20.761 -6.63925 
30.1568 22.8314 20.761 -6.64036 
4.29118 5.05084 20.761 -6.62963 
6.44862 6.32382 20.761 -6.63 
8.60606 7.59679 20.761 -6.63048 
10.7635 8.86977 20.761 -6.63107 
12.9209 10.1427 20.761 -6.63177 
15.0784 11.4157 20.761 -6.63256 
17.2358 12.6887 20.761 -6.63343 
19.3933 13.9617 20.761 -6.63438 
21.5507 15.2346 20.761 -6.63539 
23.7082 16.5076 20.761 -6.63644 
25.8656 17.7806 20.761 -6.63753 
28.023 19.0536 20.761 -6.63865 
30.1805 20.3265 20.761 -6.63976 
32.3379 21.5995 20.761 -6.64087 
34.4954 22.8725 20.761 -6.64196 
0 0 20.761 -6.62921 
2.15744 1.27298 20.761 -6.62927 
4.31488 2.54595 20.761 -6.62945 
6.47233 3.81893 20.761 -6.62976 
8.62977 5.0919 20.761 -6.63018 
10.7872 6.36488 20.761 -6.63072 
12.9447 7.63785 20.761 -6.63137 
15.1021 8.91083 20.761 -6.63212 
17.2595 10.1838 20.761 -6.63295 
19.417 11.4568 20.761 -6.63387 
21.5744 12.7298 20.761 -6.63485 
23.7319 14.0027 20.761 -6.63589 
25.8893 15.2757 20.761 -6.63696 
28.0468 16.5487 20.761 -6.63807 
30.2042 17.8217 20.761 -6.63919 
32.3616 19.0946 20.761 -6.64031 
34.5191 20.3676 20.761 -6.64141 
36.6765 21.6406 20.761 -6.64249 
38.834 22.9136 20.761 -6.64353 
4.33859 0.0410637 20.761 -6.62939 
6.49604 1.31404 20.761 -6.62963 
8.65348 2.58702 20.761 -6.63 
10.8109 3.85999 20.761 -6.63048 
12.9684 5.13297 20.761 -6.63107 
15.1258 6.40594 20.761 -6.63177 
17.2832 7.67892 20.761 -6.63256 
19.4407 8.95189 20.761 -6.63343 
21.5981 10.2249 20.761 -6.63438 
23.7556 11.4978 20.761 -6.63539 
25.913 12.7708 20.761 -6.63645 
28.0705 14.0438 20.761 -6.63754 
30.2279 15.3168 20.761 -6.63865 
32.3853 16.5897 20.761 -6.63977 
34.5428 17.8627 20.761 -6.64088 
36.7002 19.1357 20.761 -6.64197 
38.8577 20.4087 20.761 -6.64303 
41.0151 21.6817 20.761 -6.64404 
8.67719 0.0821275 20.761 -6.62993 
10.8346 1.3551 20.761 -6.63035 
12.9921 2.62808 20.761 -6.63088 
15.1495 3.90105 20.761 -6.63152 
17.307 5.17403 20.761 -6.63226 
19.4644 6.44701 20.761 -6.63309 
21.6218 7.71998 20.761 -6.63399 
23.7793 8.99296 20.761 -6.63497 
25.9367 10.2659 20.761 -6.636 
28.0942 11.5389 20.761 -6.63706 
30.2516 12.8119 20.761 -6.63816 
32.4091 14.0849 20.761 -6.63927 
34.5665 15.3578 20.761 -6.64038 
36.7239 16.6308 20.761 -6.64147 
38.8814 17.9038 20.761 -6.64254 
41.0388 19.1768 20.761 -6.64357 
43.1963 20.4497 20.761 -6.64454 
45.3537 21.7227 20.761 -6.64546 
13.0158 0.123191 20.761 -6.6308 
15.1732 1.39617 20.761 -6.63138 
17.3307 2.66914 20.761 -6.63206 
19.4881 3.94212 20.761 -6.63284 
21.6455 5.21509 20.761 -6.63369 
23.803 6.48807 20.761 -6.63462 
25.9604 7.76105 20.761 -6.63561 
28.1179 9.03402 20.761 -6.63665 
30.2753 10.307 20.761 -6.63772 
32.4328 11.58 20.761 -6.63881 
34.5902 12.8529 20.761 -6.63991 
36.7476 14.1259 20.761 -6.641 
38.9051 15.3989 20.761 -6.64207 
41.0625 16.6719 20.761 -6.6431 
43.22 17.9449 20.761 -6.64409 
45.3774 19.2178 20.761 -6.64502 
47.5349 20.4908 20.761 -6.64589 
49.6923 21.7638 20.761 -6.64668 
17.3544 0.164255 20.761 -6.63197 
19.5118 1.43723 20.761 -6.63268 
21.6693 2.71021 20.761 -6.63349 
23.8267 3.98318 20.761 -6.63437 
25.9841 5.25616 20.761 -6.63531 
28.1416 6.52913 20.761 -6.63631 
30.299 7.80211 20.761 -6.63735 
32.4565 9.07509 20.761 -6.63841 
34.6139 10.3481 20.761 -6.63949 
36.7714 11.621 20.761 -6.64056 
38.9288 12.894 20.761 -6.64162 
41.0862 14.167 20.761 -6.64266 
43.2437 15.44 20.761 -6.64365 
45.4011 16.7129 20.761 -6.64459 
47.5586 17.9859 20.761 -6.64547 
49.716 19.2589 20.761 -6.64628 
51.8735 20.5319 20.761 -6.64702 
54.0309 21.8048 20.761 -6.64767 
21.693 0.205319 20.761 -6.63338 
23.8504 1.47829 20.761 -6.6342 
26.0078 2.75127 20.761 -6.63509 
28.1653 4.02425 20.761 -6.63605 
30.3227 5.29722 20.761 -6.63704 
32.4802 6.5702 20.761 -6.63807 
34.6376 7.84317 20.761 -6.63912 
36.7951 9.11615 20.761 -6.64017 
38.9525 10.3891 20.761 -6.64122 
41.1099 11.6621 20.761 -6.64224 
43.2674 12.9351 20.761 -6.64323 
45.4248 14.2081 20.761 -6.64417 
47.5823 15.481 20.761 -6.64506 
49.7397 16.754 20.761 -6.64588 
51.8972 18.027 20.761 -6.64663 
54.0546 19.3 20.761 -6.6473 
56.212 20.5729 20.761 -6.64788 
58.3695 21.8459 20.761 -6.64838 
26.0316 0.246382 20.761 -6.63497 
28.189 1.51936 20.761 -6.63586 
30.3464 2.79233 20.761 -6.63681 
32.5039 4.06531 20.761 -6.6378 
34.6613 5.33829 20.761 -6.63881 
36.8188 6.61126 20.761 -6.63983 
38.9762 7.88424 20.761 -6.64085 
41.1337 9.15721 20.761 -6.64186 
43.2911 10.4302 20.761 -6.64284 
45.4485 11.7032 20.761 -6.64377 
47.606 12.9761 20.761 -6.64466 
49.7634 14.2491 20.761 -6.64549 
51.9209 15.5221 20.761 -6.64624 
54.0783 16.7951 20.761 -6.64692 
56.2358 18.068 20.761 -6.64752 
58.3932 19.341 20.761 -6.64803 
60.5506 20.614 20.761 -6.64846 
62.7081 21.887 20.761 -6.6488 
30.3702 0.287446 20.761 -6.63667 
32.5276 1.56042 20.761 -6.63761 
34.685 2.8334 20.761 -6.63857 
36.8425 4.10637 20.761 -6.63956 
38.9999 5.37935 20.761 -6.64055 
41.1574 6.65232 20.761 -6.64153 
43.3148 7.9253 20.761 -6.64248 
45.4722 9.19828 20.761 -6.64341 
47.6297 10.4713 20.761 -6.64428 
49.7871 11.7442 20.761 -6.6451 
51.9446 13.0172 20.761 -6.64586 
54.102 14.2902 20.761 -6.64655 
56.2595 15.5632 20.761 -6.64715 
58.4169 16.8361 20.761 -6.64767 
60.5743 18.1091 20.761 -6.64811 
62.7318 19.3821 20.761 -6.64846 
64.8892 20.6551 20.761 -6.64872 
67.0467 21.928 20.761 -6.6489 
34.7087 0.32851 20.761 -6.63841 
36.8662 1.60149 20.761 -6.63935 
39.0236 2.87446 20.761 -6.6403 
41.1811 4.14744 20.761 -6.64125 
43.3385 5.42041 20.761 -6.64218 
45.496 6.69339 20.761 -6.64308 
47.6534 7.96636 20.761 -6.64394 
49.8108 9.23934 20.761 -6.64475 
51.9683 10.5123 20.761 -6.6455 
54.1257 11.7853 20.761 -6.64618 
56.2832 13.0583 20.761 -6.64678 
58.4406 14.3312 20.761 -6.64731 
60.5981 15.6042 20.761 -6.64775 
62.7555 16.8772 20.761 -6.64811 
64.9129 18.1502 20.761 -6.64838 
67.0704 19.4231 20.761 -6.64856 
69.2278 20.6961 20.761 -6.64866 
71.3853 21.9691 20.761 -6.64868 
39.0473 0.369574 20.761 -6.64012 
41.2048 1.64255 20.761 -6.64102 
43.3622 2.91553 20.761 -6.64192 
45.5197 4.1885 20.761 -6.64279 
47.6771 5.46148 20.761 -6.64363 
49.8345 6.73445 20.761 -6.64442 
51.992 8.00743 20.761 -6.64516 
54.1494 9.2804 20.761 -6.64583 
56.3069 10.5534 20.761 -6.64643 
58.4643 11.8264 20.761 -6.64695 
60.6218 13.0993 20.761 -6.6474 
62.7792 14.3723 20.761 -6.64775 
64.9366 15.6453 20.761 -6.64802 
67.0941 16.9183 20.761 -6.64821 
69.2515 18.1912 20.761 -6.64831 
71.409 19.4642 20.761 -6.64834 
73.5664 20.7372 20.761 -6.64828 
75.7239 22.0102 20.761 -6.64815 
43.3859 0.410637 20.761 -6.64172 
45.5434 1.68361 20.761 -6.64256 
47.7008 2.95659 20.761 -6.64337 
49.8583 4.22956 20.761 -6.64413 
52.0157 5.50254 20.761 -6.64485 
54.1731 6.77552 20.761 -6.64551 
56.3306 8.04849 20.761 -6.6461 
58.488 9.32147 20.761 -6.64661 
60.6455 10.5944 20.761 -6.64705 
62.8029 11.8674 20.761 -6.6474 
64.9604 13.1404 20.761 -6.64767 
67.1178 14.4134 20.761 -6.64786 
69.2752 15.6863 20.761 -6.64796 
71.4327 16.9593 20.761 -6.64798 
73.5901 18.2323 20.761 -6.64792 
75.7476 19.5053 20.761 -6.64779 
77.905 20.7782 20.761 -6.6476 
47.7245 0.451701 20.761 -6.64315 
49.882 1.72468 20.761 -6.64389 
52.0394 2.99765 20.761 -6.64458 
54.1968 4.27063 20.761 -6.64522 
56.3543 5.5436 20.761 -6.64579 
58.5117 6.81658 20.761 -6.64629 
60.6692 8.08956 20.761 -6.64672 
62.8266 9.36253 20.761 -6.64706 
64.9841 10.6355 20.761 -6.64732 
67.1415 11.9085 20.761 -6.6475 
69.2989 13.1815 20.761 -6.6476 
71.4564 14.4544 20.761 -6.64762 
73.6138 15.7274 20.761 -6.64755 
75.7713 17.0004 20.761 -6.64742 
52.0631 0.492765 20.761 -6.64436 
54.2206 1.76574 20.761 -6.64496 
56.378 3.03872 20.761 -6.64551 
58.5354 4.31169 20.761 -6.646 
60.6929 5.58467 20.761 -6.64641 
62.8503 6.85764 20.761 -6.64674 
65.0078 8.13062 20.761 -6.64699 
67.1652 9.4036 20.761 -6.64716 
69.3227 10.6766 20.761 -6.64725 
71.4801 11.9495 20.761 -6.64726 
73.6375 13.2225 20.761 -6.64719 
56.4017 0.533829 20.761 -6.64528 
58.5592 1.8068 20.761 -6.64574 
60.7166 3.07978 20.761 -6.64613 
62.874 4.35276 20.761 -6.64645 
65.0315 5.62573 20.761 -6.64668 
67.1889 6.89871 20.761 -6.64684 
69.3464 8.17168 20.761 -6.64691 
71.5038 9.44466 20.761 -6.64691 
60.7403 0.574892 20.761 -6.64589 
62.8977 1.84787 20.761 -6.64618 
65.0552 3.12084 20.761 -6.6464 
67.2126 4.39382 20.761 -6.64654 
69.3701 5.6668 20.761 -6.6466 
65.0789 0.615956 20.761 -6.64616 
67.2363 1.88893 20.761 -6.64628 
25.6285 42.8295 20.761 -6.64381 
27.786 44.1025 20.761 -6.6445 
29.9434 45.3754 20.761 -6.64512 
23.4948 39.0516 20.761 -6.64249 
25.6522 40.3246 20.761 -6.64329 
27.8097 41.5976 20.761 -6.64405 
29.9671 42.8705 20.761 -6.64476 
32.1246 44.1435 20.761 -6.64541 
34.282 45.4165 20.761 -6.64598 
21.3611 35.2737 20.761 -6.64097 
23.5185 36.5467 20.761 -6.64186 
25.6759 37.8197 20.761 -6.64273 
27.8334 39.0927 20.761 -6.64356 
29.9908 40.3657 20.761 -6.64434 
32.1483 41.6386 20.761 -6.64507 
34.3057 42.9116 20.761 -6.64573 
36.4631 44.1846 20.761 -6.64632 
38.6206 45.4576 20.761 -6.64683 
19.2273 31.4959 20.761 -6.63931 
21.3848 32.7689 20.761 -6.64025 
23.5422 34.0418 20.761 -6.64119 
25.6996 35.3148 20.761 -6.64212 
27.8571 36.5878 20.761 -6.64301 
30.0145 37.8608 20.761 -6.64386 
32.172 39.1337 20.761 -6.64466 
34.3294 40.4067 20.761 -6.6454 
36.4869 41.6797 20.761 -6.64608 
38.6443 42.9527 20.761 -6.64667 
40.8017 44.2256 20.761 -6.64719 
42.9592 45.4986 20.761 -6.64762 
17.0936 27.718 20.761 -6.63758 
19.251 28.991 20.761 -6.63854 
21.4085 30.264 20.761 -6.63952 
23.5659 31.5369 20.761 -6.6405 
25.7234 32.8099 20.761 -6.64147 
27.8808 34.0829 20.761 -6.64242 
30.0382 35.3559 20.761 -6.64334 
32.1957 36.6289 20.761 -6.64421 
34.3531 37.9018 20.761 -6.64502 
36.5106 39.1748 20.761 -6.64577 
38.668 40.4478 20.761 -6.64645 
40.8254 41.7208 20.761 -6.64704 
42.9829 42.9937 20.761 -6.64755 
45.1403 44.2667 20.761 -6.64798 
47.2978 45.5397 20.761 -6.64831 
14.9598 23.9402 20.761 -6.63584 
17.1173 25.2131 20.761 -6.63679 
19.2747 26.4861 20.761 -6.63777 
21.4322 27.7591 20.761 -6.63878 
23.5896 29.0321 20.761 -6.6398 
25.7471 30.305 20.761 -6.64081 
27.9045 31.578 20.761 -6.64181 
30.0619 32.851 20.761 -6.64278 
32.2194 34.124 20.761 -6.64371 
34.3768 35.3969 20.761 -6.64459 
36.5343 36.6699 20.761 -6.64541 
38.6917 37.9429 20.761 -6.64616 
40.8492 39.2159 20.761 -6.64683 
43.0066 40.4888 20.761 -6.64742 
45.164 41.7618 20.761 -6.64792 
47.3215 43.0348 20.761 -6.64834 
49.4789 44.3078 20.761 -6.64866 
51.6364 45.5807 20.761 -6.6489 
19.2984 23.9812 20.761 -6.63702 
21.4559 25.2542 20.761 -6.63804 
23.6133 26.5272 20.761 -6.63909 
25.7708 27.8001 20.761 -6.64014 
27.9282 29.0731 20.761 -6.64117 
30.0857 30.3461 20.761 -6.64219 
32.2431 31.6191 20.761 -6.64318 
34.4005 32.8921 20.761 -6.64411 
36.558 34.165 20.761 -6.645 
38.7154 35.438 20.761 -6.64581 
40.8729 36.711 20.761 -6.64655 
43.0303 37.984 20.761 -6.64721 
45.1877 39.2569 20.761 -6.64779 
47.3452 40.5299 20.761 -6.64828 
49.5026 41.8029 20.761 -6.64868 
51.6601 43.0759 20.761 -6.64899 
53.8175 44.3488 20.761 -6.64921 
55.975 45.6218 20.761 -6.64934 
23.637 24.0223 20.761 -6.63839 
25.7945 25.2953 20.761 -6.63946 
27.9519 26.5682 20.761 -6.64053 
30.1094 27.8412 20.761 -6.64159 
32.2668 29.1142 20.761 -6.64262 
34.4242 30.3872 20.761 -6.6436 
36.5817 31.6601 20.761 -6.64454 
38.7391 32.9331 20.761 -6.64542 
40.8966 34.2061 20.761 -6.64622 
43.054 35.4791 20.761 -6.64695 
45.2115 36.752 20.761 -6.6476 
47.3689 38.025 20.761 -6.64815 
49.5263 39.298 20.761 -6.64862 
51.6838 40.571 20.761 -6.649 
53.8412 41.8439 20.761 -6.64929 
55.9987 43.1169 20.761 -6.64949 
58.1561 44.3899 20.761 -6.64961 
60.3136 45.6629 20.761 -6.64964 
27.9756 24.0633 20.761 -6.63989 
30.1331 25.3363 20.761 -6.64097 
32.2905 26.6093 20.761 -6.64204 
34.448 27.8823 20.761 -6.64307 
36.6054 29.1553 20.761 -6.64405 
38.7628 30.4282 20.761 -6.64498 
40.9203 31.7012 20.761 -6.64584 
43.0777 32.9742 20.761 -6.64663 
45.2352 34.2472 20.761 -6.64734 
47.3926 35.5201 20.761 -6.64796 
49.5501 36.7931 20.761 -6.6485 
51.7075 38.0661 20.761 -6.64894 
53.8649 39.3391 20.761 -6.64929 
56.0224 40.612 20.761 -6.64956 
58.1798 41.885 20.761 -6.64973 
60.3373 43.158 20.761 -6.64982 
62.4947 44.431 20.761 -6.64984 
64.6521 45.7039 20.761 -6.64978 
32.3142 24.1044 20.761 -6.64145 
34.4717 25.3774 20.761 -6.64252 
36.6291 26.6504 20.761 -6.64354 
38.7865 27.9233 20.761 -6.64452 
40.944 29.1963 20.761 -6.64543 
43.1014 30.4693 20.761 -6.64627 
45.2589 31.7423 20.761 -6.64703 
47.4163 33.0152 20.761 -6.64771 
49.5738 34.2882 20.761 -6.64831 
51.7312 35.5612 20.761 -6.64881 
53.8886 36.8342 20.761 -6.64922 
56.0461 38.1071 20.761 -6.64954 
58.2035 39.3801 20.761 -6.64978 
60.361 40.6531 20.761 -6.64992 
62.5184 41.9261 20.761 -6.64999 
64.6759 43.199 20.761 -6.64998 
66.8333 44.472 20.761 -6.64989 
68.9907 45.745 20.761 -6.64975 
36.6528 24.1455 20.761 -6.64302 
38.8103 25.4185 20.761 -6.64403 
40.9677 26.6914 20.761 -6.64498 
43.1251 27.9644 20.761 -6.64587 
45.2826 29.2374 20.761 -6.64668 
47.44 30.5104 20.761 -6.64741 
49.5975 31.7833 20.761 -6.64806 
51.7549 33.0563 20.761 -6.64862 
53.9124 34.3293 20.761 -6.64909 
56.0698 35.6023 20.761 -6.64946 
58.2272 36.8752 20.761 -6.64975 
60.3847 38.1482 20.761 -6.64995 
62.5421 39.4212 20.761 -6.65006 
64.6996 40.6942 20.761 -6.65009 
66.857 41.9671 20.761 -6.65005 
69.0144 43.2401 20.761 -6.64995 
71.1719 44.5131 20.761 -6.64978 
73.3293 45.7861 20.761 -6.64956 
40.9914 24.1865 20.761 -6.64452 
43.1488 25.4595 20.761 -6.64544 
45.3063 26.7325 20.761 -6.6463 
47.4637 28.0055 20.761 -6.64707 
49.6212 29.2784 20.761 -6.64777 
51.7786 30.5514 20.761 -6.64837 
53.9361 31.8244 20.761 -6.64889 
56.0935 33.0974 20.761 -6.64931 
58.2509 34.3703 20.761 -6.64965 
60.4084 35.6433 20.761 -6.64989 
62.5658 36.9163 20.761 -6.65005 
64.7233 38.1893 20.761 -6.65013 
66.8807 39.4622 20.761 -6.65013 
69.0382 40.7352 20.761 -6.65006 
71.1956 42.0082 20.761 -6.64992 
73.353 43.2812 20.761 -6.64973 
75.5105 44.5542 20.761 -6.64949 
77.6679 45.8271 20.761 -6.64921 
43.1726 22.9546 20.761 -6.645 
45.33 24.2276 20.761 -6.64588 
47.4874 25.5006 20.761 -6.6467 
49.6449 26.7736 20.761 -6.64743 
51.8023 28.0465 20.761 -6.64808 
53.9598 29.3195 20.761 -6.64864 
56.1172 30.5925 20.761 -6.64911 
58.2747 31.8655 20.761 -6.64949 
60.4321 33.1384 20.761 -6.64978 
62.5895 34.4114 20.761 -6.64998 
64.747 35.6844 20.761 -6.65009 
66.9044 36.9574 20.761 -6.65013 
69.0619 38.2303 20.761 -6.65009 
71.2193 39.5033 20.761 -6.64999 
73.3767 40.7763 20.761 -6.64982 
75.5342 42.0493 20.761 -6.64961 
77.6916 43.3222 20.761 -6.64934 
79.8491 44.5952 20.761 -6.64905 
47.5111 22.9957 20.761 -6.6463 
49.6686 24.2687 20.761 -6.64707 
51.826 25.5416 20.761 -6.64775 
53.9835 26.8146 20.761 -6.64835 
56.1409 28.0876 20.761 -6.64886 
58.2984 29.3606 20.761 -6.64927 
60.4558 30.6335 20.761 -6.6496 
62.6132 31.9065 20.761 -6.64984 
64.7707 33.1795 20.761 -6.64999 
66.9281 34.4525 20.761 -6.65006 
69.0856 35.7254 20.761 -6.65005 
71.243 36.9984 20.761 -6.64998 
73.4005 38.2714 20.761 -6.64984 
75.5579 39.5444 20.761 -6.64964 
77.7153 40.8174 20.761 -6.6494 
79.8728 42.0903 20.761 -6.64911 
82.0302 43.3633 20.761 -6.6488 
84.1877 44.6363 20.761 -6.64846 
51.8497 23.0368 20.761 -6.64739 
54.0072 24.3097 20.761 -6.64802 
56.1646 25.5827 20.761 -6.64856 
58.3221 26.8557 20.761 -6.64901 
60.4795 28.1287 20.761 -6.64937 
62.637 29.4016 20.761 -6.64964 
64.7944 30.6746 20.761 -6.64982 
66.9518 31.9476 20.761 -6.64992 
69.1093 33.2206 20.761 -6.64995 
71.2667 34.4935 20.761 -6.64989 
73.4242 35.7665 20.761 -6.64978 
75.5816 37.0395 20.761 -6.6496 
77.7391 38.3125 20.761 -6.64937 
79.8965 39.5854 20.761 -6.6491 
82.0539 40.8584 20.761 -6.64879 
84.2114 42.1314 20.761 -6.64846 
86.3688 43.4044 20.761 -6.64811 
88.5263 44.6773 20.761 -6.64775 
56.1883 23.0778 20.761 -6.64823 
58.3458 24.3508 20.761 -6.64871 
60.5032 25.6238 20.761 -6.6491 
62.6607 26.8967 20.761 -6.6494 
64.8181 28.1697 20.761 -6.64961 
66.9755 29.4427 20.761 -6.64973 
69.133 30.7157 20.761 -6.64978 
71.2904 31.9886 20.761 -6.64975 
73.4479 33.2616 20.761 -6.64965 
75.6053 34.5346 20.761 -6.64949 
77.7628 35.8076 20.761 -6.64927 
79.9202 37.0806 20.761 -6.64901 
82.0776 38.3535 20.761 -6.64871 
84.2351 39.6265 20.761 -6.64838 
86.3925 40.8995 20.761 -6.64803 
88.55 42.1725 20.761 -6.64767 
90.7074 43.4454 20.761 -6.64731 
60.5269 23.1189 20.761 -6.64879 
62.6844 24.3919 20.761 -6.64911 
64.8418 25.6648 20.761 -6.64934 
66.9993 26.9378 20.761 -6.64949 
69.1567 28.2108 20.761 -6.64956 
71.3141 29.4838 20.761 -6.64954 
73.4716 30.7567 20.761 -6.64946 
75.629 32.0297 20.761 -6.64931 
77.7865 33.3027 20.761 -6.64911 
79.9439 34.5757 20.761 -6.64886 
82.1014 35.8486 20.761 -6.64856 
84.2588 37.1216 20.761 -6.64823 
86.4162 38.3946 20.761 -6.64788 
88.5737 39.6676 20.761 -6.64752 
64.8655 23.1599 20.761 -6.64905 
67.023 24.4329 20.761 -6.64921 
69.1804 25.7059 20.761 -6.64929 
71.3378 26.9789 20.761 -6.64929 
73.4953 28.2518 20.761 -6.64922 
75.6527 29.5248 20.761 -6.64909 
77.8102 30.7978 20.761 -6.64889 
79.9676 32.0708 20.761 -6.64864 
82.1251 33.3438 20.761 -6.64835 
84.2825 34.6167 20.761 -6.64802 
86.4399 35.8897 20.761 -6.64767 
69.2041 23.201 20.761 -6.64899 
71.3616 24.474 20.761 -6.649 
73.519 25.747 20.761 -6.64894 
75.6764 27.0199 20.761 -6.64881 
77.8339 28.2929 20.761 -6.64862 
79.9913 29.5659 20.761 -6.64837 
82.1488 30.8389 20.761 -6.64808 
84.3062 32.1118 20.761 -6.64775 
73.5427 23.2421 20.761 -6.64862 
75.7001 24.515 20.761 -6.6485 
77.8576 25.788 20.761 -6.64831 
80.015 27.061 20.761 -6.64806 
82.1725 28.334 20.761 -6.64777 
77.8813 23.2831 20.761 -6.64796 
80.0387 24.5561 20.761 -6.64771 
38.4309 65.4967 20.761 -6.64528 
40.5884 66.7696 20.761 -6.64496 
42.7458 68.0426 20.761 -6.64458 
36.2972 61.7188 20.761 -6.64589 
38.4546 62.9918 20.761 -6.64574 
40.6121 64.2647 20.761 -6.64551 
42.7695 65.5377 20.761 -6.64522 
44.927 66.8107 20.761 -6.64485 
47.0844 68.0837 20.761 -6.64442 
34.1635 57.9409 20.761 -6.64616 
36.3209 59.2139 20.761 -6.64618 
38.4783 60.4869 20.761 -6.64613 
40.6358 61.7599 20.761 -6.646 
42.7932 63.0328 20.761 -6.64579 
44.9507 64.3058 20.761 -6.64551 
47.1081 65.5788 20.761 -6.64516 
49.2656 66.8518 20.761 -6.64475 
51.423 68.1247 20.761 -6.64428 
32.0297 54.1631 20.761 -6.64607 
34.1872 55.436 20.761 -6.64628 
36.3446 56.709 20.761 -6.6464 
38.502 57.982 20.761 -6.64645 
40.6595 59.255 20.761 -6.64641 
42.8169 60.5279 20.761 -6.64629 
44.9744 61.8009 20.761 -6.6461 
47.1318 63.0739 20.761 -6.64583 
49.2893 64.3469 20.761 -6.6455 
51.4467 65.6198 20.761 -6.6451 
53.6041 66.8928 20.761 -6.64466 
55.7616 68.1658 20.761 -6.64417 
29.896 50.3852 20.761 -6.64564 
32.0534 51.6582 20.761 -6.64602 
34.2109 52.9312 20.761 -6.64632 
36.3683 54.2041 20.761 -6.64654 
38.5258 55.4771 20.761 -6.64668 
40.6832 56.7501 20.761 -6.64674 
42.8406 58.0231 20.761 -6.64672 
44.9981 59.296 20.761 -6.64661 
47.1555 60.569 20.761 -6.64643 
49.313 61.842 20.761 -6.64618 
51.4704 63.115 20.761 -6.64586 
53.6279 64.3879 20.761 -6.64549 
55.7853 65.6609 20.761 -6.64506 
57.9427 66.9339 20.761 -6.64459 
60.1002 68.2069 20.761 -6.64409 
27.7623 46.6073 20.761 -6.64488 
29.9197 47.8803 20.761 -6.64542 
32.0771 49.1533 20.761 -6.64589 
34.2346 50.4263 20.761 -6.64628 
36.392 51.6992 20.761 -6.6466 
38.5495 52.9722 20.761 -6.64684 
40.7069 54.2452 20.761 -6.64699 
42.8644 55.5182 20.761 -6.64706 
45.0218 56.7911 20.761 -6.64705 
47.1792 58.0641 20.761 -6.64695 
49.3367 59.3371 20.761 -6.64678 
51.4941 60.6101 20.761 -6.64655 
53.6516 61.883 20.761 -6.64624 
55.809 63.156 20.761 -6.64588 
57.9664 64.429 20.761 -6.64547 
60.1239 65.702 20.761 -6.64502 
62.2813 66.975 20.761 -6.64454 
64.4388 68.2479 20.761 -6.64404 
32.1008 46.6484 20.761 -6.64568 
34.2583 47.9214 20.761 -6.64617 
36.4157 49.1944 20.761 -6.64658 
38.5732 50.4673 20.761 -6.64691 
40.7306 51.7403 20.761 -6.64716 
42.8881 53.0133 20.761 -6.64732 
45.0455 54.2863 20.761 -6.6474 
47.2029 55.5592 20.761 -6.6474 
49.3604 56.8322 20.761 -6.64731 
51.5178 58.1052 20.761 -6.64715 
53.6753 59.3782 20.761 -6.64692 
55.8327 60.6511 20.761 -6.64663 
57.9902 61.9241 20.761 -6.64628 
60.1476 63.1971 20.761 -6.64589 
62.305 64.4701 20.761 -6.64546 
64.4625 65.743 20.761 -6.645 
66.6199 67.016 20.761 -6.64452 
68.7774 68.289 20.761 -6.64403 
36.4394 46.6895 20.761 -6.64649 
38.5969 47.9624 20.761 -6.64691 
40.7543 49.2354 20.761 -6.64725 
42.9118 50.5084 20.761 -6.6475 
45.0692 51.7814 20.761 -6.64767 
47.2267 53.0543 20.761 -6.64775 
49.3841 54.3273 20.761 -6.64775 
51.5415 55.6003 20.761 -6.64767 
53.699 56.8733 20.761 -6.64752 
55.8564 58.1462 20.761 -6.6473 
58.0139 59.4192 20.761 -6.64702 
60.1713 60.6922 20.761 -6.64668 
62.3287 61.9652 20.761 -6.6463 
64.4862 63.2382 20.761 -6.64588 
66.6436 64.5111 20.761 -6.64544 
68.8011 65.7841 20.761 -6.64498 
70.9585 67.0571 20.761 -6.64452 
73.116 68.3301 20.761 -6.64405 
40.778 46.7305 20.761 -6.64726 
42.9355 48.0035 20.761 -6.6476 
45.0929 49.2765 20.761 -6.64786 
47.2504 50.5495 20.761 -6.64802 
49.4078 51.8224 20.761 -6.64811 
51.5652 53.0954 20.761 -6.64811 
53.7227 54.3684 20.761 -6.64803 
55.8801 55.6414 20.761 -6.64788 
58.0376 56.9143 20.761 -6.64767 
60.195 58.1873 20.761 -6.64739 
62.3525 59.4603 20.761 -6.64707 
64.5099 60.7333 20.761 -6.6467 
66.6673 62.0062 20.761 -6.6463 
68.8248 63.2792 20.761 -6.64587 
70.9822 64.5522 20.761 -6.64543 
73.1397 65.8252 20.761 -6.64498 
75.2971 67.0981 20.761 -6.64454 
77.4546 68.3711 20.761 -6.64411 
45.1166 46.7716 20.761 -6.64796 
47.2741 48.0446 20.761 -6.64821 
49.4315 49.3175 20.761 -6.64838 
51.589 50.5905 20.761 -6.64846 
53.7464 51.8635 20.761 -6.64846 
55.9038 53.1365 20.761 -6.64838 
58.0613 54.4094 20.761 -6.64823 
60.2187 55.6824 20.761 -6.64802 
62.3762 56.9554 20.761 -6.64775 
64.5336 58.2284 20.761 -6.64743 
66.691 59.5014 20.761 -6.64707 
68.8485 60.7743 20.761 -6.64668 
71.0059 62.0473 20.761 -6.64627 
73.1634 63.3203 20.761 -6.64584 
75.3208 64.5933 20.761 -6.64542 
77.4783 65.8662 20.761 -6.645 
79.6357 67.1392 20.761 -6.64459 
81.7931 68.4122 20.761 -6.64421 
49.4552 46.8127 20.761 -6.64856 
51.6127 48.0856 20.761 -6.64872 
53.7701 49.3586 20.761 -6.6488 
55.9275 50.6316 20.761 -6.64879 
58.085 51.9046 20.761 -6.64871 
60.2424 53.1775 20.761 -6.64856 
62.3999 54.4505 20.761 -6.64835 
64.5573 55.7235 20.761 -6.64808 
66.7148 56.9965 20.761 -6.64777 
68.8722 58.2694 20.761 -6.64741 
71.0296 59.5424 20.761 -6.64703 
73.1871 60.8154 20.761 -6.64663 
75.3445 62.0884 20.761 -6.64622 
77.502 63.3613 20.761 -6.64581 
79.6594 64.6343 20.761 -6.64541 
81.8169 65.9073 20.761 -6.64502 
83.9743 67.1803 20.761 -6.64466 
86.1317 68.4532 20.761 -6.64434 
53.7938 46.8537 20.761 -6.64905 
55.9513 48.1267 20.761 -6.64911 
58.1087 49.3997 20.761 -6.6491 
60.2661 50.6726 20.761 -6.64901 
62.4236 51.9456 20.761 -6.64886 
64.581 53.2186 20.761 -6.64864 
66.7385 54.4916 20.761 -6.64837 
68.8959 55.7646 20.761 -6.64806 
71.0534 57.0375 20.761 -6.64771 
73.2108 58.3105 20.761 -6.64734 
75.3682 59.5835 20.761 -6.64695 
77.5257 60.8565 20.761 -6.64655 
79.6831 62.1294 20.761 -6.64616 
81.8406 63.4024 20.761 -6.64577 
83.998 64.6754 20.761 -6.6454 
86.1554 65.9484 20.761 -6.64507 
88.3129 67.2213 20.761 -6.64476 
90.4703 68.4943 20.761 -6.6445 
58.1324 46.8948 20.761 -6.6494 
60.2898 48.1678 20.761 -6.64937 
62.4473 49.4407 20.761 -6.64927 
64.6047 50.7137 20.761 -6.64911 
66.7622 51.9867 20.761 -6.64889 
68.9196 53.2597 20.761 -6.64862 
71.0771 54.5326 20.761 -6.64831 
73.2345 55.8056 20.761 -6.64796 
75.3919 57.0786 20.761 -6.6476 
77.5494 58.3516 20.761 -6.64721 
79.7068 59.6245 20.761 -6.64683 
81.8643 60.8975 20.761 -6.64645 
84.0217 62.1705 20.761 -6.64608 
86.1792 63.4435 20.761 -6.64573 
88.3366 64.7164 20.761 -6.64541 
90.494 65.9894 20.761 -6.64512 
92.6515 67.2624 20.761 -6.64488 
94.8089 68.5354 20.761 -6.64468 
62.471 46.9358 20.761 -6.6496 
64.6284 48.2088 20.761 -6.64949 
66.7859 49.4818 20.761 -6.64931 
68.9433 50.7548 20.761 -6.64909 
71.1008 52.0278 20.761 -6.64881 
73.2582 53.3007 20.761 -6.6485 
75.4157 54.5737 20.761 -6.64815 
77.5731 55.8467 20.761 -6.64779 
79.7305 57.1197 20.761 -6.64742 
81.888 58.3926 20.761 -6.64704 
84.0454 59.6656 20.761 -6.64667 
86.2029 60.9386 20.761 -6.64632 
88.3603 62.2116 20.761 -6.64598 
90.5177 63.4845 20.761 -6.64568 
92.6752 64.7575 20.761 -6.64542 
94.8326 66.0305 20.761 -6.64519 
96.9901 67.3035 20.761 -6.64501 
99.1475 68.5764 20.761 -6.64488 
66.8096 46.9769 20.761 -6.64965 
68.967 48.2499 20.761 -6.64946 
71.1245 49.5229 20.761 -6.64922 
73.2819 50.7958 20.761 -6.64894 
75.4394 52.0688 20.761 -6.64862 
77.5968 53.3418 20.761 -6.64828 
79.7542 54.6148 20.761 -6.64792 
81.9117 55.8877 20.761 -6.64755 
84.0691 57.1607 20.761 -6.64719 
86.2266 58.4337 20.761 -6.64683 
88.384 59.7067 20.761 -6.64649 
90.5415 60.9796 20.761 -6.64617 
92.6989 62.2526 20.761 -6.64589 
94.8563 63.5256 20.761 -6.64564 
97.0138 64.7986 20.761 -6.64544 
99.1712 66.0715 20.761 -6.64528 
101.329 67.3445 20.761 -6.64516 
103.486 68.6175 20.761 -6.6451 
71.1482 47.018 20.761 -6.64954 
73.3056 48.291 20.761 -6.64929 
75.4631 49.5639 20.761 -6.649 
77.6205 50.8369 20.761 -6.64868 
79.778 52.1099 20.761 -6.64834 
81.9354 53.3829 20.761 -6.64798 
84.0928 54.6558 20.761 -6.64762 
86.2503 55.9288 20.761 -6.64726 
88.4077 57.2018 20.761 -6.64691 
90.5652 58.4748 20.761 -6.64658 
92.7226 59.7477 20.761 -6.64628 
94.88 61.0207 20.761 -6.64602 
97.0375 62.2937 20.761 -6.64579 
99.1949 63.5667 20.761 -6.64561 
101.352 64.8396 20.761 -6.64547 
103.51 66.1126 20.761 -6.64537 
75.4868 47.059 20.761 -6.64929 
77.6442 48.332 20.761 -6.64899 
79.8017 49.605 20.761 -6.64866 
81.9591 50.878 20.761 -6.64831 
84.1165 52.1509 20.761 -6.64796 
86.274 53.4239 20.761 -6.6476 
88.4314 54.6969 20.761 -6.64725 
90.5889 55.9699 20.761 -6.64691 
92.7463 57.2428 20.761 -6.6466 
94.9038 58.5158 20.761 -6.64632 
97.0612 59.7888 20.761 -6.64607 
99.2186 61.0618 20.761 -6.64587 
101.376 62.3347 20.761 -6.6457 
79.8254 47.1001 20.761 -6.6489 
81.9828 48.3731 20.761 -6.64856 
84.1403 49.6461 20.761 -6.64821 
86.2977 50.919 20.761 -6.64786 
88.4551 52.192 20.761 -6.6475 
90.6126 53.465 20.761 -6.64716 
92.77 54.738 20.761 -6.64684 
94.9275 56.0109 20.761 -6.64654 
97.0849 57.2839 20.761 -6.64628 
99.2424 58.5569 20.761 -6.64605 
82.0065 45.8682 20.761 -6.64872 
84.164 47.1412 20.761 -6.64838 
86.3214 48.4141 20.761 -6.64802 
88.4788 49.6871 20.761 -6.64767 
90.6363 50.9601 20.761 -6.64732 
92.7937 52.2331 20.761 -6.64699 
94.9512 53.506 20.761 -6.64668 
97.1086 54.779 20.761 -6.6464 
86.3451 45.9093 20.761 -6.64811 
88.5026 47.1822 20.761 -6.64775 
90.66 48.4552 20.761 -6.6474 
92.8174 49.7282 20.761 -6.64706 
94.9749 51.0012 20.761 -6.64674 
90.6837 45.9503 20.761 -6.6474 
92.8411 47.2233 20.761 -6.64705 
51.2333 88.1638 20.761 -6.63667 
53.3908 89.4368 20.761 -6.63586 
55.5482 90.7098 20.761 -6.63509 
49.0996 84.386 20.761 -6.63841 
51.257 85.659 20.761 -6.63761 
53.4145 86.9319 20.761 -6.63681 
55.5719 88.2049 20.761 -6.63605 
57.7294 89.4779 20.761 -6.63531 
59.8868 90.7509 20.761 -6.63462 
46.9659 80.6081 20.761 -6.64012 
49.1233 81.8811 20.761 -6.63935 
51.2807 83.1541 20.761 -6.63857 
53.4382 84.427 20.761 -6.6378 
55.5956 85.7 20.761 -6.63704 
57.7531 86.973 20.761 -6.63631 
59.9105 88.246 20.761 -6.63561 
62.068 89.5189 20.761 -6.63497 
64.2254 90.7919 20.761 -6.63438 
44.8321 76.8302 20.761 -6.64172 
46.9896 78.1032 20.761 -6.64102 
49.147 79.3762 20.761 -6.6403 
51.3045 80.6492 20.761 -6.63956 
53.4619 81.9222 20.761 -6.63881 
55.6193 83.1951 20.761 -6.63807 
57.7768 84.4681 20.761 -6.63735 
59.9342 85.7411 20.761 -6.63665 
62.0917 87.0141 20.761 -6.636 
64.2491 88.287 20.761 -6.63539 
66.4066 89.56 20.761 -6.63485 
68.564 90.833 20.761 -6.63438 
42.6984 73.0524 20.761 -6.64315 
44.8558 74.3254 20.761 -6.64256 
47.0133 75.5983 20.761 -6.64192 
49.1707 76.8713 20.761 -6.64125 
51.3282 78.1443 20.761 -6.64055 
53.4856 79.4173 20.761 -6.63983 
55.643 80.6902 20.761 -6.63912 
57.8005 81.9632 20.761 -6.63841 
59.9579 83.2362 20.761 -6.63772 
62.1154 84.5092 20.761 -6.63706 
64.2728 85.7821 20.761 -6.63645 
66.4303 87.0551 20.761 -6.63589 
68.5877 88.3281 20.761 -6.63539 
70.7451 89.6011 20.761 -6.63496 
72.9026 90.874 20.761 -6.63461 
40.5647 69.2745 20.761 -6.64436 
42.7221 70.5475 20.761 -6.64389 
44.8795 71.8205 20.761 -6.64337 
47.037 73.0934 20.761 -6.64279 
49.1944 74.3664 20.761 -6.64218 
51.3519 75.6394 20.761 -6.64153 
53.5093 76.9124 20.761 -6.64085 
55.6668 78.1854 20.761 -6.64017 
57.8242 79.4583 20.761 -6.63949 
59.9816 80.7313 20.761 -6.63881 
62.1391 82.0043 20.761 -6.63816 
64.2965 83.2773 20.761 -6.63754 
66.454 84.5502 20.761 -6.63696 
68.6114 85.8232 20.761 -6.63644 
70.7689 87.0962 20.761 -6.63599 
72.9263 88.3692 20.761 -6.6356 
75.0837 89.6421 20.761 -6.6353 
77.2412 90.9151 20.761 -6.63508 
44.9033 69.3156 20.761 -6.64413 
47.0607 70.5886 20.761 -6.64363 
49.2181 71.8615 20.761 -6.64308 
51.3756 73.1345 20.761 -6.64248 
53.533 74.4075 20.761 -6.64186 
55.6905 75.6805 20.761 -6.64122 
57.8479 76.9534 20.761 -6.64056 
60.0053 78.2264 20.761 -6.63991 
62.1628 79.4994 20.761 -6.63927 
64.3202 80.7724 20.761 -6.63865 
66.4777 82.0453 20.761 -6.63807 
68.6351 83.3183 20.761 -6.63753 
70.7926 84.5913 20.761 -6.63705 
72.95 85.8643 20.761 -6.63664 
75.1074 87.1372 20.761 -6.63629 
77.2649 88.4102 20.761 -6.63603 
79.4223 89.6832 20.761 -6.63584 
81.5798 90.9562 20.761 -6.63575 
49.2418 69.3566 20.761 -6.64394 
51.3993 70.6296 20.761 -6.64341 
53.5567 71.9026 20.761 -6.64284 
55.7142 73.1756 20.761 -6.64224 
57.8716 74.4486 20.761 -6.64162 
60.0291 75.7215 20.761 -6.641 
62.1865 76.9945 20.761 -6.64038 
64.3439 78.2675 20.761 -6.63977 
66.5014 79.5405 20.761 -6.63919 
68.6588 80.8134 20.761 -6.63865 
70.8163 82.0864 20.761 -6.63815 
72.9737 83.3594 20.761 -6.6377 
75.1312 84.6324 20.761 -6.63733 
77.2886 85.9053 20.761 -6.63702 
79.446 87.1783 20.761 -6.63679 
81.6035 88.4513 20.761 -6.63664 
83.7609 89.7243 20.761 -6.63658 
85.9184 90.9972 20.761 -6.63661 
53.5804 69.3977 20.761 -6.64377 
55.7379 70.6707 20.761 -6.64323 
57.8953 71.9437 20.761 -6.64266 
60.0528 73.2166 20.761 -6.64207 
62.2102 74.4896 20.761 -6.64147 
64.3676 75.7626 20.761 -6.64088 
66.5251 77.0356 20.761 -6.64031 
68.6825 78.3085 20.761 -6.63976 
70.84 79.5815 20.761 -6.63925 
72.9974 80.8545 20.761 -6.63879 
75.1549 82.1275 20.761 -6.63839 
77.3123 83.4004 20.761 -6.63804 
79.4697 84.6734 20.761 -6.63777 
81.6272 85.9464 20.761 -6.63758 
83.7846 87.2194 20.761 -6.63746 
85.9421 88.4923 20.761 -6.63743 
88.0995 89.7653 20.761 -6.63748 
90.257 91.0383 20.761 -6.63761 
57.919 69.4388 20.761 -6.64365 
60.0765 70.7118 20.761 -6.6431 
62.2339 71.9847 20.761 -6.64254 
64.3914 73.2577 20.761 -6.64197 
66.5488 74.5307 20.761 -6.64141 
68.7062 75.8037 20.761 -6.64087 
70.8637 77.0766 20.761 -6.64036 
73.0211 78.3496 20.761 -6.63989 
75.1786 79.6226 20.761 -6.63946 
77.336 80.8956 20.761 -6.63909 
79.4935 82.1685 20.761 -6.63878 
81.6509 83.4415 20.761 -6.63854 
83.8083 84.7145 20.761 -6.63837 
85.9658 85.9875 20.761 -6.63829 
88.1232 87.2604 20.761 -6.63828 
90.2807 88.5334 20.761 -6.63835 
92.4381 89.8064 20.761 -6.6385 
94.5956 91.0794 20.761 -6.63872 
62.2576 69.4798 20.761 -6.64357 
64.4151 70.7528 20.761 -6.64303 
66.5725 72.0258 20.761 -6.64249 
68.73 73.2988 20.761 -6.64196 
70.8874 74.5717 20.761 -6.64145 
73.0448 75.8447 20.761 -6.64097 
75.2023 77.1177 20.761 -6.64053 
77.3597 78.3907 20.761 -6.64014 
79.5172 79.6636 20.761 -6.6398 
81.6746 80.9366 20.761 -6.63952 
83.832 82.2096 20.761 -6.63931 
85.9895 83.4826 20.761 -6.63917 
88.1469 84.7555 20.761 -6.63911 
90.3044 86.0285 20.761 -6.63912 
92.4618 87.3015 20.761 -6.63921 
94.6193 88.5745 20.761 -6.63937 
96.7767 89.8475 20.761 -6.6396 
98.9341 91.1204 20.761 -6.63989 
66.5962 69.5209 20.761 -6.64353 
68.7537 70.7939 20.761 -6.64302 
70.9111 72.0669 20.761 -6.64252 
73.0685 73.3398 20.761 -6.64204 
75.226 74.6128 20.761 -6.64159 
77.3834 75.8858 20.761 -6.64117 
79.5409 77.1588 20.761 -6.64081 
81.6983 78.4317 20.761 -6.6405 
83.8558 79.7047 20.761 -6.64025 
86.0132 80.9777 20.761 -6.64007 
88.1706 82.2507 20.761 -6.63996 
90.3281 83.5236 20.761 -6.63992 
92.4855 84.7966 20.761 -6.63995 
94.643 86.0696 20.761 -6.64005 
96.8004 87.3426 20.761 -6.64022 
98.9579 88.6155 20.761 -6.64045 
101.115 89.8885 20.761 -6.64074 
103.273 91.1615 20.761 -6.64107 
70.9348 69.562 20.761 -6.64354 
73.0923 70.8349 20.761 -6.64307 
75.2497 72.1079 20.761 -6.64262 
77.4071 73.3809 20.761 -6.64219 
79.5646 74.6539 20.761 -6.64181 
81.722 75.9268 20.761 -6.64147 
83.8795 77.1998 20.761 -6.64119 
86.0369 78.4728 20.761 -6.64097 
88.1943 79.7458 20.761 -6.64081 
90.3518 81.0187 20.761 -6.64072 
92.5092 82.2917 20.761 -6.6407 
94.6667 83.5647 20.761 -6.64075 
96.8241 84.8377 20.761 -6.64086 
98.9816 86.1107 20.761 -6.64103 
101.139 87.3836 20.761 -6.64126 
103.296 88.6566 20.761 -6.64154 
105.454 89.9296 20.761 -6.64186 
107.611 91.2026 20.761 -6.64222 
75.2734 69.603 20.761 -6.6436 
77.4308 70.876 20.761 -6.64318 
79.5883 72.149 20.761 -6.64278 
81.7457 73.422 20.761 -6.64242 
83.9032 74.6949 20.761 -6.64212 
86.0606 75.9679 20.761 -6.64186 
88.2181 77.2409 20.761 -6.64166 
90.3755 78.5139 20.761 -6.64153 
92.5329 79.7868 20.761 -6.64146 
94.6904 81.0598 20.761 -6.64145 
96.8478 82.3328 20.761 -6.64151 
99.0053 83.6058 20.761 -6.64162 
101.163 84.8787 20.761 -6.6418 
103.32 86.1517 20.761 -6.64202 
105.478 87.4247 20.761 -6.64229 
107.635 88.6977 20.761 -6.6426 
109.792 89.9706 20.761 -6.64293 
111.95 91.2436 20.761 -6.64328 
79.612 69.6441 20.761 -6.64371 
81.7694 70.9171 20.761 -6.64334 
83.9269 72.19 20.761 -6.64301 
86.0843 73.463 20.761 -6.64273 
88.2418 74.736 20.761 -6.64249 
90.3992 76.009 20.761 -6.64232 
92.5566 77.2819 20.761 -6.6422 
94.7141 78.5549 20.761 -6.64215 
96.8715 79.8279 20.761 -6.64216 
99.029 81.1009 20.761 -6.64222 
101.186 82.3739 20.761 -6.64234 
103.344 83.6468 20.761 -6.64252 
105.501 84.9198 20.761 -6.64274 
107.659 86.1928 20.761 -6.64299 
109.816 87.4658 20.761 -6.64327 
111.974 88.7387 20.761 -6.64358 
114.131 90.0117 20.761 -6.64389 
116.289 91.2847 20.761 -6.6442 
83.9506 69.6852 20.761 -6.64386 
86.108 70.9581 20.761 -6.64356 
88.2655 72.2311 20.761 -6.64329 
90.4229 73.5041 20.761 -6.64308 
92.5804 74.7771 20.761 -6.64293 
94.7378 76.05 20.761 -6.64283 
96.8952 77.323 20.761 -6.64279 
99.0527 78.596 20.761 -6.64281 
101.21 79.869 20.761 -6.64289 
103.368 81.1419 20.761 -6.64301 
105.525 82.4149 20.761 -6.64318 
107.682 83.6879 20.761 -6.64339 
109.84 84.9609 20.761 -6.64363 
111.997 86.2338 20.761 -6.64389 
114.155 87.5068 20.761 -6.64416 
116.312 88.7798 20.761 -6.64443 
88.2892 69.7262 20.761 -6.64405 
90.4466 70.9992 20.761 -6.64381 
92.6041 72.2722 20.761 -6.64362 
94.7615 73.5451 20.761 -6.64349 
96.919 74.8181 20.761 -6.64341 
99.0764 76.0911 20.761 -6.64339 
101.234 77.3641 20.761 -6.64341 
103.391 78.6371 20.761 -6.64349 
105.549 79.91 20.761 -6.64362 
107.706 81.183 20.761 -6.64378 
109.864 82.456 20.761 -6.64398 
112.021 83.729 20.761 -6.6442 
114.178 85.0019 20.761 -6.64443 
92.6278 69.7673 20.761 -6.64428 
94.7852 71.0403 20.761 -6.64411 
96.9427 72.3132 20.761 -6.64399 
99.1001 73.5862 20.761 -6.64393 
101.258 74.8592 20.761 -6.64391 
103.415 76.1322 20.761 -6.64395 
105.572 77.4051 20.761 -6.64404 
107.73 78.6781 20.761 -6.64416 
109.887 79.9511 20.761 -6.64432 
112.045 81.2241 20.761 -6.6445 
96.9664 69.8083 20.761 -6.64453 
99.1238 71.0813 20.761 -6.64443 
101.281 72.3543 20.761 -6.64438 
103.439 73.6273 20.761 -6.64438 
105.596 74.9003 20.761 -6.64442 
107.754 76.1732 20.761 -6.64451 
109.911 77.4462 20.761 -6.64463 
101.305 69.8494 20.761 -6.6448 
103.462 71.1224 20.761 -6.64476 
105.62 72.3954 20.761 -6.64477 
107.777 73.6683 20.761 -6.64483 
105.644 69.8905 20.761 -6.64508 
64.0357 110.831 20.761 -6.62939 
66.1932 112.104 20.761 -6.62927 
68.3506 113.377 20.761 -6.62927 
61.902 107.053 20.761 -6.62993 
64.0594 108.326 20.761 -6.62963 
66.2169 109.599 20.761 -6.62945 
68.3743 110.872 20.761 -6.62939 
70.5318 112.145 20.761 -6.62945 
72.6892 113.418 20.761 -6.62963 
59.7683 103.275 20.761 -6.6308 
61.9257 104.548 20.761 -6.63035 
64.0832 105.821 20.761 -6.63 
66.2406 107.094 20.761 -6.62976 
68.398 108.367 20.761 -6.62963 
70.5555 109.64 20.761 -6.62963 
72.7129 110.913 20.761 -6.62974 
74.8704 112.186 20.761 -6.62998 
77.0278 113.459 20.761 -6.63033 
57.6345 99.4974 20.761 -6.63197 
59.792 100.77 20.761 -6.63138 
61.9494 102.043 20.761 -6.63088 
64.1069 103.316 20.761 -6.63048 
66.2643 104.589 20.761 -6.63018 
68.4217 105.862 20.761 -6.63 
70.5792 107.135 20.761 -6.62993 
72.7366 108.408 20.761 -6.62998 
74.8941 109.681 20.761 -6.63015 
77.0515 110.954 20.761 -6.63043 
79.209 112.227 20.761 -6.63084 
81.3664 113.5 20.761 -6.63135 
55.5008 95.7196 20.761 -6.63338 
57.6582 96.9925 20.761 -6.63268 
59.8157 98.2655 20.761 -6.63206 
61.9731 99.5385 20.761 -6.63152 
64.1306 100.811 20.761 -6.63107 
66.288 102.084 20.761 -6.63072 
68.4455 103.357 20.761 -6.63048 
70.6029 104.63 20.761 -6.63035 
72.7603 105.903 20.761 -6.63033 
74.9178 107.176 20.761 -6.63043 
77.0752 108.449 20.761 -6.63065 
79.2327 109.722 20.761 -6.63099 
81.3901 110.995 20.761 -6.63143 
83.5475 112.268 20.761 -6.63198 
85.705 113.541 20.761 -6.63264 
53.3671 91.9417 20.761 -6.63497 
55.5245 93.2147 20.761 -6.6342 
57.6819 94.4877 20.761 -6.63349 
59.8394 95.7606 20.761 -6.63284 
61.9968 97.0336 20.761 -6.63226 
64.1543 98.3066 20.761 -6.63177 
66.3117 99.5796 20.761 -6.63137 
68.4692 100.853 20.761 -6.63107 
70.6266 102.126 20.761 -6.63088 
72.784 103.398 20.761 -6.6308 
74.9415 104.671 20.761 -6.63083 
77.0989 105.944 20.761 -6.63098 
79.2564 107.217 20.761 -6.63125 
81.4138 108.49 20.761 -6.63162 
83.5713 109.763 20.761 -6.63211 
85.7287 111.036 20.761 -6.63269 
87.8861 112.309 20.761 -6.63337 
90.0436 113.582 20.761 -6.63413 
57.7057 91.9828 20.761 -6.63437 
59.8631 93.2557 20.761 -6.63369 
62.0205 94.5287 20.761 -6.63309 
64.178 95.8017 20.761 -6.63256 
66.3354 97.0747 20.761 -6.63212 
68.4929 98.3476 20.761 -6.63177 
70.6503 99.6206 20.761 -6.63152 
72.8078 100.894 20.761 -6.63138 
74.9652 102.167 20.761 -6.63135 
77.1226 103.44 20.761 -6.63143 
79.2801 104.713 20.761 -6.63162 
81.4375 105.985 20.761 -6.63193 
83.595 107.258 20.761 -6.63234 
85.7524 108.531 20.761 -6.63285 
87.9099 109.804 20.761 -6.63346 
90.0673 111.077 20.761 -6.63416 
92.2247 112.35 20.761 -6.63493 
94.3822 113.623 20.761 -6.63577 
62.0442 92.0238 20.761 -6.63399 
64.2017 93.2968 20.761 -6.63343 
66.3591 94.5698 20.761 -6.63295 
68.5166 95.8428 20.761 -6.63256 
70.674 97.1157 20.761 -6.63226 
72.8315 98.3887 20.761 -6.63206 
74.9889 99.6617 20.761 -6.63196 
77.1463 100.935 20.761 -6.63198 
79.3038 102.208 20.761 -6.6321 
81.4612 103.481 20.761 -6.63234 
83.6187 104.754 20.761 -6.63268 
85.7761 106.027 20.761 -6.63312 
87.9336 107.3 20.761 -6.63366 
90.091 108.573 20.761 -6.63428 
92.2484 109.845 20.761 -6.63499 
94.4059 111.118 20.761 -6.63577 
96.5633 112.391 20.761 -6.63661 
98.7208 113.664 20.761 -6.63749 
66.3828 92.0649 20.761 -6.63387 
68.5403 93.3379 20.761 -6.63343 
70.6977 94.6108 20.761 -6.63308 
72.8552 95.8838 20.761 -6.63283 
75.0126 97.1568 20.761 -6.63268 
77.1701 98.4298 20.761 -6.63263 
79.3275 99.7027 20.761 -6.63269 
81.4849 100.976 20.761 -6.63285 
83.6424 102.249 20.761 -6.63312 
85.7998 103.522 20.761 -6.63349 
87.9573 104.795 20.761 -6.63395 
90.1147 106.068 20.761 -6.63451 
92.2722 107.341 20.761 -6.63515 
94.4296 108.614 20.761 -6.63586 
96.587 109.887 20.761 -6.63663 
98.7445 111.16 20.761 -6.63745 
100.902 112.433 20.761 -6.63832 
103.059 113.705 20.761 -6.63921 
70.7214 92.106 20.761 -6.63399 
72.8789 93.3789 20.761 -6.63369 
75.0363 94.6519 20.761 -6.63348 
77.1938 95.9249 20.761 -6.63337 
79.3512 97.1979 20.761 -6.63336 
81.5086 98.4708 20.761 -6.63345 
83.6661 99.7438 20.761 -6.63365 
85.8235 101.017 20.761 -6.63395 
87.981 102.29 20.761 -6.63434 
90.1384 103.563 20.761 -6.63483 
92.2959 104.836 20.761 -6.63539 
94.4533 106.109 20.761 -6.63603 
96.6107 107.382 20.761 -6.63674 
98.7682 108.655 20.761 -6.6375 
100.926 109.928 20.761 -6.63831 
103.083 111.201 20.761 -6.63914 
105.241 112.474 20.761 -6.64 
107.398 113.747 20.761 -6.64086 
75.06 92.147 20.761 -6.63435 
77.2175 93.42 20.761 -6.63419 
79.3749 94.693 20.761 -6.63412 
81.5324 95.9659 20.761 -6.63415 
83.6898 97.2389 20.761 -6.63428 
85.8472 98.5119 20.761 -6.6345 
88.0047 99.7849 20.761 -6.63482 
90.1621 101.058 20.761 -6.63523 
92.3196 102.331 20.761 -6.63573 
94.477 103.604 20.761 -6.6363 
96.6345 104.877 20.761 -6.63694 
98.7919 106.15 20.761 -6.63763 
100.949 107.423 20.761 -6.63837 
103.107 108.696 20.761 -6.63915 
105.264 109.969 20.761 -6.63995 
107.422 111.242 20.761 -6.64077 
109.579 112.515 20.761 -6.64158 
111.737 113.788 20.761 -6.64238 
79.3986 92.1881 20.761 -6.63495 
81.5561 93.4611 20.761 -6.63492 
83.7135 94.734 20.761 -6.63498 
85.8709 96.007 20.761 -6.63513 
88.0284 97.28 20.761 -6.63538 
90.1858 98.553 20.761 -6.63572 
92.3433 99.8259 20.761 -6.63615 
94.5007 101.099 20.761 -6.63664 
96.6582 102.372 20.761 -6.63721 
98.8156 103.645 20.761 -6.63784 
100.973 104.918 20.761 -6.63852 
103.13 106.191 20.761 -6.63924 
105.288 107.464 20.761 -6.63998 
107.445 108.737 20.761 -6.64074 
109.603 110.01 20.761 -6.6415 
111.76 111.283 20.761 -6.64226 
113.918 112.556 20.761 -6.64299 
116.075 113.829 20.761 -6.64369 
83.7372 92.2291 20.761 -6.63575 
85.8947 93.5021 20.761 -6.63584 
88.0521 94.7751 20.761 -6.63602 
90.2095 96.0481 20.761 -6.63629 
92.367 97.3211 20.761 -6.63664 
94.5244 98.594 20.761 -6.63707 
96.6819 99.867 20.761 -6.63757 
98.8393 101.14 20.761 -6.63813 
100.997 102.413 20.761 -6.63874 
103.154 103.686 20.761 -6.63939 
105.312 104.959 20.761 -6.64008 
107.469 106.232 20.761 -6.64078 
109.627 107.505 20.761 -6.64149 
111.784 108.778 20.761 -6.6422 
113.941 110.051 20.761 -6.64289 
116.099 111.324 20.761 -6.64355 
118.256 112.597 20.761 -6.64418 
120.414 113.87 20.761 -6.64476 
88.0758 92.2702 20.761 -6.63672 
90.2333 93.5432 20.761 -6.63692 
92.3907 94.8162 20.761 -6.6372 
94.5481 96.0891 20.761 -6.63756 
96.7056 97.3621 20.761 -6.63799 
98.863 98.6351 20.761 -6.63848 
101.02 99.9081 20.761 -6.63903 
103.178 101.181 20.761 -6.63962 
105.335 102.454 20.761 -6.64024 
107.493 103.727 20.761 -6.64088 
109.65 105 20.761 -6.64154 
111.808 106.273 20.761 -6.6422 
113.965 107.546 20.761 -6.64284 
116.123 108.819 20.761 -6.64346 
118.28 110.092 20.761 -6.64405 
120.437 111.365 20.761 -6.6446 
122.595 112.638 20.761 -6.64509 
124.752 113.911 20.761 -6.64552 
92.4144 92.3113 20.761 -6.63783 
94.5718 93.5843 20.761 -6.63812 
96.7293 94.8572 20.761 -6.63848 
98.8867 96.1302 20.761 -6.6389 
101.044 97.4032 20.761 -6.63938 
103.202 98.6762 20.761 -6.6399 
105.359 99.9491 20.761 -6.64046 
107.516 101.222 20.761 -6.64105 
109.674 102.495 20.761 -6.64165 
111.831 103.768 20.761 -6.64225 
113.989 105.041 20.761 -6.64285 
116.146 106.314 20.761 -6.64343 
118.304 107.587 20.761 -6.64398 
120.461 108.86 20.761 -6.64449 
122.619 110.133 20.761 -6.64495 
124.776 111.406 20.761 -6.64535 
126.933 112.679 20.761 -6.64569 
129.091 113.952 20.761 -6.64596 
96.753 92.3523 20.761 -6.63902 
98.9104 93.6253 20.761 -6.63937 
101.068 94.8983 20.761 -6.63979 
103.225 96.1713 20.761 -6.64025 
105.383 97.4442 20.761 -6.64075 
107.54 98.7172 20.761 -6.64127 
109.698 99.9902 20.761 -6.64182 
111.855 101.263 20.761 -6.64237 
114.013 102.536 20.761 -6.64292 
116.17 103.809 20.761 -6.64345 
118.327 105.082 20.761 -6.64395 
120.485 106.355 20.761 -6.64442 
122.642 107.628 20.761 -6.64485 
124.8 108.901 20.761 -6.64522 
126.957 110.174 20.761 -6.64553 
129.115 111.447 20.761 -6.64578 
101.092 92.3934 20.761 -6.64024 
103.249 93.6664 20.761 -6.64064 
105.406 94.9394 20.761 -6.64108 
107.564 96.2123 20.761 -6.64155 
109.721 97.4853 20.761 -6.64204 
111.879 98.7583 20.761 -6.64254 
114.036 100.031 20.761 -6.64303 
116.194 101.304 20.761 -6.64352 
118.351 102.577 20.761 -6.64398 
120.509 103.85 20.761 -6.64441 
122.666 105.123 20.761 -6.6448 
124.823 106.396 20.761 -6.64514 
126.981 107.669 20.761 -6.64542 
105.43 92.4345 20.761 -6.64145 
107.588 93.7074 20.761 -6.64187 
109.745 94.9804 20.761 -6.6423 
111.903 96.2534 20.761 -6.64275 
114.06 97.5264 20.761 -6.6432 
116.217 98.7993 20.761 -6.64364 
118.375 100.072 20.761 -6.64406 
120.532 101.345 20.761 -6.64445 
122.69 102.618 20.761 -6.6448 
124.847 103.891 20.761 -6.64511 
109.769 92.4755 20.761 -6.6426 
111.926 93.7485 20.761 -6.643 
114.084 95.0215 20.761 -6.6434 
116.241 96.2945 20.761 -6.64379 
118.399 97.5674 20.761 -6.64417 
120.556 98.8404 20.761 -6.64453 
122.713 100.113 20.761 -6.64484 
114.107 92.5166 20.761 -6.64363 
116.265 93.7896 20.761 -6.64398 
118.422 95.0625 20.761 -6.64432 
120.58 96.3355 20.761 -6.64464 
118.446 92.5577 20.761 -6.6445 
80.0625 22.0512 20.761 -6.64734 
77.9287 18.2734 20.761 -6.64721 
80.0862 19.5463 20.761 -6.64695 
82.2436 20.8193 20.761 -6.64663 
84.401 22.0923 20.761 -6.64627 
75.795 14.4955 20.761 -6.64704 
77.9524 15.7685 20.761 -6.64683 
80.1099 17.0414 20.761 -6.64655 
82.2673 18.3144 20.761 -6.64622 
84.4248 19.5874 20.761 -6.64584 
86.5822 20.8604 20.761 -6.64543 
88.7396 22.1334 20.761 -6.64498 
73.6612 10.7176 20.761 -6.64683 
75.8187 11.9906 20.761 -6.64667 
77.9761 13.2636 20.761 -6.64645 
80.1336 14.5366 20.761 -6.64616 
82.291 15.8095 20.761 -6.64581 
84.4485 17.0825 20.761 -6.64542 
86.6059 18.3555 20.761 -6.64498 
88.7633 19.6285 20.761 -6.64452 
90.9208 20.9014 20.761 -6.64403 
93.0782 22.1744 20.761 -6.64353 
71.5275 6.93977 20.761 -6.64658 
73.685 8.21275 20.761 -6.64649 
75.8424 9.48572 20.761 -6.64632 
77.9998 10.7587 20.761 -6.64608 
80.1573 12.0317 20.761 -6.64577 
82.3147 13.3046 20.761 -6.64541 
84.4722 14.5776 20.761 -6.645 
86.6296 15.8506 20.761 -6.64454 
88.7871 17.1236 20.761 -6.64405 
90.9445 18.3966 20.761 -6.64354 
93.1019 19.6695 20.761 -6.64302 
95.2594 20.9425 20.761 -6.64249 
97.4168 22.2155 20.761 -6.64197 
69.3938 3.16191 20.761 -6.64632 
71.5512 4.43488 20.761 -6.64628 
73.7087 5.70786 20.761 -6.64617 
75.8661 6.98083 20.761 -6.64598 
78.0235 8.25381 20.761 -6.64573 
80.181 9.52679 20.761 -6.6454 
82.3384 10.7998 20.761 -6.64502 
84.4959 12.0727 20.761 -6.64459 
86.6533 13.3457 20.761 -6.64411 
88.8108 14.6187 20.761 -6.6436 
90.9682 15.8917 20.761 -6.64307 
93.1256 17.1646 20.761 -6.64252 
95.2831 18.4376 20.761 -6.64196 
97.4405 19.7106 20.761 -6.64141 
99.598 20.9836 20.761 -6.64088 
101.755 22.2565 20.761 -6.64038 
69.4175 0.65702 20.761 -6.64607 
71.5749 1.93 20.761 -6.64602 
73.7324 3.20297 20.761 -6.64589 
75.8898 4.47595 20.761 -6.64568 
78.0473 5.74892 20.761 -6.64541 
80.2047 7.0219 20.761 -6.64507 
82.3621 8.29487 20.761 -6.64466 
84.5196 9.56785 20.761 -6.64421 
86.677 10.8408 20.761 -6.64371 
88.8345 12.1138 20.761 -6.64318 
90.9919 13.3868 20.761 -6.64262 
93.1494 14.6598 20.761 -6.64204 
95.3068 15.9327 20.761 -6.64145 
97.4642 17.2057 20.761 -6.64087 
99.6217 18.4787 20.761 -6.64031 
101.779 19.7517 20.761 -6.63977 
103.937 21.0246 20.761 -6.63927 
106.094 22.2976 20.761 -6.63881 
73.7561 0.698083 20.761 -6.64564 
75.9135 1.97106 20.761 -6.64542 
78.071 3.24404 20.761 -6.64512 
80.2284 4.51701 20.761 -6.64476 
82.3858 5.78999 20.761 -6.64434 
84.5433 7.06296 20.761 -6.64386 
86.7007 8.33594 20.761 -6.64334 
88.8582 9.60891 20.761 -6.64278 
91.0156 10.8819 20.761 -6.64219 
93.1731 12.1549 20.761 -6.64159 
95.3305 13.4278 20.761 -6.64097 
97.4879 14.7008 20.761 -6.64036 
99.6454 15.9738 20.761 -6.63976 
101.803 17.2468 20.761 -6.63919 
103.96 18.5197 20.761 -6.63865 
106.118 19.7927 20.761 -6.63816 
108.275 21.0657 20.761 -6.63772 
110.433 22.3387 20.761 -6.63735 
78.0947 0.739147 20.761 -6.64488 
80.2521 2.01212 20.761 -6.6445 
82.4096 3.2851 20.761 -6.64405 
84.567 4.55807 20.761 -6.64356 
86.7244 5.83105 20.761 -6.64301 
88.8819 7.10403 20.761 -6.64242 
91.0393 8.377 20.761 -6.64181 
93.1968 9.64998 20.761 -6.64117 
95.3542 10.923 20.761 -6.64053 
97.5117 12.1959 20.761 -6.63989 
99.6691 13.4689 20.761 -6.63925 
101.827 14.7419 20.761 -6.63865 
103.984 16.0149 20.761 -6.63807 
106.141 17.2878 20.761 -6.63754 
108.299 18.5608 20.761 -6.63706 
110.456 19.8338 20.761 -6.63665 
112.614 21.1068 20.761 -6.63631 
114.771 22.3797 20.761 -6.63605 
82.4333 0.780211 20.761 -6.64381 
84.5907 2.05319 20.761 -6.64329 
86.7482 3.32616 20.761 -6.64273 
88.9056 4.59914 20.761 -6.64212 
91.063 5.87211 20.761 -6.64147 
93.2205 7.14509 20.761 -6.64081 
95.3779 8.41807 20.761 -6.64014 
97.5354 9.69104 20.761 -6.63946 
99.6928 10.964 20.761 -6.63879 
101.85 12.237 20.761 -6.63815 
104.008 13.51 20.761 -6.63753 
106.165 14.7829 20.761 -6.63696 
108.323 16.0559 20.761 -6.63645 
110.48 17.3289 20.761 -6.636 
112.637 18.6019 20.761 -6.63561 
114.795 19.8748 20.761 -6.63531 
116.952 21.1478 20.761 -6.63509 
119.11 22.4208 20.761 -6.63497 
86.7719 0.821275 20.761 -6.64249 
88.9293 2.09425 20.761 -6.64186 
91.0867 3.36723 20.761 -6.64119 
93.2442 4.6402 20.761 -6.6405 
95.4016 5.91318 20.761 -6.6398 
97.5591 7.18615 20.761 -6.63909 
99.7165 8.45913 20.761 -6.63839 
101.874 9.73211 20.761 -6.6377 
104.031 11.0051 20.761 -6.63705 
106.189 12.2781 20.761 -6.63644 
108.346 13.551 20.761 -6.63589 
110.504 14.824 20.761 -6.63539 
112.661 16.097 20.761 -6.63497 
114.819 17.37 20.761 -6.63462 
116.976 18.6429 20.761 -6.63437 
119.133 19.9159 20.761 -6.6342 
121.291 21.1889 20.761 -6.63413 
123.448 22.4619 20.761 -6.63416 
91.1105 0.862338 20.761 -6.64097 
93.2679 2.13531 20.761 -6.64025 
95.4253 3.40829 20.761 -6.63952 
97.5828 4.68127 20.761 -6.63878 
99.7402 5.95424 20.761 -6.63804 
101.898 7.22722 20.761 -6.63733 
104.055 8.50019 20.761 -6.63664 
106.213 9.77317 20.761 -6.63599 
108.37 11.0461 20.761 -6.63539 
110.527 12.3191 20.761 -6.63485 
112.685 13.5921 20.761 -6.63438 
114.842 14.8651 20.761 -6.63399 
117 16.138 20.761 -6.63369 
119.157 17.411 20.761 -6.63349 
121.315 18.684 20.761 -6.63338 
123.472 19.957 20.761 -6.63337 
125.63 21.23 20.761 -6.63346 
127.787 22.5029 20.761 -6.63366 
95.449 0.903402 20.761 -6.63931 
97.6065 2.17638 20.761 -6.63854 
99.7639 3.44935 20.761 -6.63777 
101.921 4.72233 20.761 -6.63702 
104.079 5.99531 20.761 -6.63629 
106.236 7.26828 20.761 -6.6356 
108.394 8.54126 20.761 -6.63496 
110.551 9.81423 20.761 -6.63438 
112.709 11.0872 20.761 -6.63387 
114.866 12.3602 20.761 -6.63343 
117.023 13.6332 20.761 -6.63309 
119.181 14.9061 20.761 -6.63284 
121.338 16.1791 20.761 -6.63268 
123.496 17.4521 20.761 -6.63264 
125.653 18.7251 20.761 -6.63269 
127.811 19.998 20.761 -6.63285 
129.968 21.271 20.761 -6.63312 
132.126 22.544 20.761 -6.63349 
99.7876 0.944466 20.761 -6.63758 
101.945 2.21744 20.761 -6.63679 
104.103 3.49042 20.761 -6.63603 
106.26 4.76339 20.761 -6.6353 
108.417 6.03637 20.761 -6.63461 
110.575 7.30934 20.761 -6.63399 
112.732 8.58232 20.761 -6.63343 
114.89 9.8553 20.761 -6.63295 
117.047 11.1283 20.761 -6.63256 
119.205 12.4012 20.761 -6.63226 
121.362 13.6742 20.761 -6.63206 
123.52 14.9472 20.761 -6.63197 
125.677 16.2202 20.761 -6.63198 
127.834 17.4932 20.761 -6.63211 
129.992 18.7661 20.761 -6.63234 
132.149 20.0391 20.761 -6.63268 
134.307 21.3121 20.761 -6.63312 
136.464 22.5851 20.761 -6.63365 
104.126 0.98553 20.761 -6.63584 
106.284 2.25851 20.761 -6.63508 
108.441 3.53148 20.761 -6.63435 
110.599 4.80446 20.761 -6.63369 
112.756 6.07743 20.761 -6.63308 
114.913 7.35041 20.761 -6.63256 
117.071 8.62338 20.761 -6.63212 
119.228 9.89636 20.761 -6.63177 
121.386 11.1693 20.761 -6.63152 
123.543 12.4423 20.761 -6.63138 
125.701 13.7153 20.761 -6.63135 
127.858 14.9883 20.761 -6.63143 
130.016 16.2612 20.761 -6.63162 
132.173 17.5342 20.761 -6.63193 
134.33 18.8072 20.761 -6.63234 
136.488 20.0802 20.761 -6.63285 
138.645 21.3531 20.761 -6.63345 
140.803 22.6261 20.761 -6.63415 
108.465 1.02659 20.761 -6.63419 
110.622 2.29957 20.761 -6.63348 
112.78 3.57254 20.761 -6.63283 
114.937 4.84552 20.761 -6.63226 
117.095 6.1185 20.761 -6.63177 
119.252 7.39147 20.761 -6.63137 
121.409 8.66445 20.761 -6.63107 
123.567 9.93742 20.761 -6.63088 
125.724 11.2104 20.761 -6.6308 
127.882 12.4834 20.761 -6.63084 
130.039 13.7564 20.761 -6.63099 
132.197 15.0293 20.761 -6.63125 
134.354 16.3023 20.761 -6.63162 
136.512 17.5753 20.761 -6.6321 
138.669 18.8483 20.761 -6.63269 
140.826 20.1212 20.761 -6.63336 
142.984 21.3942 20.761 -6.63412 
145.141 22.6672 20.761 -6.63495 
112.803 1.06766 20.761 -6.63268 
114.961 2.34063 20.761 -6.63206 
117.118 3.61361 20.761 -6.63152 
119.276 4.88658 20.761 -6.63107 
121.433 6.15956 20.761 -6.63072 
123.591 7.43254 20.761 -6.63048 
125.748 8.70551 20.761 -6.63035 
127.906 9.97849 20.761 -6.63033 
130.063 11.2515 20.761 -6.63043 
132.22 12.5244 20.761 -6.63065 
134.378 13.7974 20.761 -6.63098 
136.535 15.0704 20.761 -6.63143 
138.693 16.3434 20.761 -6.63198 
140.85 17.6163 20.761 -6.63263 
143.008 18.8893 20.761 -6.63337 
117.142 1.10872 20.761 -6.63138 
119.299 2.3817 20.761 -6.63088 
121.457 3.65467 20.761 -6.63048 
123.614 4.92765 20.761 -6.63018 
125.772 6.20062 20.761 -6.63 
127.929 7.4736 20.761 -6.62993 
130.087 8.74658 20.761 -6.62998 
132.244 10.0196 20.761 -6.63015 
134.402 11.2925 20.761 -6.63043 
136.559 12.5655 20.761 -6.63083 
138.716 13.8385 20.761 -6.63135 
140.874 15.1115 20.761 -6.63196 
121.481 1.14978 20.761 -6.63035 
123.638 2.42276 20.761 -6.63 
125.795 3.69574 20.761 -6.62976 
127.953 4.96871 20.761 -6.62963 
130.11 6.24169 20.761 -6.62963 
132.268 7.51466 20.761 -6.62974 
134.425 8.78764 20.761 -6.62998 
136.583 10.0606 20.761 -6.63033 
138.74 11.3336 20.761 -6.6308 
125.819 1.19085 20.761 -6.62963 
127.977 2.46382 20.761 -6.62945 
130.134 3.7368 20.761 -6.62939 
132.292 5.00978 20.761 -6.62945 
134.449 6.28275 20.761 -6.62963 
136.606 7.55573 20.761 -6.62993 
130.158 1.23191 20.761 -6.62927 
132.315 2.50489 20.761 -6.62927 
134.473 3.77786 20.761 -6.62939 
92.8649 44.7184 20.761 -6.64695 
90.7311 40.9405 20.761 -6.64715 
92.8886 42.2135 20.761 -6.64678 
95.046 43.4865 20.761 -6.64643 
97.2034 44.7595 20.761 -6.6461 
88.5974 37.1627 20.761 -6.6473 
90.7548 38.4357 20.761 -6.64692 
92.9123 39.7086 20.761 -6.64655 
95.0697 40.9816 20.761 -6.64618 
97.2272 42.2546 20.761 -6.64583 
99.3846 43.5276 20.761 -6.64551 
101.542 44.8005 20.761 -6.64522 
86.4637 33.3848 20.761 -6.64739 
88.6211 34.6578 20.761 -6.64702 
90.7785 35.9308 20.761 -6.64663 
92.936 37.2037 20.761 -6.64624 
95.0934 38.4767 20.761 -6.64586 
97.2509 39.7497 20.761 -6.6455 
99.4083 41.0227 20.761 -6.64516 
101.566 42.2956 20.761 -6.64485 
103.723 43.5686 20.761 -6.64458 
105.881 44.8416 20.761 -6.64436 
84.3299 29.607 20.761 -6.64743 
86.4874 30.8799 20.761 -6.64707 
88.6448 32.1529 20.761 -6.64668 
90.8022 33.4259 20.761 -6.64628 
92.9597 34.6989 20.761 -6.64588 
95.1171 35.9718 20.761 -6.64549 
97.2746 37.2448 20.761 -6.6451 
99.432 38.5178 20.761 -6.64475 
101.589 39.7908 20.761 -6.64442 
103.747 41.0637 20.761 -6.64413 
105.904 42.3367 20.761 -6.64389 
108.062 43.6097 20.761 -6.64369 
110.219 44.8827 20.761 -6.64355 
82.1962 25.8291 20.761 -6.64741 
84.3536 27.1021 20.761 -6.64707 
86.5111 28.375 20.761 -6.6467 
88.6685 29.648 20.761 -6.6463 
90.826 30.921 20.761 -6.64589 
92.9834 32.194 20.761 -6.64547 
95.1408 33.4669 20.761 -6.64506 
97.2983 34.7399 20.761 -6.64466 
99.4557 36.0129 20.761 -6.64428 
101.613 37.2859 20.761 -6.64394 
103.771 38.5588 20.761 -6.64363 
105.928 39.8318 20.761 -6.64337 
108.085 41.1048 20.761 -6.64315 
110.243 42.3778 20.761 -6.64299 
112.4 43.6507 20.761 -6.64289 
114.558 44.9237 20.761 -6.64284 
82.2199 23.3242 20.761 -6.64703 
84.3773 24.5972 20.761 -6.64668 
86.5348 25.8702 20.761 -6.6463 
88.6922 27.1431 20.761 -6.64588 
90.8497 28.4161 20.761 -6.64546 
93.0071 29.6891 20.761 -6.64502 
95.1645 30.9621 20.761 -6.64459 
97.322 32.235 20.761 -6.64417 
99.4794 33.508 20.761 -6.64377 
101.637 34.781 20.761 -6.64341 
103.794 36.054 20.761 -6.64308 
105.952 37.3269 20.761 -6.64279 
108.109 38.5999 20.761 -6.64256 
110.267 39.8729 20.761 -6.64238 
112.424 41.1459 20.761 -6.64226 
114.582 42.4188 20.761 -6.6422 
116.739 43.6918 20.761 -6.6422 
118.896 44.9648 20.761 -6.64225 
86.5585 23.3653 20.761 -6.64587 
88.7159 24.6382 20.761 -6.64544 
90.8734 25.9112 20.761 -6.645 
93.0308 27.1842 20.761 -6.64454 
95.1883 28.4572 20.761 -6.64409 
97.3457 29.7301 20.761 -6.64365 
99.5031 31.0031 20.761 -6.64323 
101.661 32.2761 20.761 -6.64284 
103.818 33.5491 20.761 -6.64248 
105.975 34.822 20.761 -6.64218 
108.133 36.095 20.761 -6.64192 
110.29 37.368 20.761 -6.64172 
112.448 38.641 20.761 -6.64158 
114.605 39.9139 20.761 -6.6415 
116.763 41.1869 20.761 -6.64149 
118.92 42.4599 20.761 -6.64154 
121.078 43.7329 20.761 -6.64165 
123.235 45.0059 20.761 -6.64182 
90.8971 23.4063 20.761 -6.64452 
93.0545 24.6793 20.761 -6.64404 
95.212 25.9523 20.761 -6.64357 
97.3694 27.2253 20.761 -6.6431 
99.5268 28.4982 20.761 -6.64266 
101.684 29.7712 20.761 -6.64224 
103.842 31.0442 20.761 -6.64186 
105.999 32.3172 20.761 -6.64153 
108.157 33.5901 20.761 -6.64125 
110.314 34.8631 20.761 -6.64102 
112.472 36.1361 20.761 -6.64086 
114.629 37.4091 20.761 -6.64077 
116.786 38.682 20.761 -6.64074 
118.944 39.955 20.761 -6.64078 
121.101 41.228 20.761 -6.64088 
123.259 42.501 20.761 -6.64105 
125.416 43.7739 20.761 -6.64127 
127.574 45.0469 20.761 -6.64155 
95.2357 23.4474 20.761 -6.64303 
97.3931 24.7204 20.761 -6.64254 
99.5506 25.9933 20.761 -6.64207 
101.708 27.2663 20.761 -6.64162 
103.865 28.5393 20.761 -6.64122 
106.023 29.8123 20.761 -6.64085 
108.18 31.0852 20.761 -6.64055 
110.338 32.3582 20.761 -6.6403 
112.495 33.6312 20.761 -6.64012 
114.653 34.9042 20.761 -6.64 
116.81 36.1772 20.761 -6.63995 
118.968 37.4501 20.761 -6.63998 
121.125 38.7231 20.761 -6.64008 
123.282 39.9961 20.761 -6.64024 
125.44 41.2691 20.761 -6.64046 
127.597 42.542 20.761 -6.64075 
129.755 43.815 20.761 -6.64108 
131.912 45.088 20.761 -6.64145 
99.5743 23.4885 20.761 -6.64147 
101.732 24.7614 20.761 -6.641 
103.889 26.0344 20.761 -6.64056 
106.047 27.3074 20.761 -6.64017 
108.204 28.5804 20.761 -6.63983 
110.361 29.8533 20.761 -6.63956 
112.519 31.1263 20.761 -6.63935 
114.676 32.3993 20.761 -6.63921 
116.834 33.6723 20.761 -6.63914 
118.991 34.9452 20.761 -6.63915 
121.149 36.2182 20.761 -6.63924 
123.306 37.4912 20.761 -6.63939 
125.464 38.7642 20.761 -6.63962 
127.621 40.0371 20.761 -6.6399 
129.778 41.3101 20.761 -6.64025 
131.936 42.5831 20.761 -6.64064 
134.093 43.8561 20.761 -6.64107 
136.251 45.129 20.761 -6.64154 
103.913 23.5295 20.761 -6.63991 
106.07 24.8025 20.761 -6.63949 
108.228 26.0755 20.761 -6.63912 
110.385 27.3484 20.761 -6.63881 
112.543 28.6214 20.761 -6.63857 
114.7 29.8944 20.761 -6.63841 
116.858 31.1674 20.761 -6.63832 
119.015 32.4404 20.761 -6.63831 
121.172 33.7133 20.761 -6.63837 
123.33 34.9863 20.761 -6.63852 
125.487 36.2593 20.761 -6.63874 
127.645 37.5323 20.761 -6.63903 
129.802 38.8052 20.761 -6.63938 
131.96 40.0782 20.761 -6.63979 
134.117 41.3512 20.761 -6.64024 
136.274 42.6242 20.761 -6.64074 
138.432 43.8971 20.761 -6.64126 
140.589 45.1701 20.761 -6.6418 
108.251 23.5706 20.761 -6.63841 
110.409 24.8436 20.761 -6.63807 
112.566 26.1165 20.761 -6.6378 
114.724 27.3895 20.761 -6.63761 
116.881 28.6625 20.761 -6.63749 
119.039 29.9355 20.761 -6.63745 
121.196 31.2084 20.761 -6.6375 
123.354 32.4814 20.761 -6.63763 
125.511 33.7544 20.761 -6.63784 
127.668 35.0274 20.761 -6.63813 
129.826 36.3003 20.761 -6.63848 
131.983 37.5733 20.761 -6.6389 
134.141 38.8463 20.761 -6.63937 
136.298 40.1193 20.761 -6.63989 
138.456 41.3922 20.761 -6.64045 
140.613 42.6652 20.761 -6.64103 
142.771 43.9382 20.761 -6.64162 
144.928 45.2112 20.761 -6.64222 
112.59 23.6116 20.761 -6.63704 
114.747 24.8846 20.761 -6.63681 
116.905 26.1576 20.761 -6.63667 
119.062 27.4306 20.761 -6.63661 
121.22 28.7036 20.761 -6.63663 
123.377 29.9765 20.761 -6.63674 
125.535 31.2495 20.761 -6.63694 
127.692 32.5225 20.761 -6.63721 
129.85 33.7955 20.761 -6.63757 
132.007 35.0684 20.761 -6.63799 
134.164 36.3414 20.761 -6.63848 
136.322 37.6144 20.761 -6.63902 
138.479 38.8874 20.761 -6.6396 
140.637 40.1603 20.761 -6.64022 
142.794 41.4333 20.761 -6.64086 
144.952 42.7063 20.761 -6.64151 
147.109 43.9793 20.761 -6.64216 
149.267 45.2522 20.761 -6.64279 
116.929 23.6527 20.761 -6.63586 
119.086 24.9257 20.761 -6.63577 
121.244 26.1987 20.761 -6.63577 
123.401 27.4716 20.761 -6.63586 
125.558 28.7446 20.761 -6.63603 
127.716 30.0176 20.761 -6.6363 
129.873 31.2906 20.761 -6.63664 
132.031 32.5635 20.761 -6.63707 
134.188 33.8365 20.761 -6.63756 
136.346 35.1095 20.761 -6.63812 
138.503 36.3825 20.761 -6.63872 
140.661 37.6554 20.761 -6.63937 
142.818 38.9284 20.761 -6.64005 
144.975 40.2014 20.761 -6.64075 
147.133 41.4744 20.761 -6.64145 
149.29 42.7473 20.761 -6.64215 
151.448 44.0203 20.761 -6.64283 
153.605 45.2933 20.761 -6.64349 
121.267 23.6938 20.761 -6.63493 
123.425 24.9668 20.761 -6.63499 
125.582 26.2397 20.761 -6.63515 
127.74 27.5127 20.761 -6.63539 
129.897 28.7857 20.761 -6.63573 
132.054 30.0587 20.761 -6.63615 
134.212 31.3316 20.761 -6.63664 
136.369 32.6046 20.761 -6.6372 
138.527 33.8776 20.761 -6.63783 
140.684 35.1506 20.761 -6.6385 
142.842 36.4235 20.761 -6.63921 
144.999 37.6965 20.761 -6.63995 
147.157 38.9695 20.761 -6.6407 
149.314 40.2425 20.761 -6.64146 
151.471 41.5154 20.761 -6.6422 
153.629 42.7884 20.761 -6.64293 
155.786 44.0614 20.761 -6.64362 
157.944 45.3344 20.761 -6.64428 
125.606 23.7348 20.761 -6.63428 
127.763 25.0078 20.761 -6.63451 
129.921 26.2808 20.761 -6.63483 
132.078 27.5538 20.761 -6.63523 
134.236 28.8267 20.761 -6.63572 
136.393 30.0997 20.761 -6.63629 
138.55 31.3727 20.761 -6.63692 
140.708 32.6457 20.761 -6.63761 
142.865 33.9186 20.761 -6.63835 
145.023 35.1916 20.761 -6.63912 
147.18 36.4646 20.761 -6.63992 
149.338 37.7376 20.761 -6.64072 
151.495 39.0105 20.761 -6.64153 
153.653 40.2835 20.761 -6.64232 
155.81 41.5565 20.761 -6.64308 
129.944 23.7759 20.761 -6.63395 
132.102 25.0489 20.761 -6.63434 
134.259 26.3219 20.761 -6.63482 
136.417 27.5948 20.761 -6.63538 
138.574 28.8678 20.761 -6.63602 
140.732 30.1408 20.761 -6.63672 
142.889 31.4138 20.761 -6.63748 
145.047 32.6867 20.761 -6.63828 
147.204 33.9597 20.761 -6.63911 
149.361 35.2327 20.761 -6.63996 
151.519 36.5057 20.761 -6.64081 
153.676 37.7786 20.761 -6.64166 
134.283 23.817 20.761 -6.63395 
136.44 25.0899 20.761 -6.6345 
138.598 26.3629 20.761 -6.63513 
140.755 27.6359 20.761 -6.63584 
142.913 28.9089 20.761 -6.63661 
145.07 30.1818 20.761 -6.63743 
147.228 31.4548 20.761 -6.63829 
149.385 32.7278 20.761 -6.63917 
151.543 34.0008 20.761 -6.64007 
138.622 23.858 20.761 -6.63428 
140.779 25.131 20.761 -6.63498 
142.936 26.404 20.761 -6.63575 
145.094 27.677 20.761 -6.63658 
147.251 28.9499 20.761 -6.63746 
149.409 30.2229 20.761 -6.63837 
142.96 23.8991 20.761 -6.63492 
145.118 25.1721 20.761 -6.63575 
147.275 26.445 20.761 -6.63664 
105.667 67.3856 20.761 -6.64532 
107.825 68.6586 20.761 -6.64532 
103.534 63.6077 20.761 -6.64558 
105.691 64.8807 20.761 -6.64551 
107.848 66.1537 20.761 -6.64548 
110.006 67.4267 20.761 -6.64549 
112.163 68.6996 20.761 -6.64554 
101.4 59.8299 20.761 -6.64586 
103.557 61.1028 20.761 -6.64572 
105.715 62.3758 20.761 -6.64563 
107.872 63.6488 20.761 -6.64557 
110.03 64.9218 20.761 -6.64556 
112.187 66.1947 20.761 -6.64559 
114.344 67.4677 20.761 -6.64565 
116.502 68.7407 20.761 -6.64573 
99.2661 56.052 20.761 -6.64616 
101.424 57.325 20.761 -6.64595 
103.581 58.5979 20.761 -6.64579 
105.738 59.8709 20.761 -6.64567 
107.896 61.1439 20.761 -6.6456 
110.053 62.4169 20.761 -6.64557 
112.211 63.6899 20.761 -6.64558 
114.368 64.9628 20.761 -6.64562 
116.526 66.2358 20.761 -6.6457 
118.683 67.5088 20.761 -6.64579 
97.1323 52.2741 20.761 -6.64645 
99.2898 53.5471 20.761 -6.64618 
101.447 54.8201 20.761 -6.64596 
103.605 56.0931 20.761 -6.64578 
105.762 57.366 20.761 -6.64564 
107.92 58.639 20.761 -6.64555 
110.077 59.912 20.761 -6.6455 
112.234 61.185 20.761 -6.64549 
114.392 62.4579 20.761 -6.64552 
116.549 63.7309 20.761 -6.64559 
118.707 65.0039 20.761 -6.64568 
120.864 66.2769 20.761 -6.64579 
123.022 67.5498 20.761 -6.64591 
94.9986 48.4963 20.761 -6.64672 
97.156 49.7692 20.761 -6.64641 
99.3135 51.0422 20.761 -6.64613 
101.471 52.3152 20.761 -6.64589 
103.628 53.5882 20.761 -6.64569 
105.786 54.8611 20.761 -6.64553 
107.943 56.1341 20.761 -6.64542 
110.101 57.4071 20.761 -6.64536 
112.258 58.6801 20.761 -6.64534 
114.416 59.9531 20.761 -6.64536 
116.573 61.226 20.761 -6.64541 
118.73 62.499 20.761 -6.6455 
120.888 63.772 20.761 -6.64561 
123.045 65.045 20.761 -6.64573 
125.203 66.3179 20.761 -6.64586 
127.36 67.5909 20.761 -6.64599 
95.0223 45.9914 20.761 -6.64661 
97.1797 47.2644 20.761 -6.64629 
99.3372 48.5373 20.761 -6.646 
101.495 49.8103 20.761 -6.64574 
103.652 51.0833 20.761 -6.64552 
105.81 52.3563 20.761 -6.64535 
107.967 53.6292 20.761 -6.64522 
110.124 54.9022 20.761 -6.64514 
112.282 56.1752 20.761 -6.64511 
114.439 57.4482 20.761 -6.64512 
116.597 58.7211 20.761 -6.64516 
118.754 59.9941 20.761 -6.64525 
120.912 61.2671 20.761 -6.64536 
123.069 62.5401 20.761 -6.64549 
125.226 63.813 20.761 -6.64563 
127.384 65.086 20.761 -6.64577 
129.541 66.359 20.761 -6.64591 
131.699 67.632 20.761 -6.64602 
99.3609 46.0324 20.761 -6.64579 
101.518 47.3054 20.761 -6.64551 
103.676 48.5784 20.761 -6.64528 
105.833 49.8514 20.761 -6.64509 
107.991 51.1243 20.761 -6.64495 
110.148 52.3973 20.761 -6.64485 
112.306 53.6703 20.761 -6.6448 
114.463 54.9433 20.761 -6.6448 
116.62 56.2163 20.761 -6.64484 
118.778 57.4892 20.761 -6.64492 
120.935 58.7622 20.761 -6.64503 
123.093 60.0352 20.761 -6.64517 
125.25 61.3082 20.761 -6.64533 
127.408 62.5811 20.761 -6.64549 
129.565 63.8541 20.761 -6.64564 
131.723 65.1271 20.761 -6.64579 
133.88 66.4001 20.761 -6.64591 
136.037 67.673 20.761 -6.64601 
103.699 46.0735 20.761 -6.64496 
105.857 47.3465 20.761 -6.64476 
108.014 48.6195 20.761 -6.6446 
110.172 49.8924 20.761 -6.64449 
112.329 51.1654 20.761 -6.64442 
114.487 52.4384 20.761 -6.64441 
116.644 53.7114 20.761 -6.64445 
118.802 54.9843 20.761 -6.64453 
120.959 56.2573 20.761 -6.64464 
123.116 57.5303 20.761 -6.64478 
125.274 58.8033 20.761 -6.64495 
127.431 60.0762 20.761 -6.64513 
129.589 61.3492 20.761 -6.64531 
131.746 62.6222 20.761 -6.64549 
133.904 63.8952 20.761 -6.64565 
136.061 65.1681 20.761 -6.64579 
138.219 66.4411 20.761 -6.64589 
140.376 67.7141 20.761 -6.64595 
108.038 46.1146 20.761 -6.64418 
110.196 47.3875 20.761 -6.64405 
112.353 48.6605 20.761 -6.64398 
114.51 49.9335 20.761 -6.64395 
116.668 51.2065 20.761 -6.64398 
118.825 52.4795 20.761 -6.64406 
120.983 53.7524 20.761 -6.64417 
123.14 55.0254 20.761 -6.64432 
125.298 56.2984 20.761 -6.6445 
127.455 57.5714 20.761 -6.6447 
129.613 58.8443 20.761 -6.64491 
131.77 60.1173 20.761 -6.64512 
133.927 61.3903 20.761 -6.64532 
136.085 62.6633 20.761 -6.6455 
138.242 63.9362 20.761 -6.64565 
140.4 65.2092 20.761 -6.64576 
142.557 66.4822 20.761 -6.64583 
144.715 67.7552 20.761 -6.64584 
112.377 46.1556 20.761 -6.64346 
114.534 47.4286 20.761 -6.64343 
116.692 48.7016 20.761 -6.64345 
118.849 49.9746 20.761 -6.64352 
121.006 51.2475 20.761 -6.64364 
123.164 52.5205 20.761 -6.64379 
125.321 53.7935 20.761 -6.64398 
127.479 55.0665 20.761 -6.6442 
129.636 56.3394 20.761 -6.64443 
131.794 57.6124 20.761 -6.64467 
133.951 58.8854 20.761 -6.64491 
136.109 60.1584 20.761 -6.64513 
138.266 61.4313 20.761 -6.64534 
140.423 62.7043 20.761 -6.6455 
142.581 63.9773 20.761 -6.64563 
144.738 65.2503 20.761 -6.64571 
146.896 66.5232 20.761 -6.64573 
149.053 67.7962 20.761 -6.6457 
116.715 46.1967 20.761 -6.64285 
118.873 47.4697 20.761 -6.64292 
121.03 48.7427 20.761 -6.64303 
123.188 50.0156 20.761 -6.6432 
125.345 51.2886 20.761 -6.6434 
127.502 52.5616 20.761 -6.64363 
129.66 53.8346 20.761 -6.64389 
131.817 55.1075 20.761 -6.64416 
133.975 56.3805 20.761 -6.64443 
136.132 57.6535 20.761 -6.6447 
138.29 58.9265 20.761 -6.64495 
140.447 60.1994 20.761 -6.64518 
142.605 61.4724 20.761 -6.64537 
144.762 62.7454 20.761 -6.64552 
146.919 64.0184 20.761 -6.64561 
149.077 65.2913 20.761 -6.64565 
151.234 66.5643 20.761 -6.64562 
153.392 67.8373 20.761 -6.64552 
121.054 46.2378 20.761 -6.64237 
123.211 47.5107 20.761 -6.64254 
125.369 48.7837 20.761 -6.64275 
127.526 50.0567 20.761 -6.643 
129.684 51.3297 20.761 -6.64328 
131.841 52.6026 20.761 -6.64358 
133.999 53.8756 20.761 -6.64389 
136.156 55.1486 20.761 -6.6442 
138.313 56.4216 20.761 -6.6445 
140.471 57.6945 20.761 -6.64478 
142.628 58.9675 20.761 -6.64504 
144.786 60.2405 20.761 -6.64525 
146.943 61.5135 20.761 -6.64542 
149.101 62.7865 20.761 -6.64554 
151.258 64.0594 20.761 -6.64559 
153.415 65.3324 20.761 -6.64558 
155.573 66.6054 20.761 -6.64549 
157.73 67.8784 20.761 -6.64534 
125.392 46.2788 20.761 -6.64204 
127.55 47.5518 20.761 -6.6423 
129.707 48.8248 20.761 -6.6426 
131.865 50.0978 20.761 -6.64293 
134.022 51.3707 20.761 -6.64327 
136.18 52.6437 20.761 -6.64363 
138.337 53.9167 20.761 -6.64398 
140.495 55.1897 20.761 -6.64432 
142.652 56.4626 20.761 -6.64463 
144.809 57.7356 20.761 -6.64492 
146.967 59.0086 20.761 -6.64516 
149.124 60.2816 20.761 -6.64535 
151.282 61.5545 20.761 -6.64549 
153.439 62.8275 20.761 -6.64556 
155.597 64.1005 20.761 -6.64557 
157.754 65.3735 20.761 -6.6455 
159.912 66.6464 20.761 -6.64536 
162.069 67.9194 20.761 -6.64514 
129.731 46.3199 20.761 -6.64187 
131.888 47.5929 20.761 -6.64222 
134.046 48.8658 20.761 -6.6426 
136.203 50.1388 20.761 -6.64299 
138.361 51.4118 20.761 -6.64339 
140.518 52.6848 20.761 -6.64378 
142.676 53.9577 20.761 -6.64416 
144.833 55.2307 20.761 -6.64451 
146.991 56.5037 20.761 -6.64483 
149.148 57.7767 20.761 -6.6451 
151.305 59.0497 20.761 -6.64532 
153.463 60.3226 20.761 -6.64548 
155.62 61.5956 20.761 -6.64557 
157.778 62.8686 20.761 -6.6456 
159.935 64.1416 20.761 -6.64555 
162.093 65.4145 20.761 -6.64542 
164.25 66.6875 20.761 -6.64522 
166.408 67.9605 20.761 -6.64495 
134.07 46.361 20.761 -6.64186 
136.227 47.6339 20.761 -6.64229 
138.385 48.9069 20.761 -6.64274 
140.542 50.1799 20.761 -6.64318 
142.699 51.4529 20.761 -6.64362 
144.857 52.7258 20.761 -6.64404 
147.014 53.9988 20.761 -6.64442 
149.172 55.2718 20.761 -6.64477 
151.329 56.5448 20.761 -6.64508 
153.487 57.8177 20.761 -6.64532 
155.644 59.0907 20.761 -6.64551 
157.802 60.3637 20.761 -6.64563 
159.959 61.6367 20.761 -6.64567 
162.116 62.9096 20.761 -6.64564 
164.274 64.1826 20.761 -6.64553 
166.431 65.4556 20.761 -6.64535 
168.589 66.7286 20.761 -6.64509 
170.746 68.0015 20.761 -6.64476 
138.408 46.402 20.761 -6.64202 
140.566 47.675 20.761 -6.64252 
142.723 48.948 20.761 -6.64301 
144.881 50.2209 20.761 -6.64349 
147.038 51.4939 20.761 -6.64395 
149.195 52.7669 20.761 -6.64438 
151.353 54.0399 20.761 -6.64476 
153.51 55.3129 20.761 -6.6451 
155.668 56.5858 20.761 -6.64537 
157.825 57.8588 20.761 -6.64558 
159.983 59.1318 20.761 -6.64572 
162.14 60.4048 20.761 -6.64579 
164.298 61.6777 20.761 -6.64578 
166.455 62.9507 20.761 -6.64569 
168.612 64.2237 20.761 -6.64552 
142.747 46.4431 20.761 -6.64234 
144.904 47.7161 20.761 -6.64289 
147.062 48.989 20.761 -6.64341 
149.219 50.262 20.761 -6.64391 
151.377 51.535 20.761 -6.64438 
153.534 52.808 20.761 -6.6448 
155.691 54.0809 20.761 -6.64516 
157.849 55.3539 20.761 -6.64547 
160.006 56.6269 20.761 -6.6457 
162.164 57.8999 20.761 -6.64586 
164.321 59.1728 20.761 -6.64595 
166.479 60.4458 20.761 -6.64596 
147.085 46.4841 20.761 -6.64281 
149.243 47.7571 20.761 -6.64339 
151.4 49.0301 20.761 -6.64393 
153.558 50.3031 20.761 -6.64443 
155.715 51.5761 20.761 -6.64488 
157.873 52.849 20.761 -6.64528 
160.03 54.122 20.761 -6.64561 
162.188 55.395 20.761 -6.64587 
164.345 56.668 20.761 -6.64605 
151.424 46.5252 20.761 -6.64341 
153.581 47.7982 20.761 -6.64399 
155.739 49.0712 20.761 -6.64453 
157.896 50.3441 20.761 -6.64501 
160.054 51.6171 20.761 -6.64544 
162.211 52.8901 20.761 -6.64579 
155.763 46.5663 20.761 -6.64411 
157.92 47.8393 20.761 -6.64468 
160.077 49.1122 20.761 -6.64519 
118.47 90.0528 20.761 -6.6447 
120.627 91.3257 20.761 -6.64495 
116.336 86.2749 20.761 -6.64467 
118.493 87.5479 20.761 -6.64491 
120.651 88.8209 20.761 -6.64513 
122.808 90.0938 20.761 -6.64533 
124.966 91.3668 20.761 -6.64549 
114.202 82.497 20.761 -6.6447 
116.36 83.77 20.761 -6.64491 
118.517 85.043 20.761 -6.64512 
120.675 86.316 20.761 -6.64531 
122.832 87.5889 20.761 -6.64549 
124.989 88.8619 20.761 -6.64563 
127.147 90.1349 20.761 -6.64573 
129.304 91.4079 20.761 -6.64579 
112.068 78.7192 20.761 -6.64478 
114.226 79.9922 20.761 -6.64495 
116.383 81.2651 20.761 -6.64513 
118.541 82.5381 20.761 -6.64532 
120.698 83.8111 20.761 -6.64549 
122.856 85.0841 20.761 -6.64564 
125.013 86.357 20.761 -6.64577 
127.171 87.63 20.761 -6.64586 
129.328 88.903 20.761 -6.64591 
131.485 90.176 20.761 -6.6459 
133.643 91.4489 20.761 -6.64584 
109.935 74.9413 20.761 -6.64492 
112.092 76.2143 20.761 -6.64504 
114.25 77.4873 20.761 -6.64518 
116.407 78.7602 20.761 -6.64534 
118.564 80.0332 20.761 -6.6455 
120.722 81.3062 20.761 -6.64565 
122.879 82.5792 20.761 -6.64579 
125.037 83.8521 20.761 -6.64591 
127.194 85.1251 20.761 -6.64599 
129.352 86.3981 20.761 -6.64603 
131.509 87.6711 20.761 -6.64602 
133.667 88.944 20.761 -6.64595 
135.824 90.217 20.761 -6.64583 
137.981 91.49 20.761 -6.64563 
107.801 71.1635 20.761 -6.6451 
109.958 72.4364 20.761 -6.64516 
112.116 73.7094 20.761 -6.64525 
114.273 74.9824 20.761 -6.64537 
116.431 76.2554 20.761 -6.6455 
118.588 77.5283 20.761 -6.64565 
120.746 78.8013 20.761 -6.64579 
122.903 80.0743 20.761 -6.64591 
125.061 81.3473 20.761 -6.64602 
127.218 82.6202 20.761 -6.6461 
129.375 83.8932 20.761 -6.64614 
131.533 85.1662 20.761 -6.64613 
133.69 86.4392 20.761 -6.64607 
135.848 87.7121 20.761 -6.64595 
138.005 88.9851 20.761 -6.64576 
140.163 90.2581 20.761 -6.6455 
142.32 91.5311 20.761 -6.64518 
109.982 69.9315 20.761 -6.64535 
112.14 71.2045 20.761 -6.64542 
114.297 72.4775 20.761 -6.64552 
116.454 73.7505 20.761 -6.64563 
118.612 75.0234 20.761 -6.64576 
120.769 76.2964 20.761 -6.64589 
122.927 77.5694 20.761 -6.64601 
125.084 78.8424 20.761 -6.64611 
127.242 80.1153 20.761 -6.64619 
129.399 81.3883 20.761 -6.64623 
131.557 82.6613 20.761 -6.64623 
133.714 83.9343 20.761 -6.64617 
135.871 85.2072 20.761 -6.64606 
138.029 86.4802 20.761 -6.64589 
140.186 87.7532 20.761 -6.64565 
142.344 89.0262 20.761 -6.64534 
144.501 90.2992 20.761 -6.64495 
146.659 91.5721 20.761 -6.6445 
114.321 69.9726 20.761 -6.64561 
116.478 71.2456 20.761 -6.64571 
118.636 72.5186 20.761 -6.64583 
120.793 73.7915 20.761 -6.64595 
122.951 75.0645 20.761 -6.64606 
125.108 76.3375 20.761 -6.64616 
127.265 77.6105 20.761 -6.64624 
129.423 78.8834 20.761 -6.64629 
131.58 80.1564 20.761 -6.6463 
133.738 81.4294 20.761 -6.64626 
135.895 82.7024 20.761 -6.64616 
138.053 83.9753 20.761 -6.64601 
140.21 85.2483 20.761 -6.64579 
142.367 86.5213 20.761 -6.6455 
144.525 87.7943 20.761 -6.64513 
146.682 89.0672 20.761 -6.6447 
148.84 90.3402 20.761 -6.6442 
150.997 91.6132 20.761 -6.64363 
118.659 70.0137 20.761 -6.64584 
120.817 71.2866 20.761 -6.64595 
122.974 72.5596 20.761 -6.64607 
125.132 73.8326 20.761 -6.64617 
127.289 75.1056 20.761 -6.64626 
129.447 76.3785 20.761 -6.64632 
131.604 77.6515 20.761 -6.64634 
133.761 78.9245 20.761 -6.64632 
135.919 80.1975 20.761 -6.64624 
138.076 81.4704 20.761 -6.64611 
140.234 82.7434 20.761 -6.64591 
142.391 84.0164 20.761 -6.64565 
144.549 85.2894 20.761 -6.64532 
146.706 86.5624 20.761 -6.64491 
148.864 87.8353 20.761 -6.64443 
151.021 89.1083 20.761 -6.64389 
153.178 90.3813 20.761 -6.64327 
155.336 91.6543 20.761 -6.6426 
120.84 68.7818 20.761 -6.6459 
122.998 70.0547 20.761 -6.64602 
125.155 71.3277 20.761 -6.64613 
127.313 72.6007 20.761 -6.64623 
129.47 73.8737 20.761 -6.6463 
131.628 75.1466 20.761 -6.64634 
133.785 76.4196 20.761 -6.64634 
135.943 77.6926 20.761 -6.64629 
138.1 78.9656 20.761 -6.64619 
140.257 80.2385 20.761 -6.64602 
142.415 81.5115 20.761 -6.64579 
144.572 82.7845 20.761 -6.64549 
146.73 84.0575 20.761 -6.64512 
148.887 85.3304 20.761 -6.64467 
151.045 86.6034 20.761 -6.64416 
153.202 87.8764 20.761 -6.64358 
155.36 89.1494 20.761 -6.64293 
157.517 90.4223 20.761 -6.64222 
125.179 68.8228 20.761 -6.64603 
127.337 70.0958 20.761 -6.64614 
129.494 71.3688 20.761 -6.64623 
131.651 72.6417 20.761 -6.64629 
133.809 73.9147 20.761 -6.64632 
135.966 75.1877 20.761 -6.6463 
138.124 76.4607 20.761 -6.64623 
140.281 77.7336 20.761 -6.6461 
142.439 79.0066 20.761 -6.64591 
144.596 80.2796 20.761 -6.64564 
146.753 81.5526 20.761 -6.64531 
148.911 82.8256 20.761 -6.64491 
151.068 84.0985 20.761 -6.64443 
153.226 85.3715 20.761 -6.64389 
155.383 86.6445 20.761 -6.64328 
157.541 87.9175 20.761 -6.6426 
159.698 89.1904 20.761 -6.64187 
161.856 90.4634 20.761 -6.64108 
129.518 68.8639 20.761 -6.6461 
131.675 70.1369 20.761 -6.64619 
133.833 71.4098 20.761 -6.64624 
135.99 72.6828 20.761 -6.64626 
138.147 73.9558 20.761 -6.64623 
140.305 75.2288 20.761 -6.64614 
142.462 76.5017 20.761 -6.64599 
144.62 77.7747 20.761 -6.64577 
146.777 79.0477 20.761 -6.64549 
148.935 80.3207 20.761 -6.64513 
151.092 81.5936 20.761 -6.6447 
153.25 82.8666 20.761 -6.6442 
155.407 84.1396 20.761 -6.64363 
157.564 85.4126 20.761 -6.643 
159.722 86.6855 20.761 -6.6423 
161.879 87.9585 20.761 -6.64155 
164.037 89.2315 20.761 -6.64075 
166.194 90.5045 20.761 -6.6399 
133.856 68.9049 20.761 -6.64611 
136.014 70.1779 20.761 -6.64616 
138.171 71.4509 20.761 -6.64617 
140.329 72.7239 20.761 -6.64613 
142.486 73.9968 20.761 -6.64603 
144.643 75.2698 20.761 -6.64586 
146.801 76.5428 20.761 -6.64563 
148.958 77.8158 20.761 -6.64533 
151.116 79.0888 20.761 -6.64495 
153.273 80.3617 20.761 -6.6445 
155.431 81.6347 20.761 -6.64398 
157.588 82.9077 20.761 -6.6434 
159.746 84.1807 20.761 -6.64275 
161.903 85.4536 20.761 -6.64204 
164.06 86.7266 20.761 -6.64127 
166.218 87.9996 20.761 -6.64046 
168.375 89.2726 20.761 -6.63962 
170.533 90.5455 20.761 -6.63874 
138.195 68.946 20.761 -6.64606 
140.352 70.219 20.761 -6.64607 
142.51 71.492 20.761 -6.64602 
144.667 72.7649 20.761 -6.64591 
146.825 74.0379 20.761 -6.64573 
148.982 75.3109 20.761 -6.64549 
151.14 76.5839 20.761 -6.64517 
153.297 77.8568 20.761 -6.64478 
155.454 79.1298 20.761 -6.64432 
157.612 80.4028 20.761 -6.64379 
159.769 81.6758 20.761 -6.6432 
161.927 82.9487 20.761 -6.64254 
164.084 84.2217 20.761 -6.64182 
166.242 85.4947 20.761 -6.64105 
168.399 86.7677 20.761 -6.64024 
170.556 88.0406 20.761 -6.63939 
172.714 89.3136 20.761 -6.63852 
174.871 90.5866 20.761 -6.63763 
142.533 68.9871 20.761 -6.64595 
144.691 70.26 20.761 -6.6459 
146.848 71.533 20.761 -6.64579 
149.006 72.806 20.761 -6.64561 
151.163 74.079 20.761 -6.64536 
153.321 75.352 20.761 -6.64503 
155.478 76.6249 20.761 -6.64464 
157.636 77.8979 20.761 -6.64417 
159.793 79.1709 20.761 -6.64364 
161.95 80.4439 20.761 -6.64303 
164.108 81.7168 20.761 -6.64237 
166.265 82.9898 20.761 -6.64165 
168.423 84.2628 20.761 -6.64088 
170.58 85.5358 20.761 -6.64008 
172.738 86.8087 20.761 -6.63924 
174.895 88.0817 20.761 -6.63837 
177.053 89.3547 20.761 -6.6375 
179.21 90.6277 20.761 -6.63663 
146.872 69.0281 20.761 -6.64579 
149.029 70.3011 20.761 -6.64568 
151.187 71.5741 20.761 -6.6455 
153.344 72.8471 20.761 -6.64525 
155.502 74.12 20.761 -6.64492 
157.659 75.393 20.761 -6.64453 
159.817 76.666 20.761 -6.64406 
161.974 77.939 20.761 -6.64352 
164.132 79.2119 20.761 -6.64292 
166.289 80.4849 20.761 -6.64225 
168.446 81.7579 20.761 -6.64154 
170.604 83.0309 20.761 -6.64078 
172.761 84.3038 20.761 -6.63998 
174.919 85.5768 20.761 -6.63915 
177.076 86.8498 20.761 -6.63831 
179.234 88.1228 20.761 -6.63745 
181.391 89.3958 20.761 -6.63661 
183.549 90.6687 20.761 -6.63577 
151.211 69.0692 20.761 -6.64559 
153.368 70.3422 20.761 -6.64541 
155.526 71.6152 20.761 -6.64516 
157.683 72.8881 20.761 -6.64484 
159.84 74.1611 20.761 -6.64445 
161.998 75.4341 20.761 -6.64398 
164.155 76.7071 20.761 -6.64345 
166.313 77.98 20.761 -6.64285 
168.47 79.253 20.761 -6.6422 
170.628 80.526 20.761 -6.64149 
172.785 81.799 20.761 -6.64074 
174.942 83.0719 20.761 -6.63995 
177.1 84.3449 20.761 -6.63914 
179.257 85.6179 20.761 -6.63832 
181.415 86.8909 20.761 -6.63749 
155.549 69.1103 20.761 -6.64536 
157.707 70.3832 20.761 -6.64512 
159.864 71.6562 20.761 -6.6448 
162.022 72.9292 20.761 -6.64441 
164.179 74.2022 20.761 -6.64395 
166.336 75.4751 20.761 -6.64343 
168.494 76.7481 20.761 -6.64284 
170.651 78.0211 20.761 -6.6422 
172.809 79.2941 20.761 -6.6415 
174.966 80.567 20.761 -6.64077 
177.124 81.84 20.761 -6.64 
179.281 83.113 20.761 -6.63921 
159.888 69.1513 20.761 -6.64511 
162.045 70.4243 20.761 -6.6448 
164.203 71.6973 20.761 -6.64442 
166.36 72.9703 20.761 -6.64398 
168.518 74.2432 20.761 -6.64346 
170.675 75.5162 20.761 -6.64289 
172.832 76.7892 20.761 -6.64226 
174.99 78.0622 20.761 -6.64158 
177.147 79.3351 20.761 -6.64086 
164.226 69.1924 20.761 -6.64485 
166.384 70.4654 20.761 -6.64449 
168.541 71.7383 20.761 -6.64405 
170.699 73.0113 20.761 -6.64355 
172.856 74.2843 20.761 -6.64299 
175.014 75.5573 20.761 -6.64238 
168.565 69.2335 20.761 -6.6446 
170.722 70.5064 20.761 -6.64418 
172.88 71.7794 20.761 -6.64369 
131.272 112.72 20.761 -6.64595 
133.43 113.993 20.761 -6.64605 
129.138 108.942 20.761 -6.64564 
131.296 110.215 20.761 -6.64579 
133.453 111.488 20.761 -6.64586 
135.611 112.761 20.761 -6.64587 
137.768 114.034 20.761 -6.64579 
127.005 105.164 20.761 -6.64536 
129.162 106.437 20.761 -6.64555 
131.319 107.71 20.761 -6.64567 
133.477 108.983 20.761 -6.64572 
135.634 110.256 20.761 -6.6457 
137.792 111.529 20.761 -6.64561 
139.949 112.802 20.761 -6.64544 
142.107 114.075 20.761 -6.64519 
124.871 101.386 20.761 -6.64512 
127.028 102.659 20.761 -6.64534 
129.186 103.932 20.761 -6.6455 
131.343 105.205 20.761 -6.6456 
133.501 106.478 20.761 -6.64563 
135.658 107.751 20.761 -6.64558 
137.816 109.024 20.761 -6.64547 
139.973 110.297 20.761 -6.64528 
142.13 111.57 20.761 -6.64501 
144.288 112.843 20.761 -6.64468 
146.445 114.116 20.761 -6.64428 
122.737 97.6085 20.761 -6.64492 
124.895 98.8815 20.761 -6.64516 
127.052 100.154 20.761 -6.64536 
129.209 101.427 20.761 -6.64549 
131.367 102.7 20.761 -6.64557 
133.524 103.973 20.761 -6.64557 
135.682 105.246 20.761 -6.64551 
137.839 106.519 20.761 -6.64537 
139.997 107.792 20.761 -6.64516 
142.154 109.065 20.761 -6.64488 
144.312 110.338 20.761 -6.64453 
146.469 111.611 20.761 -6.64411 
148.626 112.884 20.761 -6.64362 
150.784 114.157 20.761 -6.64308 
120.603 93.8306 20.761 -6.64478 
122.761 95.1036 20.761 -6.64503 
124.918 96.3766 20.761 -6.64525 
127.076 97.6496 20.761 -6.64541 
129.233 98.9225 20.761 -6.64552 
131.391 100.196 20.761 -6.64558 
133.548 101.468 20.761 -6.64556 
135.705 102.741 20.761 -6.64548 
137.863 104.014 20.761 -6.64532 
140.02 105.287 20.761 -6.6451 
142.178 106.56 20.761 -6.6448 
144.335 107.833 20.761 -6.64443 
146.493 109.106 20.761 -6.64399 
148.65 110.379 20.761 -6.64349 
150.808 111.652 20.761 -6.64293 
152.965 112.925 20.761 -6.64232 
155.122 114.198 20.761 -6.64166 
122.785 92.5987 20.761 -6.64517 
124.942 93.8717 20.761 -6.64536 
127.099 95.1447 20.761 -6.6455 
129.257 96.4176 20.761 -6.64559 
131.414 97.6906 20.761 -6.64562 
133.572 98.9636 20.761 -6.64559 
135.729 100.237 20.761 -6.64549 
137.887 101.51 20.761 -6.64532 
140.044 102.783 20.761 -6.64508 
142.202 104.056 20.761 -6.64476 
144.359 105.328 20.761 -6.64438 
146.516 106.601 20.761 -6.64393 
148.674 107.874 20.761 -6.64341 
150.831 109.147 20.761 -6.64283 
152.989 110.42 20.761 -6.6422 
155.146 111.693 20.761 -6.64153 
157.304 112.966 20.761 -6.64081 
159.461 114.239 20.761 -6.64007 
127.123 92.6398 20.761 -6.64561 
129.281 93.9128 20.761 -6.64568 
131.438 95.1857 20.761 -6.6457 
133.595 96.4587 20.761 -6.64565 
135.753 97.7317 20.761 -6.64554 
137.91 99.0047 20.761 -6.64535 
140.068 100.278 20.761 -6.6451 
142.225 101.551 20.761 -6.64477 
144.383 102.824 20.761 -6.64438 
146.54 104.097 20.761 -6.64391 
148.698 105.37 20.761 -6.64339 
150.855 106.643 20.761 -6.64279 
153.012 107.915 20.761 -6.64215 
155.17 109.188 20.761 -6.64146 
157.327 110.461 20.761 -6.64072 
159.485 111.734 20.761 -6.63996 
161.642 113.007 20.761 -6.63917 
163.8 114.28 20.761 -6.63837 
131.462 92.6808 20.761 -6.64579 
133.619 93.9538 20.761 -6.64573 
135.777 95.2268 20.761 -6.64561 
137.934 96.4998 20.761 -6.64542 
140.092 97.7728 20.761 -6.64516 
142.249 99.0457 20.761 -6.64483 
144.406 100.319 20.761 -6.64442 
146.564 101.592 20.761 -6.64395 
148.721 102.865 20.761 -6.64341 
150.879 104.138 20.761 -6.64281 
153.036 105.411 20.761 -6.64216 
155.194 106.684 20.761 -6.64145 
157.351 107.957 20.761 -6.6407 
159.508 109.23 20.761 -6.63992 
161.666 110.503 20.761 -6.63911 
163.823 111.775 20.761 -6.63829 
165.981 113.048 20.761 -6.63746 
168.138 114.321 20.761 -6.63664 
135.8 92.7219 20.761 -6.64571 
137.958 93.9949 20.761 -6.64552 
140.115 95.2679 20.761 -6.64525 
142.273 96.5408 20.761 -6.64492 
144.43 97.8138 20.761 -6.64451 
146.588 99.0868 20.761 -6.64404 
148.745 100.36 20.761 -6.64349 
150.902 101.633 20.761 -6.64289 
153.06 102.906 20.761 -6.64222 
155.217 104.179 20.761 -6.64151 
157.375 105.452 20.761 -6.64075 
159.532 106.725 20.761 -6.63995 
161.69 107.998 20.761 -6.63912 
163.847 109.271 20.761 -6.63828 
166.005 110.544 20.761 -6.63743 
168.162 111.817 20.761 -6.63658 
170.319 113.09 20.761 -6.63575 
172.477 114.363 20.761 -6.63495 
140.139 92.763 20.761 -6.64537 
142.296 94.036 20.761 -6.64504 
144.454 95.3089 20.761 -6.64463 
146.611 96.5819 20.761 -6.64416 
148.769 97.8549 20.761 -6.64362 
150.926 99.1279 20.761 -6.64301 
153.084 100.401 20.761 -6.64234 
155.241 101.674 20.761 -6.64162 
157.398 102.947 20.761 -6.64086 
159.556 104.22 20.761 -6.64005 
161.713 105.493 20.761 -6.63921 
163.871 106.766 20.761 -6.63835 
166.028 108.039 20.761 -6.63748 
168.186 109.312 20.761 -6.63661 
170.343 110.585 20.761 -6.63575 
172.501 111.858 20.761 -6.63492 
174.658 113.131 20.761 -6.63412 
176.815 114.404 20.761 -6.63337 
144.478 92.804 20.761 -6.64478 
146.635 94.077 20.761 -6.64432 
148.792 95.35 20.761 -6.64378 
150.95 96.623 20.761 -6.64318 
153.107 97.8959 20.761 -6.64252 
155.265 99.1689 20.761 -6.6418 
157.422 100.442 20.761 -6.64103 
159.58 101.715 20.761 -6.64022 
161.737 102.988 20.761 -6.63937 
163.894 104.261 20.761 -6.6385 
166.052 105.534 20.761 -6.63761 
168.209 106.807 20.761 -6.63672 
170.367 108.08 20.761 -6.63584 
172.524 109.353 20.761 -6.63498 
174.682 110.626 20.761 -6.63415 
176.839 111.899 20.761 -6.63336 
178.997 113.172 20.761 -6.63263 
181.154 114.445 20.761 -6.63196 
148.816 92.8451 20.761 -6.64398 
150.974 94.1181 20.761 -6.64339 
153.131 95.3911 20.761 -6.64274 
155.288 96.664 20.761 -6.64202 
157.446 97.937 20.761 -6.64126 
159.603 99.21 20.761 -6.64045 
161.761 100.483 20.761 -6.6396 
163.918 101.756 20.761 -6.63872 
166.076 103.029 20.761 -6.63783 
168.233 104.302 20.761 -6.63692 
170.391 105.575 20.761 -6.63602 
172.548 106.848 20.761 -6.63513 
174.705 108.121 20.761 -6.63428 
176.863 109.394 20.761 -6.63345 
179.02 110.667 20.761 -6.63269 
181.178 111.94 20.761 -6.63198 
183.335 113.213 20.761 -6.63135 
185.493 114.486 20.761 -6.6308 
153.155 92.8862 20.761 -6.64299 
155.312 94.1591 20.761 -6.64229 
157.47 95.4321 20.761 -6.64154 
159.627 96.7051 20.761 -6.64074 
161.784 97.9781 20.761 -6.63989 
163.942 99.251 20.761 -6.63902 
166.099 100.524 20.761 -6.63812 
168.257 101.797 20.761 -6.6372 
170.414 103.07 20.761 -6.63629 
172.572 104.343 20.761 -6.63538 
174.729 105.616 20.761 -6.6345 
176.887 106.889 20.761 -6.63365 
179.044 108.162 20.761 -6.63285 
181.201 109.435 20.761 -6.6321 
183.359 110.708 20.761 -6.63143 
185.516 111.981 20.761 -6.63083 
187.674 113.254 20.761 -6.63033 
189.831 114.527 20.761 -6.62993 
157.493 92.9272 20.761 -6.64186 
159.651 94.2002 20.761 -6.64107 
161.808 95.4732 20.761 -6.64024 
163.966 96.7462 20.761 -6.63937 
166.123 98.0191 20.761 -6.63848 
168.281 99.2921 20.761 -6.63756 
170.438 100.565 20.761 -6.63664 
172.595 101.838 20.761 -6.63572 
174.753 103.111 20.761 -6.63482 
176.91 104.384 20.761 -6.63395 
179.068 105.657 20.761 -6.63312 
181.225 106.93 20.761 -6.63234 
183.383 108.203 20.761 -6.63162 
185.54 109.476 20.761 -6.63098 
187.697 110.749 20.761 -6.63043 
189.855 112.022 20.761 -6.62998 
192.012 113.295 20.761 -6.62963 
194.17 114.568 20.761 -6.62939 
159.674 91.6953 20.761 -6.64145 
161.832 92.9683 20.761 -6.64064 
163.989 94.2413 20.761 -6.63979 
166.147 95.5142 20.761 -6.6389 
168.304 96.7872 20.761 -6.63799 
170.462 98.0602 20.761 -6.63707 
172.619 99.3332 20.761 -6.63615 
174.777 100.606 20.761 -6.63523 
176.934 101.879 20.761 -6.63434 
179.091 103.152 20.761 -6.63349 
181.249 104.425 20.761 -6.63268 
183.406 105.698 20.761 -6.63193 
185.564 106.971 20.761 -6.63125 
187.721 108.244 20.761 -6.63065 
189.879 109.517 20.761 -6.63015 
192.036 110.79 20.761 -6.62974 
194.194 112.063 20.761 -6.62945 
196.351 113.336 20.761 -6.62927 
164.013 91.7364 20.761 -6.64025 
166.17 93.0094 20.761 -6.63938 
168.328 94.2823 20.761 -6.63848 
170.485 95.5553 20.761 -6.63757 
172.643 96.8283 20.761 -6.63664 
174.8 98.1013 20.761 -6.63573 
176.958 99.3742 20.761 -6.63483 
179.115 100.647 20.761 -6.63395 
181.273 101.92 20.761 -6.63312 
183.43 103.193 20.761 -6.63234 
185.587 104.466 20.761 -6.63162 
187.745 105.739 20.761 -6.63099 
189.902 107.012 20.761 -6.63043 
192.06 108.285 20.761 -6.62998 
194.217 109.558 20.761 -6.62963 
168.352 91.7774 20.761 -6.63903 
170.509 93.0504 20.761 -6.63813 
172.667 94.3234 20.761 -6.63721 
174.824 95.5964 20.761 -6.6363 
176.981 96.8693 20.761 -6.63539 
179.139 98.1423 20.761 -6.63451 
181.296 99.4153 20.761 -6.63366 
183.454 100.688 20.761 -6.63285 
185.611 101.961 20.761 -6.63211 
187.769 103.234 20.761 -6.63143 
189.926 104.507 20.761 -6.63084 
192.083 105.78 20.761 -6.63033 
172.69 91.8185 20.761 -6.63784 
174.848 93.0915 20.761 -6.63694 
177.005 94.3645 20.761 -6.63603 
179.163 95.6374 20.761 -6.63515 
181.32 96.9104 20.761 -6.63428 
183.477 98.1834 20.761 -6.63346 
185.635 99.4564 20.761 -6.63269 
187.792 100.729 20.761 -6.63198 
189.95 102.002 20.761 -6.63135 
177.029 91.8596 20.761 -6.63674 
179.186 93.1325 20.761 -6.63586 
181.344 94.4055 20.761 -6.63499 
183.501 95.6785 20.761 -6.63416 
185.659 96.9515 20.761 -6.63337 
187.816 98.2245 20.761 -6.63264 
181.367 91.9006 20.761 -6.63577 
183.525 93.1736 20.761 -6.63493 
185.682 94.4466 20.761 -6.63413 
