14.0666 22.7968 20.7948 -6.76266 
11.9405 19.0159 20.812 -6.75913 
14.099 20.3005 20.803 -6.76102 
16.2594 21.5825 20.7946 -6.7629 
18.4217 22.8619 20.787 -6.76466 
9.82418 15.2296 20.8313 -6.75512 
11.9783 16.518 20.8211 -6.7573 
14.1346 17.8036 20.8111 -6.75939 
16.2928 19.0864 20.8015 -6.76148 
18.453 20.3666 20.7926 -6.76344 
20.6148 21.6442 20.7845 -6.76529 
22.7781 22.9195 20.7772 -6.76695 
7.71802 11.4373 20.8522 -6.75103 
9.8676 12.7297 20.8409 -6.75327 
12.0194 14.0193 20.8297 -6.75552 
14.1734 15.306 20.8188 -6.7578 
16.3293 16.5897 20.8083 -6.76009 
18.4872 17.8706 20.7982 -6.76228 
20.6468 19.1488 20.7888 -6.76434 
22.8081 20.4246 20.7804 -6.76622 
24.9708 21.6979 20.7728 -6.76796 
27.1346 22.9694 20.7663 -6.76945 
5.62134 7.63952 20.8742 -6.74693 
7.76684 8.93556 20.8621 -6.74914 
9.91422 10.2291 20.8498 -6.75152 
12.0636 11.5199 20.8378 -6.75388 
14.2153 12.8076 20.826 -6.75628 
16.3689 14.0921 20.8146 -6.75864 
18.5245 15.3737 20.8036 -6.76099 
20.6818 16.6525 20.7933 -6.76323 
22.8408 17.9287 20.7837 -6.76534 
25.0014 19.2024 20.7751 -6.76725 
27.1632 20.4739 20.7676 -6.76898 
29.3262 21.7435 20.7612 -6.77043 
31.49 23.0114 20.7558 -6.77162 
3.5317 3.83741 20.8939 -6.7435 
5.67436 5.1362 20.8832 -6.74534 
7.81824 6.43316 20.8708 -6.7475 
9.96368 7.72768 20.8579 -6.74994 
12.1109 9.01943 20.8452 -6.75235 
14.2601 10.3081 20.8327 -6.75487 
16.4115 11.5935 20.8206 -6.75724 
18.5647 12.8757 20.8089 -6.75975 
20.7197 14.1552 20.7977 -6.76204 
22.8763 15.4318 20.7872 -6.76436 
25.0346 16.706 20.7777 -6.76638 
27.1943 17.9776 20.7694 -6.76829 
29.3553 19.2472 20.7622 -6.76991 
31.5172 20.5151 20.7561 -6.77132 
33.68 21.7814 20.7512 -6.7724 
35.8436 23.0463 20.7472 -6.77339 
1.44611 0.0324604 20.9038 -6.74195 
3.58724 1.33307 20.8987 -6.74275 
5.72899 2.63243 20.8894 -6.74428 
7.87158 3.93005 20.8775 -6.74632 
10.0155 5.22534 20.8646 -6.74866 
12.1607 6.51796 20.8516 -6.75109 
14.3078 7.80748 20.8388 -6.75363 
16.4567 9.09379 20.8262 -6.75611 
18.6076 10.3768 20.814 -6.75855 
20.7603 11.6568 20.8022 -6.76097 
22.9146 12.9339 20.791 -6.76329 
25.0705 14.2084 20.7808 -6.76547 
27.2279 15.4804 20.7716 -6.76746 
29.3867 16.7501 20.7638 -6.76922 
31.5468 18.0178 20.7571 -6.77073 
33.7077 19.2841 20.7517 -6.77198 
35.8696 20.5489 20.7474 -6.77299 
38.0321 21.8123 20.7439 -6.77392 
5.78441 0.128103 20.8916 -6.74391 
7.92608 1.42615 20.8813 -6.74569 
10.0688 2.72212 20.8692 -6.74781 
12.2124 4.01547 20.8565 -6.75017 
14.3576 5.30578 20.8438 -6.75255 
16.5044 6.59281 20.8312 -6.75505 
18.6531 7.87657 20.8188 -6.75742 
20.8034 9.15712 20.8066 -6.75989 
22.9556 10.4348 20.795 -6.7622 
25.1091 11.7097 20.7843 -6.76445 
27.2643 12.982 20.7745 -6.76648 
29.4208 14.2518 20.7661 -6.76838 
31.5787 15.5198 20.7589 -6.76991 
33.7377 16.786 20.753 -6.77134 
35.8977 18.0507 20.7483 -6.77242 
38.0585 19.314 20.7446 -6.77339 
40.2202 20.5762 20.7417 -6.77414 
42.3823 21.8376 20.7395 -6.77476 
10.1227 0.217871 20.8708 -6.74753 
12.2653 1.51177 20.8593 -6.74965 
14.409 2.80281 20.8473 -6.75189 
16.554 4.09056 20.8352 -6.75421 
18.7006 5.37507 20.823 -6.75653 
20.8489 6.65628 20.8109 -6.75891 
22.9988 7.93447 20.7992 -6.76117 
25.1503 9.2098 20.7881 -6.76341 
27.3032 10.4825 20.778 -6.76544 
29.4575 11.7526 20.7691 -6.76741 
31.6132 13.0207 20.7615 -6.76903 
33.7702 14.2869 20.7552 -6.77049 
35.9282 15.5516 20.7501 -6.77168 
38.0872 16.8149 20.746 -6.77268 
40.2471 18.0769 20.7429 -6.77355 
42.4076 19.338 20.7405 -6.77419 
44.5687 20.5984 20.7388 -6.77472 
46.7304 21.8582 20.7375 -6.77515 
14.4611 0.298649 20.8486 -6.75174 
16.6048 1.58713 20.8376 -6.75382 
18.7496 2.87224 20.8262 -6.756 
20.8961 4.15413 20.8146 -6.75823 
23.0439 5.43296 20.8031 -6.76043 
25.1934 6.70881 20.7921 -6.76255 
27.3442 7.98184 20.7819 -6.76455 
29.4966 9.25234 20.7727 -6.7664 
31.6502 10.5206 20.7648 -6.7681 
33.8051 11.787 20.7581 -6.76955 
35.9611 13.0517 20.7527 -6.77086 
38.1182 14.315 20.7483 -6.77186 
40.2763 15.5769 20.7449 -6.77274 
42.4352 16.8378 20.7423 -6.77342 
44.5947 18.0979 20.7404 -6.77401 
46.7548 19.3575 20.7389 -6.77453 
48.9153 20.6166 20.7378 -6.77493 
51.0766 21.8753 20.737 -6.77528 
18.7995 0.368086 20.8277 -6.75578 
20.9444 1.65064 20.8171 -6.75786 
23.0905 2.93 20.8063 -6.75989 
25.2381 4.20646 20.7957 -6.76188 
27.3871 5.47997 20.7857 -6.76381 
29.5376 6.7509 20.7765 -6.76557 
31.6893 8.01944 20.7685 -6.76719 
33.8423 9.28604 20.7616 -6.76862 
35.9963 10.5509 20.7559 -6.76985 
38.1515 11.8142 20.7513 -6.7709 
40.3078 13.0762 20.7477 -6.77182 
42.4649 14.337 20.7449 -6.77258 
44.6228 15.5969 20.7427 -6.77321 
46.7814 16.8562 20.7411 -6.77375 
48.9404 18.1151 20.7398 -6.77418 
51.1002 19.3736 20.7389 -6.7746 
53.2602 20.6316 20.7381 -6.77496 
55.4208 21.8896 20.7375 -6.77526 
23.138 0.425786 20.8083 -6.75968 
25.2841 1.70277 20.7985 -6.76157 
27.4314 2.97691 20.789 -6.76333 
29.58 4.24831 20.7802 -6.76503 
31.73 5.51727 20.7723 -6.76653 
33.8812 6.78407 20.7654 -6.76787 
36.0336 8.04913 20.7596 -6.76903 
38.1869 9.3126 20.7548 -6.77005 
40.3414 10.5746 20.751 -6.77093 
42.4968 11.8355 20.748 -6.77165 
44.6531 13.0953 20.7457 -6.7723 
46.8101 14.3545 20.7438 -6.77285 
48.9678 15.6131 20.7424 -6.77337 
51.126 16.8713 20.7413 -6.77376 
53.2847 18.1291 20.7404 -6.77416 
55.4438 19.3868 20.7397 -6.77453 
57.6032 20.6444 20.739 -6.77485 
59.7629 21.9023 20.7384 -6.77516 
27.4765 0.472608 20.7913 -6.7632 
29.6236 1.7445 20.7831 -6.76471 
31.7721 3.01394 20.7756 -6.76608 
33.9217 4.28111 20.769 -6.76731 
36.0724 5.54641 20.7633 -6.76839 
38.2242 6.81006 20.7585 -6.76931 
40.377 8.07224 20.7546 -6.77012 
42.5308 9.33318 20.7515 -6.77077 
44.6855 10.5931 20.749 -6.7714 
46.8409 11.8521 20.7471 -6.77193 
48.9972 13.1106 20.7455 -6.77241 
51.1539 14.3687 20.7443 -6.77284 
53.3113 15.6262 20.7433 -6.77328 
55.469 16.8836 20.7424 -6.77368 
57.6272 18.141 20.7416 -6.77404 
59.7856 19.3985 20.7409 -6.77443 
61.9444 20.6561 20.7401 -6.77479 
64.1033 21.914 20.7393 -6.77512 
31.815 0.509504 20.7781 -6.76593 
33.9633 1.77711 20.772 -6.767 
36.1126 3.04277 20.7666 -6.76792 
38.263 4.30669 20.762 -6.76875 
40.4144 5.56912 20.7582 -6.76942 
42.5666 6.83019 20.7551 -6.77005 
44.7198 8.09021 20.7526 -6.77059 
46.8737 9.34924 20.7506 -6.7711 
49.0285 10.6078 20.7489 -6.77154 
51.1839 11.8656 20.7476 -6.77196 
53.3399 13.1231 20.7465 -6.77234 
55.4964 14.3801 20.7455 -6.77277 
57.6534 15.6372 20.7446 -6.77315 
59.8106 16.8944 20.7438 -6.77356 
61.9681 18.1517 20.7429 -6.77395 
64.1258 19.4091 20.742 -6.77434 
66.2838 20.6669 20.741 -6.77475 
68.4418 21.9252 20.74 -6.77511 
36.1534 0.538283 20.7691 -6.76784 
38.3027 1.80252 20.7649 -6.76852 
40.4528 3.06522 20.7614 -6.76905 
42.6039 4.32649 20.7584 -6.76956 
44.7558 5.58666 20.756 -6.76997 
46.9084 6.84577 20.754 -6.7704 
49.0617 8.10429 20.7524 -6.77079 
51.2158 9.36214 20.7511 -6.77114 
53.3704 10.6195 20.7499 -6.77146 
55.5258 11.8764 20.7489 -6.77184 
57.6815 13.1333 20.748 -6.77221 
59.8376 14.3902 20.747 -6.77262 
61.9939 15.6472 20.7461 -6.77302 
64.1505 16.9042 20.745 -6.77348 
66.3073 18.1616 20.744 -6.77395 
68.4643 19.4194 20.7428 -6.77435 
70.6213 20.6779 20.7416 -6.77479 
72.7784 21.937 20.7403 -6.77516 
40.4919 0.560541 20.7638 -6.769 
42.642 1.82216 20.7611 -6.7693 
44.7928 3.08244 20.7589 -6.76963 
46.9445 4.34177 20.7571 -6.76983 
49.0966 5.60025 20.7556 -6.77016 
51.2494 6.85824 20.7543 -6.77041 
53.4028 8.11558 20.7532 -6.77075 
55.5569 9.37247 20.7522 -6.77103 
57.7114 10.6291 20.7513 -6.7714 
59.8664 11.8858 20.7504 -6.77174 
62.0217 13.1425 20.7494 -6.77215 
64.1773 14.3993 20.7484 -6.77256 
66.333 15.6562 20.7472 -6.77303 
68.489 16.9136 20.746 -6.7735 
70.6449 18.1716 20.7447 -6.77397 
72.801 19.4303 20.7433 -6.77444 
74.9571 20.6897 20.7418 -6.77489 
77.1132 21.95 20.7404 -6.77525 
44.8304 0.577657 20.7611 -6.76956 
46.9811 1.83722 20.7596 -6.76964 
49.1325 3.09581 20.7583 -6.7698 
51.2844 4.35387 20.7572 -6.76993 
53.4368 5.61119 20.7562 -6.77013 
55.5897 6.86812 20.7553 -6.77034 
57.7432 8.12468 20.7545 -6.77065 
59.8971 9.38121 20.7536 -6.77095 
62.0513 10.6377 20.7527 -6.77128 
64.2059 11.8943 20.7518 -6.77164 
66.3607 13.1509 20.7507 -6.77208 
68.5157 14.4079 20.7494 -6.77255 
70.6707 15.6654 20.7481 -6.77302 
72.8258 16.9236 20.7466 -6.77357 
74.9809 18.1826 20.7451 -6.77405 
77.1361 19.4423 20.7435 -6.77453 
49.1689 0.590919 20.7602 -6.76976 
51.3201 1.84904 20.7594 -6.76974 
53.4719 3.10651 20.7586 -6.76977 
55.624 4.36345 20.7579 -6.76983 
57.7766 5.61995 20.7572 -6.77003 
59.9295 6.87639 20.7565 -6.77024 
62.0828 8.13282 20.7558 -6.77054 
64.2363 9.38916 20.7549 -6.77086 
66.3902 10.6456 20.7539 -6.77121 
68.5443 11.9023 20.7528 -6.77164 
70.6984 13.1594 20.7516 -6.77213 
72.8527 14.4172 20.7502 -6.77263 
75.0069 15.6756 20.7486 -6.77315 
53.5073 0.601569 20.7602 -6.76975 
55.6589 1.85852 20.7598 -6.76968 
57.8109 3.1151 20.7593 -6.76969 
59.9631 4.37146 20.7588 -6.76979 
62.1157 5.62776 20.7583 -6.76996 
64.2684 6.88397 20.7576 -6.7702 
66.4215 8.14022 20.7568 -6.77051 
68.5747 9.39663 20.7559 -6.77088 
70.7281 10.6535 20.7548 -6.7713 
72.8815 11.9109 20.7536 -6.77175 
57.8457 0.609992 20.7606 -6.76968 
59.9975 1.86636 20.7604 -6.76959 
62.1497 3.12257 20.7601 -6.76963 
64.3019 4.37868 20.7597 -6.76971 
66.4543 5.63476 20.7591 -6.76989 
68.6068 6.89104 20.7585 -6.77016 
70.7594 8.14764 20.7576 -6.77055 
62.1841 0.617378 20.761 -6.76959 
64.336 1.87344 20.7609 -6.76954 
66.4881 3.12944 20.7606 -6.76957 
68.6402 4.38551 20.7602 -6.76975 
66.5224 0.624123 20.7612 -6.76955 
26.9615 45.4042 20.7608 -6.76975 
24.8021 41.6419 20.7611 -6.76973 
26.9755 42.9124 20.7613 -6.76971 
29.1492 44.1822 20.7612 -6.76976 
31.3232 45.4512 20.7608 -6.76985 
22.6453 37.8782 20.7625 -6.7694 
24.8175 39.1498 20.7621 -6.76961 
26.9904 40.4205 20.7617 -6.76973 
29.1635 41.6903 20.7612 -6.76995 
31.337 42.9593 20.7604 -6.77007 
33.5107 44.2277 20.7594 -6.77034 
35.6845 45.4954 20.7582 -6.7706 
20.4921 34.1125 20.7656 -6.76885 
22.6627 35.3859 20.7643 -6.76918 
24.8342 36.6578 20.7632 -6.76953 
27.0063 37.9286 20.7622 -6.76983 
29.1788 39.1983 20.7611 -6.77014 
31.3516 40.4673 20.76 -6.77039 
33.5245 41.7354 20.7586 -6.77072 
35.6977 43.0029 20.7571 -6.77104 
37.8709 44.2697 20.7555 -6.77142 
40.0439 45.5362 20.7536 -6.77171 
18.3438 30.3442 20.7715 -6.76759 
20.5123 31.6196 20.7687 -6.76834 
22.6819 32.8934 20.7664 -6.7689 
24.8523 34.1655 20.7645 -6.76946 
27.0235 35.4364 20.7627 -6.7699 
29.1952 36.7061 20.761 -6.77034 
31.3671 37.9749 20.7594 -6.77071 
33.5393 39.2428 20.7577 -6.77111 
35.7117 40.5099 20.756 -6.77146 
37.8842 41.7763 20.7541 -6.77183 
40.0565 43.0423 20.7522 -6.77221 
42.2288 44.308 20.7502 -6.77264 
44.4008 45.5735 20.7481 -6.77304 
16.2015 26.5726 20.7811 -6.7655 
18.3673 27.8505 20.7763 -6.76669 
20.5346 29.1264 20.7722 -6.76768 
22.7028 30.4005 20.7688 -6.76855 
24.8721 31.673 20.7658 -6.76925 
27.0421 32.944 20.7632 -6.76995 
29.2128 34.2137 20.7609 -6.77051 
31.3837 35.4823 20.7587 -6.77109 
33.5551 36.7499 20.7566 -6.77153 
35.7265 38.0166 20.7546 -6.77195 
37.8982 39.2826 20.7526 -6.7723 
40.0698 40.5481 20.7506 -6.77277 
42.2415 41.8132 20.7486 -6.77316 
44.4128 43.0781 20.7466 -6.77359 
46.5841 44.3428 20.7447 -6.77395 
48.755 45.6074 20.7428 -6.77441 
16.229 24.0778 20.7878 -6.76425 
18.3932 25.3565 20.7815 -6.76573 
20.5588 26.6329 20.7761 -6.76702 
22.7257 27.9074 20.7714 -6.76818 
24.8935 29.1801 20.7674 -6.76915 
27.0622 30.4512 20.7638 -6.76999 
29.2317 31.7209 20.7607 -6.77069 
31.4017 32.9892 20.758 -6.77138 
33.5719 34.2565 20.7555 -6.77191 
35.7425 35.5228 20.7531 -6.77244 
37.9131 36.7885 20.751 -6.77284 
40.084 38.0535 20.7489 -6.77328 
42.2548 39.318 20.747 -6.77365 
44.4256 40.5822 20.7451 -6.77403 
46.5961 41.8462 20.7433 -6.77441 
48.7664 43.1101 20.7416 -6.77478 
50.9364 44.3739 20.74 -6.77513 
53.106 45.6379 20.7385 -6.77542 
20.5855 24.1389 20.7802 -6.7662 
22.7507 25.4137 20.7742 -6.76765 
24.917 26.6866 20.769 -6.76886 
27.0842 27.9579 20.7645 -6.76994 
29.2522 29.2275 20.7606 -6.77078 
31.4211 30.4956 20.7572 -6.77162 
33.5902 31.7626 20.7542 -6.77222 
35.7596 33.0286 20.7516 -6.77283 
37.9292 34.2939 20.7493 -6.77328 
40.0991 35.5584 20.7472 -6.77377 
42.269 36.8224 20.7452 -6.77414 
44.439 38.086 20.7435 -6.77454 
46.6087 39.3493 20.7419 -6.77488 
48.7783 40.6124 20.7403 -6.77516 
50.9476 41.8755 20.7389 -6.77547 
53.1167 43.1387 20.7377 -6.77576 
55.2854 44.4022 20.7365 -6.77605 
57.4536 45.666 20.7355 -6.77625 
24.9426 24.1926 20.7708 -6.76849 
27.1083 25.4639 20.7653 -6.76974 
29.2747 26.7336 20.7606 -6.77084 
31.442 28.0017 20.7565 -6.77176 
33.6098 29.2683 20.7531 -6.77257 
35.7781 30.534 20.7501 -6.77319 
37.9466 31.7988 20.7476 -6.77376 
40.1154 33.0629 20.7454 -6.77417 
42.2842 34.3264 20.7436 -6.77461 
44.4532 35.5893 20.7419 -6.77493 
46.6222 36.8519 20.7404 -6.77529 
48.791 38.1144 20.7391 -6.77553 
50.9596 39.3767 20.7379 -6.77576 
53.128 40.6392 20.7368 -6.77599 
55.296 41.9018 20.7359 -6.77622 
57.4638 43.1649 20.735 -6.77639 
59.631 44.4284 20.7344 -6.77658 
61.7978 45.6924 20.7339 -6.77668 
29.2994 24.2389 20.7607 -6.77076 
31.4649 25.5069 20.756 -6.77179 
33.6313 26.7734 20.7521 -6.77269 
35.7981 28.0387 20.7488 -6.77341 
37.9654 29.3031 20.7461 -6.77404 
40.1329 30.5668 20.7438 -6.77454 
42.3007 31.8297 20.742 -6.77492 
44.4686 33.0921 20.7404 -6.77525 
46.6366 34.354 20.7391 -6.77555 
48.8045 35.6159 20.7379 -6.77578 
50.9724 36.8776 20.7369 -6.776 
53.14 38.1394 20.736 -6.77622 
55.3075 39.4013 20.7353 -6.7764 
57.4746 40.6635 20.7346 -6.77657 
59.6413 41.9262 20.734 -6.7767 
61.8075 43.1894 20.7336 -6.77679 
63.9733 44.4532 20.7335 -6.77688 
66.1384 45.7179 20.7335 -6.77687 
33.6546 24.2778 20.7514 -6.77263 
35.8199 25.5429 20.7478 -6.77351 
37.9858 26.8069 20.7448 -6.77417 
40.152 28.0701 20.7425 -6.77472 
42.3185 29.3326 20.7406 -6.77514 
44.4853 30.5945 20.7391 -6.77553 
46.6522 31.8559 20.7379 -6.77579 
48.8192 33.1171 20.7369 -6.77603 
50.9861 34.3782 20.7361 -6.77625 
53.1529 35.6394 20.7354 -6.77639 
55.3197 36.9006 20.7347 -6.77658 
57.4861 38.162 20.7342 -6.7767 
59.6523 39.4238 20.7338 -6.77686 
61.818 40.6862 20.7334 -6.7769 
63.9833 41.9492 20.7333 -6.77694 
66.148 43.213 20.7333 -6.77692 
68.3122 44.4776 20.7336 -6.77689 
70.4756 45.7434 20.7342 -6.77669 
38.008 24.31 20.7441 -6.77414 
40.1728 25.5728 20.7416 -6.77475 
42.338 26.8348 20.7397 -6.77519 
44.5035 28.0963 20.7382 -6.77557 
46.6692 29.3572 20.7371 -6.77585 
48.8351 30.6178 20.7362 -6.77614 
51.0011 31.8784 20.7354 -6.77632 
53.167 33.1389 20.7348 -6.7765 
55.3329 34.3995 20.7343 -6.77658 
57.4986 35.6602 20.7339 -6.7767 
59.6642 36.9213 20.7336 -6.77684 
61.8292 38.1828 20.7333 -6.77687 
63.9941 39.4451 20.7331 -6.77694 
66.1583 40.7079 20.7331 -6.77693 
68.3222 41.9717 20.7333 -6.77693 
70.4853 43.2366 20.7338 -6.77678 
72.6478 44.5027 20.7346 -6.77659 
74.8094 45.7702 20.7359 -6.77619 
40.1955 23.0748 20.7413 -6.77455 
42.3592 24.3365 20.7393 -6.77508 
44.5234 25.5975 20.7378 -6.77545 
46.6878 26.8581 20.7366 -6.77577 
48.8526 28.1182 20.7358 -6.77605 
51.0175 29.3782 20.7351 -6.77629 
53.1824 30.6381 20.7346 -6.77647 
55.3473 31.8982 20.7342 -6.77663 
57.5121 33.1583 20.7338 -6.77676 
59.6769 34.4186 20.7335 -6.77685 
61.8414 35.6794 20.7333 -6.77692 
64.0056 36.9408 20.7331 -6.77699 
66.1695 38.203 20.733 -6.77699 
68.3329 39.4659 20.7331 -6.77697 
70.4957 40.7298 20.7334 -6.77688 
72.658 41.9949 20.734 -6.77674 
74.8195 43.2614 20.735 -6.77643 
76.9802 44.5293 20.7365 -6.77601 
79.14 45.7988 20.7385 -6.77545 
44.545 23.0983 20.7379 -6.77523 
46.7081 24.3585 20.7367 -6.7756 
48.8717 25.6182 20.7358 -6.77589 
51.0354 26.8777 20.7352 -6.77615 
53.1993 28.1371 20.7347 -6.77633 
55.3631 29.3965 20.7343 -6.77646 
57.5271 30.656 20.734 -6.77666 
59.6908 31.9157 20.7337 -6.77675 
61.8547 33.1759 20.7335 -6.77689 
64.0182 34.4366 20.7333 -6.77689 
66.1815 35.6979 20.7331 -6.77696 
68.3444 36.9601 20.7331 -6.77693 
70.5069 38.2231 20.7333 -6.7769 
72.6688 39.4873 20.7337 -6.77678 
74.8301 40.7527 20.7344 -6.77657 
76.9906 42.0196 20.7355 -6.7762 
79.1504 43.288 20.7371 -6.77577 
81.3092 44.5581 20.7393 -6.77511 
48.8925 23.1177 20.7365 -6.77546 
51.055 24.3767 20.7358 -6.77581 
53.2178 25.6356 20.7353 -6.77601 
55.3806 26.8945 20.7348 -6.7762 
57.5435 28.1535 20.7345 -6.77641 
59.7064 29.4126 20.7342 -6.77649 
61.8693 30.6722 20.7339 -6.7767 
64.032 31.9322 20.7336 -6.77679 
66.1947 33.1929 20.7334 -6.7769 
68.3569 34.4543 20.7333 -6.77689 
70.519 35.7165 20.7333 -6.77694 
72.6805 36.9798 20.7335 -6.77683 
74.8414 38.2443 20.7339 -6.77673 
77.0017 39.5102 20.7347 -6.77638 
79.1613 40.7776 20.736 -6.77601 
81.3201 42.0466 20.7378 -6.77541 
83.4781 43.3174 20.7401 -6.77482 
85.6351 44.5901 20.7429 -6.77394 
53.238 23.1338 20.7364 -6.77559 
55.3998 24.3922 20.7359 -6.77585 
57.5615 25.6508 20.7355 -6.77604 
59.7235 26.9094 20.7351 -6.77622 
61.8854 28.1684 20.7347 -6.77641 
64.0474 29.4278 20.7344 -6.77659 
66.2091 30.6878 20.734 -6.7767 
68.3708 31.9485 20.7338 -6.77683 
70.5321 33.21 20.7336 -6.77687 
72.6931 34.4724 20.7335 -6.77687 
74.8537 35.736 20.7337 -6.77673 
77.0136 37.0009 20.7342 -6.77655 
79.173 38.2673 20.7351 -6.77621 
81.3316 39.5353 20.7365 -6.77575 
83.4895 40.8051 20.7384 -6.77516 
85.6466 42.0767 20.7409 -6.77439 
87.8027 43.3503 20.7438 -6.77354 
89.9579 44.6257 20.747 -6.77263 
57.5814 23.1477 20.737 -6.7755 
59.7423 24.406 20.7365 -6.77576 
61.9032 25.6644 20.736 -6.77599 
64.0643 26.9233 20.7355 -6.77625 
66.2252 28.1826 20.735 -6.77638 
68.386 29.4427 20.7346 -6.77656 
70.5466 30.7035 20.7342 -6.77667 
72.707 31.9651 20.7339 -6.77673 
74.867 33.2278 20.7338 -6.77671 
77.0266 34.4918 20.734 -6.77662 
79.1855 35.7573 20.7345 -6.77639 
81.344 37.0244 20.7355 -6.77601 
83.5017 38.2931 20.737 -6.77552 
85.6587 39.5636 20.739 -6.77486 
87.8148 40.8362 20.7416 -6.77408 
89.97 42.1107 20.7446 -6.77314 
61.9228 23.1603 20.7378 -6.77545 
64.0829 24.4186 20.7371 -6.77574 
66.2429 25.6775 20.7365 -6.77602 
68.4028 26.9369 20.7359 -6.77625 
70.5627 28.197 20.7353 -6.7764 
72.7223 29.458 20.7347 -6.77656 
74.8816 30.7199 20.7343 -6.77663 
77.0407 31.9831 20.7342 -6.77664 
79.1992 33.2476 20.7343 -6.77646 
81.3573 34.5137 20.7348 -6.77627 
83.5148 35.7815 20.7359 -6.77581 
85.6716 37.0509 20.7375 -6.77527 
87.8276 38.3224 20.7397 -6.7745 
66.2624 23.1722 20.7385 -6.77547 
68.4214 24.4311 20.7376 -6.77575 
70.5804 25.6906 20.7368 -6.77602 
72.7392 26.9509 20.736 -6.77622 
74.8979 28.2121 20.7354 -6.77639 
77.0563 29.4745 20.7348 -6.7765 
79.2143 30.7382 20.7346 -6.77647 
81.3719 32.0034 20.7347 -6.77633 
83.529 33.2701 20.7353 -6.77602 
85.6855 34.5386 20.7364 -6.77558 
70.5999 23.1842 20.7389 -6.77544 
72.7579 24.4439 20.7379 -6.77574 
74.9158 25.7045 20.7369 -6.77603 
77.0735 26.9662 20.7361 -6.77623 
79.2309 28.2291 20.7354 -6.77632 
81.3879 29.4934 20.7351 -6.77633 
83.5445 30.7592 20.7352 -6.77613 
74.9355 23.1971 20.7391 -6.77552 
77.0924 24.458 20.7379 -6.7758 
79.2491 25.7201 20.7369 -6.77603 
81.4055 26.9836 20.7362 -6.77612 
79.2691 23.2114 20.7391 -6.77558 
39.9367 67.9694 20.7602 -6.76977 
37.7749 64.208 20.7606 -6.76964 
39.9495 65.4776 20.7598 -6.76967 
42.1239 66.7477 20.7586 -6.76978 
44.2978 68.0183 20.7572 -6.76993 
35.6121 60.4472 20.761 -6.76961 
37.787 61.7163 20.7604 -6.76962 
39.9618 62.9856 20.7593 -6.76971 
42.1363 64.2554 20.7579 -6.76985 
44.3105 65.5256 20.7562 -6.77012 
46.4842 66.7965 20.7543 -6.77042 
48.6571 68.0681 20.7524 -6.77078 
33.4488 56.6868 20.7612 -6.76956 
35.6239 57.9555 20.7609 -6.76952 
37.7989 59.2244 20.7601 -6.76964 
39.9737 60.4935 20.7588 -6.7698 
42.1482 61.7629 20.7572 -6.77006 
44.3226 63.0327 20.7553 -6.77033 
46.4963 64.3029 20.7532 -6.77072 
48.6695 65.5737 20.7511 -6.77112 
50.8418 66.8451 20.749 -6.77157 
53.0133 68.1174 20.7471 -6.7719 
31.2856 52.9263 20.7612 -6.76959 
33.4605 54.1951 20.7612 -6.76955 
35.6356 55.4638 20.7606 -6.76958 
37.8106 56.7325 20.7597 -6.76973 
39.9854 58.0012 20.7583 -6.76995 
42.1599 59.2702 20.7565 -6.77025 
44.334 60.5394 20.7545 -6.77062 
46.5078 61.8089 20.7522 -6.77104 
48.681 63.079 20.7499 -6.7715 
50.8535 64.3495 20.7476 -6.77195 
53.0251 65.6208 20.7455 -6.77242 
55.1958 66.8928 20.7438 -6.77282 
57.3654 68.1659 20.7427 -6.7732 
29.123 49.1655 20.761 -6.76964 
31.2977 50.4346 20.7612 -6.76962 
33.4725 51.7034 20.7609 -6.7696 
35.6473 52.972 20.7602 -6.76973 
37.8222 54.2404 20.7591 -6.76991 
39.9969 55.5088 20.7576 -6.77017 
42.1713 56.7772 20.7558 -6.77055 
44.3452 58.0459 20.7536 -6.77095 
46.5188 59.3148 20.7513 -6.77141 
48.6919 60.584 20.7489 -6.77184 
50.8644 61.8536 20.7465 -6.77235 
53.0361 63.1239 20.7443 -6.77285 
55.207 64.395 20.7424 -6.77336 
57.3767 65.6669 20.7411 -6.77372 
59.5454 66.9398 20.7404 -6.77402 
61.7128 68.2138 20.7405 -6.77419 
29.1357 46.6739 20.7611 -6.76967 
31.3102 47.9429 20.761 -6.76973 
33.4848 49.2116 20.7606 -6.76978 
35.6593 50.48 20.7597 -6.76997 
37.8339 51.7481 20.7585 -6.77017 
40.0083 53.0161 20.7569 -6.77051 
42.1826 54.284 20.7549 -6.77083 
44.3563 55.552 20.7527 -6.7713 
46.5297 56.8202 20.7504 -6.77173 
48.7025 58.0886 20.748 -6.77225 
50.8749 59.3575 20.7455 -6.77273 
53.0465 60.6268 20.7433 -6.77327 
55.2175 61.8968 20.7413 -6.77374 
57.3873 63.1676 20.7398 -6.77418 
59.5562 64.4393 20.7389 -6.77455 
61.7238 65.712 20.7388 -6.77472 
63.8902 66.9859 20.7395 -6.77474 
66.0551 68.2612 20.7413 -6.77453 
33.4975 46.7197 20.7601 -6.77003 
35.6717 47.9878 20.759 -6.77026 
37.8458 49.2556 20.7576 -6.77055 
40.0198 50.5231 20.7559 -6.77084 
42.1937 51.7905 20.7539 -6.77122 
44.3673 53.0578 20.7518 -6.77164 
46.5404 54.3252 20.7494 -6.77213 
48.713 55.593 20.747 -6.77262 
50.885 56.861 20.7446 -6.77316 
53.0566 58.1295 20.7424 -6.77367 
55.2274 59.3984 20.7404 -6.77418 
57.3974 60.6681 20.7389 -6.7746 
59.5663 61.9386 20.7378 -6.77495 
61.7341 63.2101 20.7375 -6.77512 
63.9006 64.4826 20.7379 -6.77521 
66.0659 65.7565 20.7393 -6.7751 
68.2297 67.0318 20.7416 -6.77474 
70.392 68.3088 20.7448 -6.7742 
37.8581 46.7628 20.7566 -6.77096 
40.0317 48.0299 20.7548 -6.77128 
42.2049 49.2967 20.7528 -6.7717 
44.3782 50.5634 20.7507 -6.77209 
46.551 51.8301 20.7484 -6.77255 
48.7234 53.097 20.7461 -6.77304 
50.8951 54.3642 20.7438 -6.77354 
53.0664 55.6318 20.7416 -6.77408 
55.237 56.8998 20.7397 -6.77453 
57.4069 58.1683 20.7381 -6.77499 
59.5758 59.4377 20.737 -6.77531 
61.7437 60.7079 20.7365 -6.77552 
63.9104 61.9793 20.7367 -6.77554 
66.0759 63.2518 20.7378 -6.77552 
68.2401 64.5257 20.7397 -6.77517 
70.4029 65.8012 20.7425 -6.77475 
72.564 67.0783 20.7461 -6.77401 
74.7237 68.3571 20.7501 -6.77321 
42.2166 46.8025 20.7516 -6.77215 
44.3893 48.0686 20.7494 -6.77254 
46.5617 49.3346 20.7473 -6.77303 
48.7337 50.6008 20.745 -6.77345 
50.9052 51.8671 20.7429 -6.77395 
53.0762 53.1338 20.7409 -6.77438 
55.2465 54.4008 20.739 -6.77484 
57.4161 55.6683 20.7375 -6.77527 
59.5849 56.9365 20.7364 -6.77558 
61.7528 58.2056 20.7358 -6.77582 
63.9196 59.4757 20.7358 -6.77586 
66.0854 60.747 20.7366 -6.77579 
68.2498 62.0196 20.7382 -6.77555 
70.4129 63.2937 20.7406 -6.77514 
72.5746 64.5693 20.7438 -6.77451 
74.7347 65.8468 20.7476 -6.77372 
76.8933 67.1258 20.7516 -6.77281 
79.0505 68.4065 20.7555 -6.77193 
46.5726 46.8389 20.746 -6.77348 
48.7442 48.1042 20.744 -6.77393 
50.9154 49.3697 20.742 -6.77434 
53.0859 50.6355 20.7401 -6.77481 
55.256 51.9015 20.7384 -6.77516 
57.4253 53.1681 20.737 -6.77551 
59.5939 54.4352 20.7359 -6.77579 
61.7616 55.7031 20.7353 -6.77602 
63.9285 56.9721 20.7352 -6.77617 
66.0943 58.2422 20.7358 -6.77609 
68.259 59.5135 20.7371 -6.7759 
70.4224 60.7863 20.7391 -6.77549 
72.5845 62.0605 20.742 -6.77497 
74.7451 63.3366 20.7454 -6.77418 
76.9042 64.6143 20.7493 -6.77333 
79.0619 65.8936 20.7531 -6.7724 
81.2183 67.1744 20.7566 -6.77153 
83.3731 68.4567 20.7594 -6.77073 
50.9257 46.872 20.741 -6.77479 
53.0958 48.1368 20.7393 -6.77512 
55.2655 49.402 20.7378 -6.77546 
57.4345 50.6676 20.7365 -6.77575 
59.6029 51.9337 20.7355 -6.77605 
61.7705 53.2006 20.7348 -6.77619 
63.9373 54.4684 20.7347 -6.77634 
66.103 55.7373 20.7351 -6.77626 
68.2678 57.0075 20.7362 -6.77613 
70.4313 58.2789 20.7379 -6.77577 
72.5938 59.5519 20.7404 -6.77529 
74.7548 60.8265 20.7436 -6.77458 
76.9145 62.1029 20.7472 -6.77377 
79.0726 63.3809 20.751 -6.77282 
81.2296 64.6605 20.7546 -6.77193 
83.3851 65.9416 20.7577 -6.77111 
85.5394 67.224 20.76 -6.77042 
87.6925 68.5074 20.7612 -6.76988 
55.2752 46.9022 20.7371 -6.77574 
57.4439 48.1669 20.736 -6.77595 
59.612 49.4321 20.7351 -6.77622 
61.7794 50.698 20.7345 -6.77637 
63.946 51.9648 20.7343 -6.77647 
66.1117 53.2325 20.7346 -6.77647 
68.2764 54.5015 20.7354 -6.77633 
70.4401 55.7717 20.7369 -6.776 
72.6027 57.0433 20.7391 -6.77556 
74.7641 58.3166 20.7419 -6.77494 
76.9241 59.5916 20.7452 -6.77419 
79.0828 60.8684 20.7489 -6.77325 
81.2401 62.1468 20.7526 -6.77237 
83.3962 63.4267 20.756 -6.77145 
85.5511 64.708 20.7586 -6.77073 
87.7049 65.9906 20.7604 -6.77006 
89.8577 67.2739 20.7612 -6.76975 
92.0099 68.5574 20.7609 -6.7697 
59.6213 46.9304 20.7347 -6.77641 
61.7884 48.1953 20.7342 -6.77656 
63.9548 49.461 20.734 -6.77663 
66.1205 50.7276 20.7342 -6.77664 
68.2851 51.9955 20.7348 -6.77648 
70.4488 53.2645 20.7361 -6.77625 
72.6114 54.535 20.7379 -6.77582 
74.7731 55.8069 20.7404 -6.77526 
76.9334 57.0806 20.7435 -6.77453 
79.0925 58.3561 20.747 -6.77366 
81.2502 59.6333 20.7506 -6.77274 
83.4068 60.9121 20.7541 -6.77186 
85.5621 62.1923 20.7571 -6.77102 
87.7165 63.4739 20.7594 -6.77037 
89.8697 64.7566 20.7608 -6.76985 
92.0224 66.0397 20.7611 -6.7697 
94.1744 67.3228 20.7604 -6.76977 
96.3263 68.6057 20.7588 -6.77022 
63.9638 46.9572 20.7337 -6.77672 
66.1293 48.2228 20.7338 -6.77671 
68.2939 49.4894 20.7343 -6.7766 
70.4576 50.7574 20.7354 -6.77641 
72.6202 52.0267 20.7369 -6.77599 
74.782 53.2975 20.7391 -6.77552 
76.9425 54.5699 20.7418 -6.77484 
79.1019 55.8441 20.7451 -6.77408 
81.26 57.1201 20.7486 -6.77314 
83.4169 58.3977 20.7522 -6.77224 
85.5727 59.6769 20.7555 -6.77136 
87.7274 60.9575 20.7582 -6.77064 
89.8812 62.2394 20.7601 -6.77004 
92.0342 63.522 20.761 -6.7697 
94.1865 64.8049 20.761 -6.76966 
96.3387 66.0877 20.76 -6.76993 
98.4906 67.3701 20.7581 -6.77043 
100.643 68.6518 20.7555 -6.77116 
68.3028 46.9836 20.7339 -6.77674 
70.4664 48.2504 20.7347 -6.77656 
72.6292 49.5186 20.736 -6.77622 
74.7909 50.7882 20.7379 -6.7758 
76.9517 52.0594 20.7403 -6.77515 
79.1113 53.3324 20.7433 -6.77445 
81.2697 54.6072 20.7466 -6.77353 
83.4269 55.8837 20.7502 -6.77265 
85.5831 57.1618 20.7536 -6.77172 
87.7382 58.4414 20.7566 -6.77094 
89.8923 59.7224 20.759 -6.77024 
92.0455 61.0044 20.7606 -6.76978 
94.1983 62.287 20.7612 -6.76959 
96.3506 63.5697 20.7608 -6.76971 
98.5028 64.8521 20.7595 -6.7701 
100.655 66.1341 20.7574 -6.77076 
102.807 67.415 20.7547 -6.77157 
104.96 68.6945 20.7514 -6.77265 
72.6383 47.0105 20.7353 -6.77642 
74.8 48.2791 20.7368 -6.77599 
76.9609 49.5492 20.7389 -6.77546 
79.1207 50.8209 20.7416 -6.77478 
81.2794 52.0945 20.7447 -6.77398 
83.4369 53.3699 20.7481 -6.77304 
85.5933 54.647 20.7516 -6.77215 
87.7487 55.9256 20.7548 -6.77127 
89.9032 57.2056 20.7576 -6.77056 
92.0567 58.487 20.7597 -6.76995 
94.2097 59.7692 20.7609 -6.76964 
96.3622 61.0517 20.7612 -6.76959 
98.5145 62.3342 20.7605 -6.76983 
100.667 63.6163 20.759 -6.77035 
102.819 64.8978 20.7567 -6.77111 
76.9703 47.0392 20.7377 -6.77579 
79.1302 48.3097 20.74 -6.7751 
81.2891 49.5821 20.7428 -6.77439 
83.4468 50.8563 20.746 -6.77344 
85.6035 52.1323 20.7494 -6.7726 
87.7591 53.41 20.7528 -6.77165 
89.9139 54.6891 20.7559 -6.77088 
92.0677 55.9697 20.7585 -6.77016 
94.2209 57.2514 20.7602 -6.76975 
96.3735 58.5337 20.7612 -6.76954 
98.526 59.8161 20.7611 -6.76965 
100.678 61.0985 20.7602 -6.77003 
81.299 47.07 20.741 -6.77477 
83.4569 48.343 20.744 -6.77393 
85.6137 49.6179 20.7472 -6.773 
87.7696 50.8946 20.7507 -6.77205 
89.9245 52.1728 20.7539 -6.77122 
92.0786 53.4526 20.7568 -6.77046 
94.2319 54.7337 20.7591 -6.7699 
96.3847 56.0156 20.7606 -6.76957 
98.5373 57.298 20.7612 -6.76956 
83.4673 45.8301 20.742 -6.77438 
85.6241 47.1039 20.745 -6.77346 
87.7802 48.3795 20.7484 -6.77257 
89.9352 49.6568 20.7518 -6.77168 
92.0895 50.9357 20.7549 -6.77087 
94.243 52.2162 20.7576 -6.7702 
96.3959 53.4977 20.7597 -6.76971 
87.7912 45.8647 20.7461 -6.77305 
89.9463 47.1411 20.7494 -6.77212 
92.1007 48.4192 20.7527 -6.77129 
94.2543 49.6988 20.7558 -6.77054 
92.1124 45.9029 20.7504 -6.77175 
52.8405 90.5773 20.7913 -6.7632 
50.7033 86.8015 20.7781 -6.76593 
52.8684 88.0818 20.7831 -6.76471 
55.0319 89.3642 20.789 -6.76333 
57.1933 90.6488 20.7957 -6.7619 
48.5589 83.03 20.7691 -6.76787 
50.7269 84.3073 20.772 -6.767 
52.8936 85.5865 20.7756 -6.76606 
55.0586 86.8677 20.7802 -6.765 
57.2217 88.1509 20.7857 -6.76383 
59.3828 89.4364 20.7921 -6.76253 
61.5416 90.7241 20.7992 -6.76121 
46.4089 79.2616 20.7638 -6.76899 
48.5792 80.5365 20.7649 -6.7685 
50.7483 81.8131 20.7666 -6.76793 
52.9162 83.0913 20.769 -6.76733 
55.0825 84.3713 20.7723 -6.76649 
57.2472 85.6532 20.7765 -6.76558 
59.4098 86.9371 20.7819 -6.76451 
61.5703 88.2232 20.7881 -6.76345 
63.7285 89.5114 20.795 -6.7622 
65.8844 90.8016 20.8022 -6.76098 
44.2546 75.4958 20.7611 -6.76955 
46.4265 76.7688 20.7611 -6.76932 
48.5976 78.0431 20.7614 -6.76907 
50.7677 79.3188 20.762 -6.76876 
52.9366 80.596 20.7633 -6.76835 
55.104 81.8749 20.7654 -6.76786 
57.2699 83.1554 20.7685 -6.76722 
59.4339 84.4379 20.7727 -6.76641 
61.596 85.7224 20.778 -6.76545 
63.7558 87.0089 20.7842 -6.76442 
65.9133 88.2973 20.791 -6.76327 
68.0683 89.5875 20.7977 -6.7621 
70.2212 90.8794 20.8036 -6.76098 
42.0968 71.7319 20.7602 -6.76976 
44.2699 73.0034 20.7596 -6.76967 
46.4426 74.2759 20.7589 -6.76965 
48.6144 75.5496 20.7584 -6.76955 
50.7853 76.8245 20.7582 -6.76946 
52.955 78.1007 20.7585 -6.76927 
55.1234 79.3783 20.7596 -6.76904 
57.2903 80.6576 20.7616 -6.76861 
59.4555 81.9387 20.7648 -6.76808 
61.6188 83.2216 20.7691 -6.76736 
63.7801 84.5064 20.7745 -6.7665 
65.939 85.793 20.7808 -6.76545 
68.0957 87.0815 20.7872 -6.76433 
70.2501 88.3717 20.7933 -6.76322 
72.4023 89.6632 20.7982 -6.76225 
74.5524 90.9556 20.8015 -6.76149 
42.1108 69.2398 20.7594 -6.76974 
44.2843 70.511 20.7583 -6.76978 
46.4574 71.7829 20.7571 -6.76985 
48.6297 73.0559 20.756 -6.76993 
50.8013 74.33 20.7551 -6.77008 
52.9717 75.6052 20.7546 -6.77011 
55.1409 76.8817 20.7548 -6.77007 
57.3086 78.1597 20.7559 -6.76988 
59.4748 79.4393 20.7581 -6.76954 
61.6391 80.7207 20.7615 -6.76903 
63.8015 82.0038 20.7661 -6.76837 
65.9619 83.2886 20.7716 -6.76745 
68.12 84.5753 20.7777 -6.76644 
70.2758 85.8638 20.7837 -6.76534 
72.4295 87.1538 20.7888 -6.76432 
74.581 88.4449 20.7926 -6.76348 
76.7307 89.7366 20.7946 -6.76291 
78.8787 91.0285 20.7948 -6.76265 
46.4712 69.2899 20.7556 -6.77013 
48.6439 70.5621 20.754 -6.77039 
50.8159 71.8354 20.7526 -6.7706 
52.9868 73.1095 20.7515 -6.77079 
55.1567 74.3849 20.751 -6.77094 
57.3251 75.6616 20.7513 -6.77093 
59.4921 76.9398 20.7527 -6.77086 
61.6572 78.2196 20.7552 -6.77049 
63.8206 79.5011 20.7589 -6.76996 
65.9821 80.7842 20.7638 -6.76919 
68.1414 82.0691 20.7693 -6.76829 
70.2986 83.3559 20.7751 -6.76723 
72.4536 84.6442 20.7804 -6.7662 
74.6065 85.9339 20.7845 -6.76527 
76.7576 87.2243 20.787 -6.76464 
78.9069 88.5152 20.7878 -6.76424 
81.0548 89.8061 20.7868 -6.76421 
83.2017 91.0963 20.7844 -6.76457 
50.8293 69.3404 20.7506 -6.77109 
53.0006 70.6136 20.749 -6.77139 
55.1709 71.8879 20.748 -6.77165 
57.3399 73.1632 20.7477 -6.77183 
59.5075 74.44 20.7483 -6.77184 
61.6735 75.7183 20.7501 -6.77168 
63.8377 76.9982 20.753 -6.77134 
66 78.2797 20.7571 -6.77074 
68.1604 79.5629 20.7621 -6.76992 
70.3188 80.8479 20.7676 -6.76894 
72.475 82.1346 20.7728 -6.76795 
74.6293 83.4227 20.7772 -6.76698 
76.7816 84.7119 20.7802 -6.76621 
78.9322 86.0017 20.7815 -6.7657 
81.0813 87.2917 20.7811 -6.76555 
83.2292 88.5814 20.7792 -6.76573 
85.3761 89.87 20.7762 -6.76625 
87.5227 91.1571 20.7725 -6.76714 
55.1837 69.3905 20.7457 -6.77232 
57.3532 70.6647 20.7449 -6.77256 
59.5213 71.9401 20.7449 -6.77273 
61.688 73.2169 20.746 -6.77272 
63.853 74.4952 20.7483 -6.77243 
66.0161 75.7751 20.7517 -6.77199 
68.1774 77.0566 20.7561 -6.77131 
70.3368 78.3399 20.7612 -6.77045 
72.4942 79.625 20.7663 -6.76947 
74.6496 80.9116 20.7708 -6.76849 
76.803 82.1994 20.7742 -6.76763 
78.9548 83.488 20.7761 -6.767 
81.1051 84.7771 20.7763 -6.76668 
83.254 86.0661 20.775 -6.76672 
85.4019 87.3545 20.7724 -6.76707 
87.5493 88.6416 20.7689 -6.7678 
89.6963 89.9269 20.7651 -6.76875 
91.8432 91.2104 20.7614 -6.76989 
59.5338 69.44 20.7423 -6.77343 
61.701 70.7155 20.7429 -6.77354 
63.8666 71.9922 20.7446 -6.77338 
66.0305 73.2705 20.7474 -6.77302 
68.1927 74.5504 20.7512 -6.77239 
70.353 75.832 20.7558 -6.77163 
72.5114 77.1154 20.7607 -6.77074 
74.6677 78.4004 20.7653 -6.76978 
76.8223 79.6868 20.769 -6.76887 
78.9751 80.9742 20.7714 -6.76815 
81.1265 82.2622 20.7722 -6.76773 
83.2764 83.5505 20.7715 -6.76756 
85.4254 84.8385 20.7694 -6.76777 
87.5735 86.1255 20.7663 -6.76831 
89.7213 87.4111 20.7627 -6.76919 
91.8689 88.695 20.7589 -6.77024 
94.0165 89.9767 20.7553 -6.77139 
96.1643 91.256 20.7523 -6.77254 
63.8789 69.4891 20.7417 -6.77415 
66.0434 70.7659 20.7439 -6.77388 
68.2063 72.0442 20.7472 -6.7734 
70.3674 73.3243 20.7514 -6.77265 
72.5267 74.606 20.756 -6.77181 
74.6841 75.8894 20.7606 -6.77085 
76.8396 77.1743 20.7645 -6.76995 
78.9934 78.4604 20.7674 -6.76915 
81.1457 79.7474 20.7688 -6.7686 
83.2967 81.0349 20.7687 -6.76832 
85.4465 82.3223 20.7672 -6.76839 
87.5955 83.6091 20.7646 -6.76878 
89.744 84.8948 20.7612 -6.76949 
91.8922 86.179 20.7575 -6.77042 
94.0406 87.4613 20.7538 -6.77157 
96.189 88.7413 20.7504 -6.77271 
98.3378 90.019 20.7477 -6.77386 
100.487 91.2941 20.7458 -6.77477 
68.2186 69.538 20.7441 -6.77413 
70.3803 70.8165 20.7478 -6.77348 
72.5403 72.0967 20.7521 -6.77268 
74.6986 73.3785 20.7565 -6.77173 
76.8551 74.6619 20.7606 -6.7708 
79.0099 75.9467 20.7638 -6.76995 
81.1631 77.2326 20.7658 -6.76931 
83.315 78.5191 20.7664 -6.76885 
85.4657 79.8059 20.7656 -6.76881 
87.6155 81.0924 20.7635 -6.76901 
89.7647 82.378 20.7606 -6.76963 
91.9136 83.6624 20.757 -6.77043 
94.0625 84.9452 20.7533 -6.77149 
96.2114 86.2258 20.7497 -6.77263 
98.3608 87.5043 20.7465 -6.77382 
100.51 88.7803 20.7441 -6.77489 
102.661 90.0541 20.7424 -6.77575 
104.811 91.3254 20.7415 -6.77638 
72.5526 69.5874 20.7488 -6.77341 
74.7117 70.8677 20.7531 -6.77258 
76.869 72.1497 20.7572 -6.77157 
79.0247 73.4331 20.7607 -6.77073 
81.1787 74.7178 20.7632 -6.76992 
83.3315 76.0034 20.7645 -6.76944 
85.4831 77.2894 20.7643 -6.7692 
87.6338 78.5754 20.7629 -6.76928 
89.7836 79.8609 20.7604 -6.76968 
91.9331 81.1454 20.7572 -6.7704 
94.0825 82.4285 20.7536 -6.77132 
96.232 83.7098 20.7499 -6.77245 
98.3817 84.989 20.7464 -6.77362 
100.532 86.2659 20.7435 -6.77475 
102.683 87.5406 20.7413 -6.77574 
104.834 88.813 20.7398 -6.77658 
106.985 90.0832 20.7392 -6.77711 
109.138 91.3512 20.7392 -6.77739 
76.8816 69.6377 20.7542 -6.77226 
79.0381 70.9196 20.758 -6.77138 
81.193 72.2031 20.7609 -6.77052 
83.3466 73.4877 20.7627 -6.76991 
85.4989 74.773 20.7632 -6.76952 
87.6503 76.0584 20.7625 -6.76945 
89.8009 77.3436 20.7606 -6.76968 
91.9511 78.628 20.7578 -6.77027 
94.1008 79.9115 20.7544 -6.77108 
96.2508 81.1933 20.7508 -6.77208 
98.4009 82.4732 20.7472 -6.77323 
100.552 83.7509 20.7439 -6.77442 
102.703 85.0265 20.7412 -6.77554 
104.854 86.2999 20.7391 -6.77648 
107.006 87.571 20.7378 -6.77719 
109.159 88.8401 20.7373 -6.7777 
111.312 90.1072 20.7375 -6.77793 
113.466 91.3724 20.7382 -6.77791 
81.2061 69.6886 20.7587 -6.77105 
83.3604 70.9721 20.761 -6.77035 
85.5134 72.2565 20.7622 -6.76981 
87.6655 73.5414 20.7621 -6.76961 
89.8167 74.8261 20.7609 -6.76966 
91.9674 76.1105 20.7586 -6.77012 
94.1178 77.394 20.7557 -6.77074 
96.2681 78.6763 20.7522 -6.77169 
98.4187 79.9568 20.7486 -6.7728 
100.57 81.2354 20.7451 -6.77399 
102.721 82.5119 20.742 -6.77516 
104.873 83.7862 20.7394 -6.77623 
107.026 85.0584 20.7375 -6.77711 
109.179 86.3285 20.7364 -6.77779 
111.333 87.5964 20.7359 -6.77819 
113.487 88.8626 20.7361 -6.77835 
115.642 90.1271 20.7369 -6.7783 
117.797 91.39 20.738 -6.77806 
85.5269 69.7401 20.7611 -6.77014 
87.6794 71.0243 20.7617 -6.76976 
89.8313 72.3087 20.7611 -6.76975 
91.9825 73.5928 20.7595 -6.76992 
94.1335 74.8763 20.757 -6.77052 
96.2842 76.159 20.7539 -6.77126 
98.4351 77.4401 20.7504 -6.77229 
100.586 78.7194 20.7468 -6.77345 
102.738 79.9967 20.7434 -6.77464 
104.89 81.2721 20.7404 -6.77578 
107.043 82.5453 20.738 -6.77679 
109.197 83.8163 20.7363 -6.77761 
111.351 85.0852 20.7353 -6.77819 
113.506 86.3522 20.7349 -6.77858 
115.661 87.6176 20.7351 -6.77865 
89.845 69.7913 20.7613 -6.76977 
91.9966 71.0751 20.7603 -6.76983 
94.148 72.3586 20.7583 -6.77024 
96.2991 73.6414 20.7556 -6.7709 
98.4504 74.9231 20.7524 -6.77176 
100.602 76.2031 20.7489 -6.77286 
102.754 77.4812 20.7454 -6.77406 
104.907 78.7574 20.7421 -6.77523 
107.06 80.0316 20.7392 -6.77631 
109.214 81.3036 20.737 -6.77728 
111.368 82.5735 20.7354 -6.77803 
113.523 83.8415 20.7344 -6.77855 
94.1616 69.8407 20.7595 -6.76999 
96.3132 71.1236 20.7573 -6.77052 
98.4646 72.4057 20.7545 -6.7713 
100.616 73.6863 20.7512 -6.77226 
102.769 74.9652 20.7476 -6.77345 
104.921 76.2422 20.7442 -6.7746 
107.075 77.5173 20.741 -6.77576 
109.229 78.7905 20.7383 -6.77678 
111.384 80.0614 20.7362 -6.77765 
98.478 69.888 20.7564 -6.77079 
100.63 71.1691 20.7534 -6.77169 
102.782 72.4488 20.75 -6.77277 
104.935 73.7266 20.7465 -6.77395 
107.089 75.0027 20.7431 -6.77511 
109.243 76.2768 20.7401 -6.7762 
102.795 69.932 20.7524 -6.77214 
104.948 71.2107 20.749 -6.77328 
107.102 72.4876 20.7455 -6.77448 
65.4745 113.34 20.9038 -6.7419 
63.3882 109.535 20.8916 -6.74392 
65.5303 110.836 20.8987 -6.74279 
67.6717 112.137 20.9012 -6.74236 
69.8127 113.437 20.8987 -6.74274 
61.2968 105.733 20.8708 -6.74756 
63.4415 107.032 20.8813 -6.74566 
65.5847 108.331 20.8894 -6.74427 
67.7269 109.632 20.8939 -6.74353 
69.8682 110.932 20.8939 -6.74353 
72.0093 112.232 20.8895 -6.74428 
74.1505 113.53 20.8813 -6.74569 
59.1976 101.936 20.8486 -6.75169 
61.3461 103.231 20.8593 -6.74963 
63.4925 104.528 20.8692 -6.74783 
65.6372 105.827 20.8775 -6.74633 
67.7804 107.127 20.8832 -6.74533 
69.9225 108.427 20.8853 -6.74498 
72.0639 109.726 20.8833 -6.74536 
74.205 111.025 20.8776 -6.74634 
76.3462 112.322 20.8692 -6.74782 
78.488 113.616 20.8593 -6.7497 
57.0885 98.144 20.8277 -6.75578 
59.2415 99.4352 20.8376 -6.75381 
61.3923 100.729 20.8473 -6.75191 
63.5407 102.025 20.8565 -6.75017 
65.6871 103.323 20.8646 -6.74864 
67.8316 104.622 20.8708 -6.74754 
69.9748 105.921 20.8742 -6.74691 
72.1169 107.22 20.8742 -6.74696 
74.2584 108.519 20.8708 -6.74753 
76.3995 109.815 20.8646 -6.7487 
78.5408 111.11 20.8565 -6.75021 
80.6826 112.402 20.8475 -6.75196 
82.8253 113.691 20.8379 -6.75384 
54.9692 94.3579 20.8083 -6.7597 
57.1267 95.6452 20.8171 -6.75786 
59.282 96.9351 20.8262 -6.75597 
61.435 98.2274 20.8352 -6.75422 
63.5856 99.5219 20.8438 -6.75256 
65.7338 100.818 20.8516 -6.7511 
67.88 102.116 20.8579 -6.7499 
70.0245 103.415 20.8621 -6.74915 
72.1676 104.713 20.8635 -6.74889 
74.3098 106.011 20.8619 -6.74921 
76.4513 107.308 20.8577 -6.74997 
78.5926 108.603 20.8515 -6.7512 
80.7341 109.896 20.8441 -6.75269 
82.8761 111.185 20.8359 -6.75433 
85.0189 112.472 20.8272 -6.75606 
87.1626 113.755 20.8179 -6.75787 
55.0021 91.8609 20.7985 -6.76159 
57.1616 93.1469 20.8063 -6.75988 
59.319 94.4353 20.8146 -6.75821 
61.4741 95.7261 20.823 -6.75655 
63.6268 97.0192 20.8312 -6.75504 
65.777 98.3142 20.8388 -6.7536 
67.9251 99.6108 20.8452 -6.7524 
70.071 100.908 20.8498 -6.75148 
72.2154 102.206 20.8522 -6.75105 
74.3585 103.504 20.852 -6.75109 
76.5008 104.8 20.8493 -6.75162 
78.6425 106.095 20.8447 -6.75255 
80.784 107.388 20.8387 -6.75377 
82.9257 108.678 20.832 -6.75521 
85.068 109.965 20.8247 -6.75675 
87.211 111.249 20.8168 -6.75835 
89.3549 112.529 20.8085 -6.75996 
91.4999 113.807 20.7999 -6.76162 
59.3526 91.9358 20.8031 -6.76044 
61.5095 93.2251 20.8109 -6.75893 
63.6643 94.5166 20.8188 -6.75745 
65.8165 95.81 20.8262 -6.75609 
67.9665 97.1052 20.8327 -6.75483 
70.1141 98.4015 20.8378 -6.75388 
72.26 99.6985 20.8409 -6.75327 
74.4043 100.995 20.8417 -6.75308 
76.5475 102.291 20.8402 -6.75336 
78.6898 103.586 20.8368 -6.75405 
80.8317 104.879 20.832 -6.75506 
82.9736 106.169 20.8264 -6.75633 
85.1157 107.457 20.8203 -6.75769 
87.2583 108.741 20.8138 -6.75913 
89.4017 110.022 20.8068 -6.76058 
91.5459 111.301 20.7995 -6.76205 
93.6911 112.576 20.7921 -6.76344 
95.8373 113.848 20.7849 -6.7647 
63.698 92.014 20.8066 -6.75986 
65.8522 93.3058 20.814 -6.75855 
68.004 94.5994 20.8206 -6.7573 
70.1535 95.8943 20.826 -6.75627 
72.3009 97.1901 20.8297 -6.75551 
74.4466 98.4861 20.8313 -6.75513 
76.5908 99.7817 20.8308 -6.75523 
78.7342 101.076 20.8283 -6.75571 
80.8767 102.369 20.8244 -6.75655 
83.019 103.66 20.8197 -6.75765 
85.1613 104.947 20.8145 -6.75891 
87.304 106.232 20.809 -6.7602 
89.447 107.514 20.8033 -6.76158 
91.5909 108.793 20.7973 -6.76285 
93.7355 110.069 20.7912 -6.7641 
95.8811 111.342 20.7851 -6.76521 
98.0274 112.613 20.7793 -6.76621 
100.175 113.881 20.7739 -6.7671 
68.0378 92.0935 20.8089 -6.75973 
70.1891 93.3869 20.8146 -6.75868 
72.3382 94.6814 20.8188 -6.75781 
74.4854 95.9764 20.8211 -6.75731 
76.6309 97.2713 20.8213 -6.75715 
78.7752 98.5654 20.8196 -6.75745 
80.9187 99.8581 20.8164 -6.75815 
83.0617 101.149 20.8122 -6.7591 
85.2044 102.437 20.8077 -6.76025 
87.3473 103.722 20.8029 -6.76146 
89.4905 105.005 20.7982 -6.76273 
91.6343 106.285 20.7933 -6.76391 
93.7787 107.561 20.7884 -6.76503 
95.9238 108.835 20.7836 -6.76599 
98.0697 110.106 20.7789 -6.76687 
100.216 111.375 20.7745 -6.76752 
102.364 112.642 20.7705 -6.76811 
104.512 113.906 20.7669 -6.76858 
72.3719 92.1724 20.8082 -6.76007 
74.5206 93.4662 20.8111 -6.75939 
76.6675 94.7601 20.812 -6.7591 
78.813 96.0537 20.8109 -6.75917 
80.9575 97.3461 20.8083 -6.75967 
83.1013 98.6369 20.8046 -6.76053 
85.2448 99.9254 20.8004 -6.76159 
87.3881 101.211 20.7962 -6.76273 
89.5318 102.495 20.792 -6.76395 
91.6757 103.775 20.788 -6.76512 
93.8201 105.052 20.7841 -6.76613 
95.9651 106.327 20.7804 -6.767 
98.1109 107.599 20.7768 -6.76771 
100.257 108.868 20.7735 -6.76825 
102.404 110.135 20.7704 -6.7687 
104.552 111.4 20.7676 -6.76902 
106.701 112.664 20.7651 -6.76925 
108.85 113.926 20.763 -6.76939 
76.7008 92.2485 20.803 -6.76103 
78.8475 93.5414 20.8026 -6.76095 
80.9931 94.8334 20.8005 -6.76127 
83.1378 96.1241 20.7972 -6.76197 
85.2822 97.4128 20.7933 -6.76294 
87.4262 98.6992 20.7893 -6.76408 
89.5703 99.9831 20.7854 -6.76524 
91.7146 101.264 20.7819 -6.76637 
93.8594 102.542 20.7787 -6.76739 
96.0045 103.817 20.7758 -6.76821 
98.1504 105.09 20.7732 -6.76886 
100.297 106.36 20.7709 -6.76928 
102.444 107.628 20.7688 -6.76959 
104.591 108.894 20.7669 -6.76977 
106.739 110.158 20.7652 -6.76984 
108.888 111.42 20.7637 -6.76983 
111.038 112.681 20.7623 -6.76979 
113.188 113.941 20.7612 -6.76976 
81.0255 92.3201 20.7933 -6.76282 
83.1712 93.6106 20.7904 -6.76332 
85.3165 94.8993 20.7867 -6.7642 
87.4612 96.1861 20.7828 -6.76524 
89.606 97.4705 20.779 -6.7664 
91.7508 98.7521 20.7756 -6.76754 
93.8961 100.031 20.7728 -6.76854 
96.0417 101.307 20.7705 -6.76943 
98.1878 102.58 20.7685 -6.77005 
100.334 103.851 20.767 -6.77043 
102.481 105.12 20.7657 -6.77069 
104.629 106.386 20.7647 -6.77073 
106.777 107.651 20.7638 -6.77065 
108.926 108.914 20.7631 -6.77053 
111.075 110.175 20.7624 -6.77034 
113.225 111.435 20.7617 -6.77015 
115.375 112.694 20.7612 -6.77001 
117.526 113.953 20.7607 -6.76985 
85.3477 92.385 20.781 -6.76526 
87.4934 93.6719 20.7771 -6.76628 
89.6388 94.9567 20.7733 -6.76737 
91.7844 96.2391 20.7699 -6.7685 
93.93 97.5187 20.767 -6.76959 
96.0763 98.7954 20.7649 -6.77054 
98.2228 100.07 20.7633 -6.77121 
100.37 101.341 20.7623 -6.77165 
102.517 102.611 20.7616 -6.77189 
104.665 103.878 20.7613 -6.77189 
106.813 105.143 20.7612 -6.77174 
108.962 106.406 20.7611 -6.77145 
111.111 107.668 20.7611 -6.77117 
113.261 108.929 20.7611 -6.77082 
115.411 110.189 20.7611 -6.77052 
117.562 111.447 20.761 -6.77024 
119.712 112.705 20.7609 -6.77 
121.864 113.962 20.7608 -6.76978 
89.6689 92.4422 20.7686 -6.76818 
91.8151 93.7252 20.765 -6.76934 
93.9613 95.0055 20.762 -6.77045 
96.1081 96.2832 20.7597 -6.7715 
98.2551 97.5582 20.7581 -6.77224 
100.403 98.8307 20.7572 -6.7728 
102.551 100.101 20.7569 -6.77304 
104.699 101.369 20.7571 -6.77309 
106.848 102.635 20.7575 -6.77291 
108.997 103.899 20.7581 -6.77262 
111.146 105.161 20.7587 -6.77218 
113.296 106.422 20.7593 -6.77177 
115.446 107.682 20.7598 -6.77132 
117.597 108.941 20.7602 -6.7709 
119.748 110.199 20.7606 -6.77051 
121.899 111.457 20.7608 -6.7702 
124.05 112.714 20.761 -6.7699 
126.202 113.97 20.7611 -6.76972 
93.9901 92.4915 20.7581 -6.77101 
96.1374 93.77 20.7554 -6.77212 
98.285 95.0459 20.7536 -6.77301 
100.433 96.3193 20.7525 -6.77373 
102.582 97.5903 20.7522 -6.77411 
104.731 98.8591 20.7525 -6.7742 
106.88 100.126 20.7532 -6.77408 
109.029 101.39 20.7542 -6.7738 
111.179 102.653 20.7553 -6.77337 
113.33 103.915 20.7564 -6.77287 
115.48 105.176 20.7574 -6.77232 
117.631 106.435 20.7584 -6.77179 
119.782 107.693 20.7592 -6.77126 
121.933 108.951 20.7599 -6.7708 
124.085 110.208 20.7604 -6.77037 
126.236 111.465 20.7608 -6.77007 
128.388 112.721 20.7611 -6.76982 
130.54 113.977 20.7612 -6.76968 
98.3126 92.5328 20.7501 -6.7736 
100.461 93.8071 20.7486 -6.77443 
102.61 95.079 20.748 -6.77497 
104.76 96.3485 20.7481 -6.77518 
106.91 97.6159 20.7488 -6.77518 
109.06 98.8814 20.7499 -6.77494 
111.21 100.145 20.7513 -6.77455 
113.361 101.407 20.7527 -6.77408 
115.512 102.668 20.7542 -6.77348 
117.664 103.928 20.7556 -6.7729 
119.815 105.187 20.7568 -6.77225 
121.967 106.445 20.7579 -6.77169 
124.119 107.702 20.7588 -6.77114 
126.27 108.959 20.7596 -6.77072 
128.422 110.216 20.7602 -6.7703 
102.637 92.5669 20.7446 -6.77553 
104.787 93.8373 20.7443 -6.7759 
106.937 95.1056 20.7447 -6.77611 
109.088 96.3718 20.7457 -6.77598 
111.239 97.6364 20.7471 -6.77571 
113.391 98.8994 20.7487 -6.77524 
115.543 100.161 20.7504 -6.77469 
117.694 101.421 20.7521 -6.77406 
119.847 102.68 20.7537 -6.77342 
121.999 103.939 20.7551 -6.77278 
124.151 105.196 20.7564 -6.77213 
126.303 106.454 20.7574 -6.77159 
106.962 92.5946 20.7415 -6.77675 
109.114 93.8618 20.7421 -6.7768 
111.266 95.1271 20.7432 -6.77667 
113.418 96.3908 20.7447 -6.77631 
115.571 97.653 20.7465 -6.77582 
117.723 98.9139 20.7482 -6.77523 
119.876 100.174 20.75 -6.77459 
122.029 101.432 20.7517 -6.77392 
124.182 102.69 20.7532 -6.77326 
111.29 92.6174 20.7399 -6.7774 
113.443 93.8818 20.7411 -6.77719 
115.597 95.1447 20.7427 -6.77684 
117.75 96.4063 20.7444 -6.77629 
119.904 97.6665 20.7462 -6.77575 
122.057 98.9258 20.748 -6.77507 
115.62 92.6361 20.7394 -6.77767 
117.774 93.8983 20.7409 -6.77728 
119.929 95.1592 20.7426 -6.77682 
79.2911 20.703 20.7419 -6.77494 
81.446 21.9649 20.7404 -6.77527 
77.1611 16.9347 20.747 -6.77367 
79.3153 18.1948 20.7452 -6.77416 
81.4694 19.4561 20.7436 -6.77459 
83.6232 20.7186 20.742 -6.7749 
85.7769 21.9826 20.7406 -6.77513 
75.0349 13.1689 20.7522 -6.77222 
77.1884 14.4275 20.7506 -6.77274 
79.3417 15.6869 20.7489 -6.77329 
81.4949 16.9476 20.7472 -6.77374 
83.648 18.2095 20.7454 -6.77422 
85.8009 19.4728 20.7439 -6.77452 
87.9535 20.7376 20.7425 -6.77477 
90.1059 22.0043 20.7416 -6.77471 
72.9121 9.40472 20.7566 -6.77093 
75.0648 10.6623 20.7555 -6.77138 
77.2175 11.9205 20.7541 -6.77183 
79.3701 13.1795 20.7526 -6.77231 
81.5226 14.4395 20.751 -6.77282 
83.675 15.7007 20.7493 -6.77334 
85.8271 16.9634 20.7476 -6.7737 
87.979 18.2274 20.7461 -6.77402 
90.1306 19.4932 20.7448 -6.77417 
92.2819 20.7609 20.7441 -6.77416 
94.4328 22.0306 20.7439 -6.77388 
70.7924 5.6419 20.7597 -6.76996 
72.9444 6.89872 20.759 -6.77027 
75.0965 8.15594 20.7582 -6.77061 
77.2485 9.41372 20.7571 -6.77106 
79.4005 10.6723 20.756 -6.77147 
81.5523 11.9318 20.7546 -6.77195 
83.7041 13.1925 20.7531 -6.77239 
85.8555 14.4543 20.7516 -6.77285 
88.0067 15.7177 20.7501 -6.77317 
90.1576 16.9827 20.7488 -6.77345 
92.3082 18.2495 20.7478 -6.77349 
94.4584 19.5184 20.7472 -6.7734 
96.6083 20.7895 20.7474 -6.77297 
98.7578 22.063 20.7483 -6.77247 
68.6743 1.88013 20.7611 -6.76955 
70.8262 3.13634 20.7609 -6.76963 
72.9781 4.39286 20.7606 -6.76979 
75.1298 5.64983 20.7601 -6.77003 
77.2813 6.90724 20.7594 -6.77035 
79.4327 8.16542 20.7586 -6.7707 
81.584 9.42449 20.7577 -6.77113 
83.7352 10.6846 20.7566 -6.77153 
85.886 11.9459 20.7555 -6.77191 
88.0366 13.2087 20.7542 -6.77224 
90.1869 14.4728 20.7531 -6.77257 
92.3369 15.7388 20.752 -6.77266 
94.4864 17.0068 20.7514 -6.77269 
96.6357 18.2771 20.7512 -6.7724 
98.7846 19.5497 20.7517 -6.77199 
100.933 20.8247 20.753 -6.7713 
103.081 22.1024 20.7552 -6.77051 
70.8607 0.630942 20.7612 -6.76959 
73.0125 1.88732 20.7612 -6.76958 
75.164 3.14398 20.761 -6.76969 
77.3154 4.4011 20.7608 -6.76981 
79.4666 5.65892 20.7604 -6.77007 
81.6175 6.91757 20.76 -6.77039 
83.7681 8.17726 20.7594 -6.77074 
85.9185 9.43802 20.7587 -6.77107 
88.0686 10.7001 20.758 -6.77136 
90.2184 11.9636 20.7572 -6.7716 
92.3678 13.2287 20.7565 -6.77176 
94.5168 14.4959 20.756 -6.77175 
96.6655 15.7654 20.7558 -6.77163 
98.8137 17.0372 20.7561 -6.77127 
100.962 18.3114 20.7571 -6.77074 
103.109 19.5881 20.7589 -6.76992 
105.256 20.8675 20.7615 -6.76906 
107.403 22.1496 20.7648 -6.76805 
75.1988 0.638487 20.761 -6.76968 
77.3503 1.89538 20.7611 -6.76969 
79.5014 3.15289 20.7612 -6.76977 
81.6523 4.41119 20.7612 -6.76991 
83.8028 5.67038 20.7611 -6.77014 
85.9529 6.93064 20.761 -6.77032 
88.1026 8.19211 20.7609 -6.77057 
90.2521 9.45498 20.7607 -6.77071 
92.401 10.7194 20.7606 -6.77083 
94.5496 11.9859 20.7605 -6.77083 
96.6977 13.2545 20.7607 -6.77077 
98.8454 14.5255 20.7612 -6.77042 
100.993 15.7988 20.7621 -6.76993 
103.14 17.0747 20.7638 -6.76918 
105.286 18.3533 20.7661 -6.76838 
107.432 19.6346 20.7691 -6.76738 
109.578 20.9186 20.7727 -6.76641 
111.724 22.2048 20.7765 -6.76557 
79.5369 0.647282 20.7609 -6.76972 
81.688 1.90526 20.7613 -6.76976 
83.8386 3.16409 20.7617 -6.76976 
85.9887 4.42388 20.7622 -6.76984 
88.1384 5.68481 20.7627 -6.76989 
90.2876 6.94713 20.7632 -6.76994 
92.4362 8.21098 20.7638 -6.76998 
94.5846 9.47669 20.7645 -6.76994 
96.7324 10.7445 20.7653 -6.76979 
98.8796 12.0146 20.7663 -6.76946 
101.026 13.2871 20.7676 -6.76897 
103.173 14.5621 20.7693 -6.76832 
105.319 15.8399 20.7716 -6.76747 
107.464 17.1205 20.7746 -6.76647 
109.609 18.404 20.778 -6.76549 
111.754 19.6899 20.7818 -6.76453 
113.9 20.9779 20.7857 -6.76386 
116.045 22.2678 20.789 -6.76334 
83.875 0.658355 20.7611 -6.76966 
86.0254 1.91768 20.7621 -6.76964 
88.1753 3.17817 20.7632 -6.76949 
90.3246 4.43997 20.7644 -6.76945 
92.4733 5.7033 20.7658 -6.76924 
94.6215 6.96836 20.7674 -6.76913 
96.7692 8.23541 20.769 -6.76883 
98.9162 9.50465 20.7708 -6.7685 
101.063 10.7763 20.7728 -6.76791 
103.208 12.0506 20.7751 -6.76726 
105.354 13.3275 20.7777 -6.76641 
107.499 14.6075 20.7808 -6.76545 
109.644 15.8903 20.7842 -6.76443 
111.788 17.1758 20.7881 -6.76342 
113.932 18.4637 20.7921 -6.76254 
116.077 19.7536 20.7957 -6.76188 
118.222 21.0452 20.7985 -6.76156 
120.368 22.3378 20.7999 -6.76161 
88.2128 0.672282 20.7625 -6.76946 
90.3625 1.93359 20.7643 -6.76923 
92.5115 3.19644 20.7664 -6.76889 
94.6599 4.46094 20.7688 -6.76861 
96.8076 5.72736 20.7714 -6.76813 
98.9547 6.99583 20.7742 -6.76765 
101.101 8.26669 20.7772 -6.76696 
103.247 9.54014 20.7804 -6.76623 
105.392 10.8164 20.7837 -6.76533 
107.536 12.0955 20.7872 -6.76437 
109.681 13.3777 20.791 -6.76328 
111.824 14.6627 20.795 -6.76221 
113.968 15.9503 20.7992 -6.7612 
116.112 17.2402 20.8031 -6.76044 
118.256 18.532 20.8063 -6.75987 
120.401 19.8252 20.8083 -6.75973 
122.547 21.1191 20.8085 -6.75993 
124.695 22.4129 20.8068 -6.76063 
92.5505 0.690434 20.7656 -6.76883 
94.6994 1.9544 20.7687 -6.7683 
96.8474 3.22022 20.7722 -6.76771 
98.9947 4.48804 20.7761 -6.76701 
101.141 5.75815 20.7802 -6.7662 
103.287 7.0308 20.7845 -6.76531 
105.432 8.30626 20.7888 -6.76429 
107.577 9.58469 20.7933 -6.76323 
109.72 10.8662 20.7977 -6.76209 
111.864 12.1506 20.8021 -6.76098 
114.007 13.4378 20.8067 -6.75986 
116.15 14.7275 20.811 -6.75893 
118.293 16.0195 20.8146 -6.75818 
120.437 17.3131 20.8171 -6.75786 
122.582 18.6077 20.8179 -6.75786 
124.728 19.9027 20.8168 -6.75835 
126.876 21.1974 20.8138 -6.75914 
129.026 22.4913 20.809 -6.76024 
96.8882 0.714083 20.7715 -6.76762 
99.036 1.98128 20.7763 -6.76668 
101.183 3.25075 20.7815 -6.76573 
103.329 4.52268 20.787 -6.76462 
105.474 5.79742 20.7926 -6.76348 
107.619 7.07509 20.7982 -6.76226 
109.763 8.35586 20.8036 -6.76099 
111.906 9.6396 20.8089 -6.75971 
114.049 10.9263 20.814 -6.75853 
116.191 12.2157 20.8188 -6.75742 
118.334 13.5077 20.823 -6.7566 
120.477 14.8016 20.8262 -6.75595 
122.62 16.0968 20.8277 -6.75581 
124.765 17.3927 20.8272 -6.75604 
126.912 18.6886 20.8247 -6.75673 
129.06 19.984 20.8203 -6.75768 
131.21 21.2781 20.8145 -6.75891 
133.363 22.5707 20.8077 -6.7602 
101.226 0.744552 20.7811 -6.76556 
103.372 2.0159 20.7878 -6.76426 
105.518 3.28984 20.7947 -6.76294 
107.663 4.56683 20.8015 -6.76148 
109.807 5.84677 20.8083 -6.76009 
111.95 7.1299 20.8146 -6.75863 
114.093 8.41599 20.8206 -6.75733 
116.235 9.70509 20.8262 -6.75606 
118.377 10.9969 20.8313 -6.75504 
120.519 12.2909 20.8352 -6.75418 
122.662 13.5865 20.8376 -6.75381 
124.806 14.8832 20.8379 -6.75383 
126.951 16.1802 20.8359 -6.75438 
129.097 17.4769 20.832 -6.75518 
131.246 18.7726 20.8264 -6.75636 
133.397 20.0668 20.8197 -6.75767 
135.55 21.3592 20.8123 -6.75911 
137.705 22.6495 20.8046 -6.76057 
105.563 0.783581 20.7948 -6.76263 
107.709 2.05982 20.803 -6.76102 
109.853 3.33905 20.8111 -6.75943 
111.997 4.62148 20.8188 -6.75782 
114.14 5.90702 20.826 -6.75627 
116.282 7.19562 20.8327 -6.75485 
118.424 8.48715 20.8388 -6.75362 
120.565 9.78121 20.8438 -6.75259 
122.707 11.0772 20.8473 -6.75191 
124.85 12.3744 20.8486 -6.75171 
126.993 13.6721 20.8475 -6.75195 
129.138 14.9699 20.8441 -6.7527 
131.285 16.267 20.8387 -6.75374 
133.434 17.5628 20.832 -6.75507 
135.585 18.8568 20.8244 -6.75654 
137.739 20.1486 20.8164 -6.75815 
139.895 21.4382 20.8083 -6.75965 
142.053 22.7253 20.8005 -6.7613 
109.9 0.832825 20.812 -6.75907 
112.045 2.11448 20.8211 -6.75729 
114.188 3.39941 20.8297 -6.75547 
116.331 4.68747 20.8378 -6.7539 
118.472 5.97865 20.8452 -6.75236 
120.614 7.27252 20.8516 -6.75112 
122.755 8.56859 20.8565 -6.75012 
124.897 9.86613 20.8592 -6.74968 
127.04 11.1646 20.8593 -6.74966 
129.183 12.4633 20.8566 -6.75024 
131.328 13.7616 20.8515 -6.75116 
133.475 15.0588 20.8447 -6.75254 
135.625 16.3542 20.8368 -6.75404 
137.776 17.6476 20.8284 -6.75574 
139.93 18.9387 20.8196 -6.75741 
142.086 20.2272 20.8109 -6.75918 
144.245 21.5133 20.8026 -6.76095 
114.238 0.893201 20.8313 -6.75515 
116.381 2.18071 20.8409 -6.75327 
118.523 3.4714 20.8498 -6.75147 
120.665 4.76495 20.8579 -6.74992 
122.806 6.06093 20.8646 -6.74866 
124.947 7.3587 20.8692 -6.74785 
127.089 8.6576 20.8708 -6.74755 
129.231 9.95699 20.8692 -6.74785 
131.375 11.2562 20.8646 -6.7487 
133.521 12.5546 20.8577 -6.75001 
135.668 13.8515 20.8494 -6.75161 
137.817 15.1463 20.8402 -6.7534 
139.969 16.4388 20.8308 -6.75523 
142.123 17.7287 20.8213 -6.75715 
118.575 0.965375 20.8522 -6.75105 
120.717 2.25853 20.8621 -6.74914 
122.859 3.55422 20.8708 -6.74754 
125 4.852 20.8775 -6.7463 
127.141 6.15114 20.8813 -6.74567 
129.283 7.45103 20.8813 -6.74569 
131.425 8.75102 20.8776 -6.74633 
133.569 10.0504 20.8708 -6.74753 
135.714 11.3484 20.8619 -6.74922 
137.862 12.6445 20.852 -6.75104 
140.011 13.9383 20.8417 -6.75311 
122.912 1.04847 20.8742 -6.74692 
125.054 2.34601 20.8832 -6.74533 
127.195 3.6452 20.8894 -6.74428 
129.336 4.94542 20.8916 -6.74391 
131.478 6.24591 20.8895 -6.74429 
133.62 7.54603 20.8833 -6.74532 
135.764 8.84503 20.8742 -6.74696 
137.91 10.1423 20.8635 -6.74889 
127.25 1.13984 20.8939 -6.74354 
129.391 2.44009 20.8987 -6.74278 
131.532 3.74096 20.8987 -6.74275 
133.674 5.04165 20.894 -6.74354 
135.816 6.34136 20.8853 -6.74502 
131.588 1.23612 20.9038 -6.74189 
133.729 2.53712 20.9012 -6.74237 
92.1244 43.387 20.748 -6.77224 
94.2781 44.665 20.7513 -6.77137 
89.9828 39.5958 20.7424 -6.77367 
92.1371 40.8713 20.7456 -6.77274 
94.2908 42.1485 20.7489 -6.77183 
96.4437 43.4275 20.7523 -6.77103 
98.5961 44.708 20.7553 -6.77029 
87.8413 35.8089 20.7381 -6.77496 
89.9964 37.0814 20.7404 -6.77418 
92.1505 38.3558 20.7433 -6.77328 
94.3041 39.6322 20.7465 -6.77234 
96.4569 40.9104 20.7499 -6.7715 
98.6092 42.1905 20.7532 -6.77071 
100.761 43.472 20.7562 -6.77014 
102.913 44.7547 20.7586 -6.76975 
85.7006 32.0266 20.7358 -6.77583 
87.8561 33.2959 20.737 -6.77529 
90.0109 34.5673 20.7389 -6.77462 
92.165 35.8408 20.7413 -6.77372 
94.3183 37.1163 20.7443 -6.77288 
96.471 38.3937 20.7476 -6.77196 
98.6232 39.673 20.7511 -6.77113 
100.775 40.9542 20.7543 -6.77042 
102.926 42.2367 20.7572 -6.76992 
105.078 43.52 20.7594 -6.76976 
107.229 44.8037 20.7607 -6.76982 
83.5616 28.2485 20.7358 -6.77608 
85.7171 29.515 20.7358 -6.77584 
87.8722 30.7833 20.7365 -6.77548 
90.0267 32.0536 20.7378 -6.77492 
92.1806 33.3261 20.7398 -6.77417 
94.3337 34.6008 20.7424 -6.77331 
96.4862 35.8774 20.7455 -6.77239 
98.6382 37.156 20.7489 -6.77152 
100.79 38.4365 20.7524 -6.77076 
102.941 39.7187 20.7556 -6.77014 
105.092 41.002 20.7583 -6.76977 
107.243 42.286 20.7602 -6.76977 
109.394 43.5703 20.7612 -6.76995 
111.546 44.8546 20.7611 -6.77054 
81.4248 24.474 20.7379 -6.77579 
83.5802 25.7381 20.7371 -6.77587 
85.7352 27.0038 20.7366 -6.77579 
87.8898 28.2712 20.7367 -6.77557 
90.0439 29.5406 20.7375 -6.77517 
92.1975 30.8121 20.7389 -6.77453 
94.3503 32.0858 20.7411 -6.77379 
96.5025 33.3616 20.7438 -6.77284 
98.6542 34.6394 20.7471 -6.772 
100.805 35.9193 20.7506 -6.77109 
102.956 37.2009 20.754 -6.77041 
105.107 38.4842 20.7571 -6.76983 
107.257 39.7683 20.7596 -6.7697 
109.408 41.0529 20.7612 -6.76976 
111.56 42.3378 20.7618 -6.77018 
113.712 43.6224 20.7611 -6.77079 
115.865 44.9062 20.7593 -6.77179 
83.6007 23.2282 20.7391 -6.77548 
85.7551 24.493 20.7382 -6.77556 
87.9091 25.7596 20.7378 -6.77547 
90.0628 27.028 20.7379 -6.77521 
92.2159 28.2985 20.7388 -6.77471 
94.3684 29.5712 20.7404 -6.77404 
96.5202 30.8461 20.7427 -6.77316 
98.6715 32.1231 20.7457 -6.77228 
100.822 33.4022 20.749 -6.77138 
102.973 34.6833 20.7526 -6.77061 
105.123 35.9663 20.756 -6.76995 
107.273 37.2505 20.7589 -6.76963 
109.423 38.5354 20.7611 -6.76952 
111.574 39.8208 20.7623 -6.76979 
113.726 41.1062 20.7624 -6.77036 
115.879 42.3911 20.7611 -6.77117 
118.032 43.675 20.7587 -6.7722 
120.188 44.9575 20.7553 -6.77338 
87.9303 23.2483 20.7397 -6.7752 
90.0833 24.5158 20.7393 -6.77507 
92.2359 25.7854 20.7395 -6.77474 
94.388 27.0571 20.7405 -6.77419 
96.5394 28.3311 20.7423 -6.77345 
98.6903 29.6072 20.7449 -6.77258 
100.841 30.8856 20.748 -6.77169 
102.991 32.1661 20.7515 -6.7708 
105.141 33.4487 20.7551 -6.77007 
107.29 34.7328 20.7584 -6.76952 
109.44 36.018 20.7611 -6.76937 
111.59 37.3038 20.763 -6.76939 
113.741 38.5899 20.7637 -6.76987 
115.893 39.8757 20.7631 -6.77048 
118.046 41.1608 20.7611 -6.77153 
120.201 42.4446 20.7581 -6.77254 
122.357 43.727 20.7542 -6.77384 
124.514 45.0079 20.7499 -6.77491 
92.2578 23.2729 20.7413 -6.77459 
94.4094 24.5436 20.7417 -6.77413 
96.5603 25.8165 20.7429 -6.77359 
98.7108 27.0919 20.7449 -6.7727 
100.861 28.3695 20.7477 -6.77184 
103.01 29.6494 20.751 -6.7709 
105.16 30.9314 20.7546 -6.77014 
107.309 32.2153 20.7582 -6.76942 
109.458 33.5006 20.7614 -6.7691 
111.607 34.7868 20.7638 -6.76895 
113.758 36.0735 20.7651 -6.76928 
115.909 37.3602 20.7652 -6.76981 
118.061 38.6464 20.7638 -6.77069 
120.215 39.9315 20.7612 -6.77173 
122.37 41.2154 20.7575 -6.77293 
124.527 42.4978 20.7532 -6.77411 
126.685 43.7785 20.7488 -6.77519 
128.845 45.0576 20.7447 -6.77606 
96.5833 23.3027 20.7446 -6.77338 
98.7332 24.5771 20.746 -6.7727 
100.883 25.8539 20.7483 -6.77184 
103.032 27.133 20.7513 -6.77092 
105.181 28.4146 20.7548 -6.77003 
107.329 29.6981 20.7585 -6.76929 
109.478 30.9833 20.762 -6.76875 
111.627 32.2698 20.7649 -6.76852 
113.776 33.5571 20.7669 -6.7686 
115.926 34.8446 20.7676 -6.76904 
118.077 36.1318 20.7669 -6.76977 
120.23 37.4183 20.7647 -6.77074 
122.384 38.7036 20.7613 -6.7719 
124.54 39.9875 20.7571 -6.77308 
126.698 41.2698 20.7525 -6.77422 
128.858 42.5504 20.7481 -6.7752 
131.019 43.8292 20.7443 -6.77592 
133.182 45.1065 20.7415 -6.7764 
100.907 23.3389 20.7501 -6.77168 
103.055 24.6174 20.7527 -6.77084 
105.203 25.8983 20.7559 -6.76986 
107.351 27.1814 20.7596 -6.76906 
109.499 28.4665 20.7633 -6.76833 
111.648 29.753 20.7666 -6.76798 
113.796 31.0407 20.7691 -6.76779 
115.945 32.3289 20.7705 -6.76809 
118.096 33.6172 20.7704 -6.76866 
120.248 34.9048 20.7688 -6.76963 
122.401 36.1916 20.7657 -6.77063 
124.556 37.477 20.7616 -6.77188 
126.713 38.761 20.7569 -6.773 
128.871 40.0431 20.7522 -6.77416 
131.032 41.3236 20.748 -6.77493 
133.194 42.6024 20.7447 -6.77553 
135.358 43.8796 20.7424 -6.7757 
137.524 45.1554 20.7413 -6.77577 
105.229 23.3826 20.7581 -6.76953 
107.376 24.6652 20.7616 -6.76865 
109.523 25.95 20.7654 -6.76781 
111.671 27.2365 20.769 -6.76731 
113.818 28.5244 20.772 -6.767 
115.967 29.8133 20.7739 -6.76709 
118.116 31.1025 20.7745 -6.76753 
120.267 32.3913 20.7735 -6.76829 
122.419 33.6794 20.7709 -6.7693 
124.573 34.9664 20.767 -6.77049 
126.729 36.252 20.7623 -6.77165 
128.887 37.536 20.7572 -6.77281 
131.046 38.8181 20.7525 -6.77373 
133.208 40.0984 20.7486 -6.77442 
135.371 41.3772 20.7458 -6.77482 
137.537 42.6544 20.7441 -6.77492 
139.703 43.9303 20.7435 -6.77474 
141.872 45.2048 20.7439 -6.77445 
109.549 23.434 20.7685 -6.76723 
111.696 24.7203 20.7723 -6.76652 
113.843 26.0084 20.7756 -6.76608 
115.99 27.2978 20.7781 -6.76595 
118.139 28.5878 20.7793 -6.76619 
120.288 29.8777 20.7789 -6.7668 
122.439 31.1672 20.7768 -6.76771 
124.592 32.4557 20.7732 -6.76881 
126.747 33.743 20.7686 -6.77004 
128.904 35.0286 20.7633 -6.77121 
131.062 36.3124 20.7581 -6.77226 
133.223 37.5944 20.7536 -6.77304 
135.386 38.8748 20.7501 -6.77359 
137.55 40.1535 20.7477 -6.7738 
139.717 41.4307 20.7465 -6.77382 
141.884 42.7066 20.7464 -6.77358 
144.054 43.9812 20.7472 -6.77326 
146.224 45.2546 20.7486 -6.77274 
113.87 23.4929 20.7802 -6.765 
116.016 24.7826 20.7831 -6.76467 
118.164 26.0733 20.7849 -6.76476 
120.312 27.3643 20.7851 -6.76519 
122.462 28.6549 20.7836 -6.76598 
124.614 29.9448 20.7804 -6.767 
126.767 31.2337 20.7759 -6.76821 
128.923 32.5211 20.7705 -6.76937 
131.08 33.8067 20.7649 -6.77056 
133.24 35.0904 20.7597 -6.77143 
135.402 36.3724 20.7554 -6.77218 
137.566 37.6527 20.7523 -6.77251 
139.731 38.9315 20.7504 -6.77273 
141.898 40.2087 20.7497 -6.77264 
144.067 41.4844 20.7499 -6.77245 
146.237 42.759 20.7508 -6.77205 
148.408 44.0325 20.7522 -6.77171 
150.58 45.3051 20.7539 -6.77127 
118.191 23.559 20.7913 -6.76325 
120.339 24.8509 20.7921 -6.76343 
122.487 26.1427 20.7912 -6.76413 
124.638 27.4341 20.7884 -6.76501 
126.79 28.7245 20.7841 -6.76621 
128.944 30.0136 20.7787 -6.76737 
131.101 31.301 20.7728 -6.76856 
133.259 32.5865 20.767 -6.76959 
135.42 33.8702 20.762 -6.77049 
137.583 35.1521 20.7581 -6.77104 
139.747 36.4324 20.7553 -6.77142 
141.914 37.7109 20.7538 -6.77158 
144.082 38.9879 20.7533 -6.77153 
146.251 40.2636 20.7536 -6.77133 
148.422 41.538 20.7544 -6.77106 
150.594 42.8114 20.7557 -6.77077 
152.766 44.0838 20.757 -6.77049 
154.94 45.3553 20.7583 -6.77026 
122.516 23.6307 20.7995 -6.76204 
124.665 24.9234 20.7973 -6.76284 
126.815 26.2153 20.7933 -6.76389 
128.968 27.506 20.788 -6.76511 
131.123 28.7952 20.7819 -6.76635 
133.281 30.0825 20.7757 -6.76752 
135.44 31.368 20.7699 -6.76846 
137.602 32.6516 20.765 -6.76929 
139.766 33.9333 20.7614 -6.76983 
141.931 35.2133 20.7589 -6.77025 
144.099 36.4915 20.7575 -6.77036 
146.267 37.7683 20.757 -6.77047 
148.437 39.0437 20.7572 -6.77036 
150.608 40.3179 20.7578 -6.77027 
152.781 41.5909 20.7586 -6.77006 
154.953 42.8629 20.7595 -6.76997 
157.127 44.1339 20.7603 -6.76979 
126.844 23.7062 20.8033 -6.76154 
128.996 24.9986 20.7982 -6.76276 
131.149 26.2894 20.792 -6.76393 
133.305 27.5786 20.7854 -6.76526 
135.463 28.8658 20.779 -6.76638 
137.624 30.1511 20.7733 -6.76743 
139.786 31.4345 20.7686 -6.76816 
141.951 32.7159 20.7651 -6.76881 
144.117 33.9954 20.7627 -6.76917 
146.285 35.2732 20.7612 -6.7695 
148.454 36.5495 20.7606 -6.76963 
150.624 37.8245 20.7604 -6.76968 
152.796 39.0981 20.7606 -6.7697 
154.968 40.3705 20.7609 -6.76972 
131.178 23.7838 20.8029 -6.76146 
133.332 25.0747 20.7962 -6.76279 
135.489 26.3637 20.7893 -6.76404 
137.648 27.6507 20.7828 -6.76524 
139.809 28.9355 20.7771 -6.76631 
141.972 30.2183 20.7725 -6.7671 
144.137 31.4991 20.7689 -6.76783 
146.304 32.7781 20.7664 -6.76832 
148.472 34.0554 20.7646 -6.76877 
150.642 35.3311 20.7635 -6.76902 
152.813 36.6053 20.7629 -6.76928 
135.518 23.8614 20.8004 -6.76162 
137.675 25.1501 20.7933 -6.76289 
139.834 26.4365 20.7867 -6.76419 
141.996 27.7208 20.781 -6.76524 
144.16 29.0029 20.7762 -6.76624 
146.326 30.283 20.7723 -6.76706 
148.493 31.5612 20.7694 -6.76779 
150.661 32.8377 20.7672 -6.76833 
139.863 23.9375 20.7972 -6.76199 
142.023 25.2232 20.7904 -6.76331 
144.185 26.5066 20.7844 -6.76461 
146.35 27.7879 20.7792 -6.76572 
148.515 29.0671 20.775 -6.76671 
144.214 24.0101 20.7933 -6.76276 
146.376 25.2925 20.7868 -6.76424 
104.972 66.178 20.7537 -6.77205 
107.126 67.4567 20.7504 -6.7732 
109.28 68.7337 20.7469 -6.77438 
102.831 62.3803 20.7584 -6.77064 
104.984 63.6612 20.7558 -6.77152 
107.137 64.9407 20.7528 -6.77257 
109.292 66.2186 20.7493 -6.77374 
111.447 67.4949 20.7458 -6.77492 
113.603 68.7693 20.7424 -6.77607 
100.69 58.5804 20.7609 -6.76978 
102.842 59.8626 20.7597 -6.77031 
104.995 61.144 20.7577 -6.77105 
107.148 62.4244 20.7549 -6.772 
109.302 63.7032 20.7517 -6.77313 
111.457 64.9804 20.7481 -6.77428 
113.613 66.2559 20.7446 -6.77548 
115.77 67.5296 20.7413 -6.77651 
117.928 68.8014 20.7385 -6.77754 
98.5485 54.7799 20.7609 -6.76957 
100.701 56.0624 20.7612 -6.76965 
102.853 57.3448 20.7606 -6.77003 
105.006 58.6267 20.7591 -6.77064 
107.159 59.9077 20.7568 -6.7715 
109.313 61.1874 20.7538 -6.77257 
111.468 62.4657 20.7504 -6.77373 
113.624 63.7422 20.7469 -6.77491 
115.78 65.0171 20.7434 -6.77601 
117.938 66.29 20.7402 -6.77707 
120.097 67.5612 20.7375 -6.77797 
96.4073 50.9799 20.7583 -6.76995 
98.5599 52.2619 20.7601 -6.76964 
100.712 53.5443 20.761 -6.76958 
102.865 54.8268 20.7611 -6.76984 
105.017 56.1091 20.7602 -6.77032 
107.17 57.3909 20.7584 -6.77108 
109.324 58.6714 20.7558 -6.77202 
111.478 59.9506 20.7526 -6.7732 
113.634 61.2282 20.7491 -6.77431 
115.79 62.5042 20.7455 -6.77553 
117.948 63.7784 20.7421 -6.77655 
120.107 65.0507 20.739 -6.77755 
122.266 66.3213 20.7365 -6.77832 
124.427 67.5902 20.7346 -6.77898 
94.266 47.1818 20.7536 -6.77095 
96.4191 48.4623 20.7565 -6.77026 
98.5716 49.7439 20.7588 -6.76979 
100.724 51.0263 20.7604 -6.76961 
102.876 52.3089 20.7611 -6.76972 
105.029 53.5915 20.7608 -6.77006 
107.181 54.8738 20.7596 -6.77074 
109.335 56.1552 20.7574 -6.77154 
111.489 57.4354 20.7546 -6.77266 
113.644 58.714 20.7512 -6.77381 
115.8 59.9911 20.7476 -6.77502 
117.958 61.2665 20.744 -6.77609 
120.116 62.54 20.7407 -6.77715 
122.276 63.8118 20.7379 -6.77798 
124.436 65.0819 20.7356 -6.77871 
126.598 66.3505 20.7339 -6.77914 
128.761 67.6177 20.7328 -6.77955 
96.4311 45.9448 20.7545 -6.77067 
98.5836 47.226 20.7572 -6.77004 
100.736 48.5082 20.7593 -6.76971 
102.888 49.7909 20.7606 -6.76966 
105.04 51.0738 20.761 -6.7699 
107.193 52.3565 20.7604 -6.77043 
109.346 53.6387 20.7588 -6.77115 
111.499 54.9199 20.7564 -6.77215 
113.654 56.1995 20.7532 -6.77325 
115.81 57.4777 20.7496 -6.77448 
117.967 58.7543 20.746 -6.77562 
120.125 60.0291 20.7424 -6.7767 
122.285 61.302 20.7393 -6.77764 
124.445 62.5732 20.7367 -6.77842 
126.607 63.843 20.7347 -6.77896 
128.77 65.1113 20.7333 -6.77933 
130.933 66.3783 20.7325 -6.77958 
133.098 67.6441 20.7321 -6.77967 
100.748 45.99 20.7579 -6.76987 
102.9 47.2728 20.7598 -6.76966 
105.052 48.5559 20.7608 -6.76979 
107.204 49.839 20.7608 -6.77015 
109.357 51.1219 20.7599 -6.77082 
111.51 52.404 20.7579 -6.77164 
113.665 53.6847 20.7551 -6.77278 
115.82 54.964 20.7517 -6.7739 
117.977 56.2417 20.748 -6.77511 
120.135 57.5178 20.7443 -6.77616 
122.294 58.792 20.7409 -6.77725 
124.454 60.0645 20.7379 -6.77801 
126.616 61.3354 20.7357 -6.77876 
128.778 62.6048 20.734 -6.7791 
130.942 63.8729 20.733 -6.77941 
133.107 65.1398 20.7325 -6.77946 
135.272 66.4057 20.7324 -6.7795 
137.438 67.6707 20.7328 -6.77938 
105.064 46.0379 20.7602 -6.76977 
107.216 47.3214 20.7609 -6.76994 
109.369 48.6048 20.7606 -6.77056 
111.522 49.8877 20.7592 -6.77127 
113.676 51.1696 20.7568 -6.7723 
115.831 52.45 20.7537 -6.77338 
117.987 53.7289 20.75 -6.77464 
120.144 55.0062 20.7462 -6.77573 
122.303 56.2818 20.7426 -6.77682 
124.463 57.5556 20.7393 -6.77765 
126.625 58.8277 20.7367 -6.77841 
128.787 60.0983 20.7348 -6.77888 
130.951 61.3676 20.7336 -6.77924 
133.115 62.6356 20.7329 -6.7793 
135.281 63.9025 20.7328 -6.77935 
137.447 65.1685 20.7332 -6.77916 
139.615 66.4337 20.7339 -6.779 
141.783 67.6984 20.7349 -6.77864 
109.381 46.0876 20.761 -6.77024 
111.534 47.3712 20.7602 -6.77086 
113.687 48.6541 20.7584 -6.77181 
115.841 49.9356 20.7556 -6.77286 
117.997 51.2158 20.7521 -6.77408 
120.154 52.4944 20.7482 -6.77525 
122.313 53.7713 20.7444 -6.77635 
124.472 55.0465 20.7409 -6.77729 
126.633 56.3199 20.738 -6.77808 
128.796 57.5917 20.7357 -6.77861 
130.959 58.8622 20.7342 -6.77895 
133.124 60.1313 20.7334 -6.77909 
135.29 61.3994 20.7333 -6.77911 
137.456 62.6664 20.7336 -6.77895 
139.624 63.9326 20.7344 -6.7787 
141.792 65.1982 20.7355 -6.77835 
143.961 66.4632 20.7369 -6.77795 
146.13 67.728 20.7385 -6.77751 
113.699 46.1383 20.7598 -6.77128 
115.853 47.4211 20.7574 -6.77233 
118.008 48.7024 20.7542 -6.77342 
120.165 49.9823 20.7504 -6.7747 
122.323 51.2606 20.7464 -6.77577 
124.482 52.5372 20.7427 -6.77688 
126.643 53.812 20.7394 -6.77765 
128.805 55.0851 20.7369 -6.77832 
130.968 56.3568 20.7351 -6.77866 
133.133 57.6272 20.7341 -6.77886 
135.299 58.8963 20.7338 -6.7788 
137.465 60.1644 20.7341 -6.77868 
139.633 61.4317 20.7349 -6.77836 
141.801 62.6982 20.7361 -6.77807 
143.97 63.9642 20.7377 -6.77756 
146.14 65.2298 20.7394 -6.77707 
148.31 66.4951 20.7413 -6.77653 
150.481 67.7602 20.7434 -6.77603 
118.02 46.1888 20.7564 -6.77284 
120.176 47.47 20.7527 -6.77412 
122.333 48.7497 20.7487 -6.77518 
124.492 50.0276 20.7447 -6.77631 
126.652 51.3039 20.7411 -6.77718 
128.814 52.5784 20.7382 -6.77794 
130.977 53.8513 20.7361 -6.77835 
133.142 55.123 20.7349 -6.77861 
135.307 56.3934 20.7344 -6.77853 
137.474 57.6626 20.7347 -6.77837 
139.642 58.9309 20.7355 -6.77803 
141.81 60.1984 20.7368 -6.77764 
143.98 61.4654 20.7384 -6.77712 
146.15 62.7319 20.7403 -6.7766 
148.321 63.9981 20.7424 -6.77605 
150.492 65.2641 20.7446 -6.77545 
152.664 66.5299 20.7469 -6.77488 
154.836 67.7957 20.7491 -6.77434 
122.344 46.2385 20.7513 -6.77455 
124.503 47.5179 20.7471 -6.77571 
126.662 48.7956 20.7432 -6.77664 
128.824 50.0716 20.7399 -6.7774 
130.987 51.3459 20.7375 -6.7779 
133.151 52.6188 20.7359 -6.7782 
135.316 53.8904 20.7353 -6.77822 
137.483 55.1609 20.7354 -6.77805 
139.651 56.4303 20.7361 -6.77767 
141.82 57.6989 20.7375 -6.77719 
143.989 58.9669 20.7392 -6.7767 
146.16 60.2344 20.7413 -6.77611 
148.331 61.5015 20.7435 -6.77554 
150.502 62.7682 20.7458 -6.77491 
152.674 64.0348 20.7481 -6.77434 
154.847 65.3012 20.7504 -6.77375 
157.02 66.5678 20.7526 -6.7732 
159.193 67.8345 20.7546 -6.77262 
126.673 46.2871 20.7457 -6.77599 
128.834 47.5646 20.7421 -6.77677 
130.997 48.8404 20.7392 -6.77742 
133.16 50.1146 20.7373 -6.77765 
135.326 51.3875 20.7364 -6.77778 
137.492 52.6592 20.7363 -6.77758 
139.66 53.9299 20.737 -6.77731 
141.829 55.1997 20.7383 -6.77676 
143.999 56.4687 20.7401 -6.77625 
146.169 57.7371 20.7422 -6.7756 
148.341 59.005 20.7445 -6.77502 
150.513 60.2727 20.7469 -6.77432 
152.685 61.54 20.7493 -6.77376 
154.858 62.8071 20.7517 -6.7731 
157.031 64.0742 20.7538 -6.77257 
159.205 65.3415 20.7558 -6.77201 
161.379 66.6089 20.7574 -6.7716 
163.553 67.8768 20.7588 -6.77113 
131.007 46.3349 20.7415 -6.77675 
133.171 47.6106 20.7392 -6.77711 
135.336 48.8848 20.7378 -6.77723 
137.502 50.1578 20.7375 -6.7771 
139.67 51.4297 20.738 -6.7768 
141.839 52.7007 20.7392 -6.77631 
144.009 53.9707 20.741 -6.77577 
146.179 55.2401 20.7431 -6.77511 
148.351 56.5089 20.7455 -6.77451 
150.523 57.7774 20.748 -6.77382 
152.696 59.0454 20.7504 -6.7732 
154.869 60.3133 20.7528 -6.77255 
157.043 61.581 20.7549 -6.77201 
159.217 62.8488 20.7568 -6.77151 
161.391 64.1166 20.7584 -6.7711 
163.565 65.3848 20.7596 -6.77071 
165.74 66.6532 20.7604 -6.77043 
167.914 67.922 20.7608 -6.77018 
135.347 46.3822 20.7398 -6.77655 
137.513 47.6565 20.7391 -6.77649 
139.68 48.9297 20.7394 -6.77617 
141.849 50.2018 20.7404 -6.7758 
144.019 51.473 20.7421 -6.77525 
146.19 52.7434 20.7442 -6.77462 
148.361 54.0131 20.7465 -6.77393 
150.534 55.2823 20.749 -6.77329 
152.707 56.5511 20.7514 -6.77264 
154.88 57.8197 20.7537 -6.77207 
157.054 59.088 20.7558 -6.7715 
159.228 60.3563 20.7577 -6.77108 
161.403 61.6246 20.7591 -6.77061 
163.577 62.893 20.7602 -6.77034 
165.752 64.1616 20.7608 -6.77007 
167.927 65.4304 20.761 -6.76993 
170.101 66.6997 20.7608 -6.76976 
139.691 46.4299 20.7412 -6.77551 
141.86 47.7032 20.742 -6.77515 
144.03 48.9755 20.7434 -6.77461 
146.2 50.2469 20.7454 -6.77409 
148.372 51.5176 20.7476 -6.77339 
150.544 52.7876 20.75 -6.77281 
152.717 54.0571 20.7524 -6.7721 
154.891 55.3263 20.7547 -6.77158 
157.065 56.5953 20.7567 -6.77105 
159.24 57.864 20.7584 -6.77068 
161.414 59.1326 20.7597 -6.77029 
163.589 60.4012 20.7606 -6.77004 
165.764 61.67 20.7611 -6.76981 
167.939 62.9388 20.7611 -6.76971 
144.041 46.4782 20.7451 -6.77399 
146.212 47.7506 20.7468 -6.77349 
148.383 49.0222 20.7489 -6.77287 
150.556 50.2932 20.7511 -6.77227 
152.729 51.5634 20.7534 -6.77171 
154.902 52.8332 20.7555 -6.7712 
157.077 54.1027 20.7574 -6.77074 
159.251 55.3719 20.759 -6.77036 
161.426 56.6408 20.7602 -6.77002 
163.601 57.9096 20.7609 -6.7698 
165.776 59.1784 20.7612 -6.76965 
148.395 46.5272 20.7504 -6.77229 
150.567 47.799 20.7524 -6.77175 
152.74 49.07 20.7545 -6.7713 
154.914 50.3405 20.7564 -6.77078 
157.088 51.6103 20.7581 -6.77045 
159.263 52.8798 20.7595 -6.77007 
161.438 54.149 20.7605 -6.76983 
163.613 55.4179 20.7611 -6.76965 
152.753 46.5769 20.7556 -6.77092 
154.926 47.8479 20.7573 -6.77051 
157.1 49.1181 20.7588 -6.77022 
159.275 50.3879 20.76 -6.76992 
161.45 51.6572 20.7608 -6.76972 
157.113 46.626 20.7595 -6.76998 
159.287 47.896 20.7604 -6.76978 
117.817 88.8814 20.7357 -6.77861 
119.973 90.1438 20.7367 -6.77836 
122.129 91.4049 20.7379 -6.77807 
115.679 85.1078 20.7341 -6.77885 
117.835 86.3725 20.7342 -6.779 
119.992 87.6357 20.7348 -6.7789 
122.149 88.8976 20.7357 -6.77872 
124.306 90.1583 20.7367 -6.7784 
126.464 91.4181 20.7378 -6.77802 
113.539 81.3304 20.7347 -6.77837 
115.695 82.5976 20.7338 -6.77881 
117.852 83.8632 20.7334 -6.77909 
120.009 85.1273 20.7335 -6.77916 
122.167 86.39 20.734 -6.77917 
124.325 87.6514 20.7347 -6.77893 
126.483 88.9118 20.7356 -6.77871 
128.642 90.1714 20.7365 -6.7783 
130.8 91.4302 20.7375 -6.77794 
111.398 77.5489 20.7375 -6.77721 
113.554 78.8189 20.7355 -6.77804 
115.71 80.0871 20.7341 -6.77868 
117.867 81.3537 20.7333 -6.77909 
120.025 82.6187 20.7329 -6.77931 
122.184 83.8822 20.733 -6.77942 
124.342 85.1444 20.7333 -6.77934 
126.501 86.4055 20.7339 -6.77922 
128.66 87.6656 20.7346 -6.77898 
130.82 88.9251 20.7353 -6.77872 
132.979 90.1838 20.7361 -6.7783 
135.139 91.442 20.7369 -6.778 
109.256 73.7628 20.7422 -6.77565 
111.411 75.036 20.7392 -6.77669 
113.567 76.3071 20.7368 -6.77765 
115.724 77.5763 20.7349 -6.77842 
117.881 78.8438 20.7336 -6.77896 
120.04 80.1097 20.7328 -6.77935 
122.198 81.3742 20.7325 -6.77951 
124.358 82.6372 20.7325 -6.77957 
126.517 83.899 20.7328 -6.77952 
128.677 85.1598 20.7332 -6.77939 
130.837 86.4199 20.7337 -6.77918 
132.998 87.6793 20.7343 -6.77893 
135.158 88.9381 20.7349 -6.77866 
137.319 90.1964 20.7355 -6.77836 
139.479 91.4544 20.7361 -6.77802 
107.114 69.9723 20.748 -6.77382 
109.268 71.2484 20.7445 -6.77499 
111.424 72.5227 20.7413 -6.77611 
113.58 73.7949 20.7384 -6.77711 
115.737 75.0652 20.7361 -6.77804 
117.894 76.3337 20.7344 -6.77863 
120.053 77.6005 20.7332 -6.77918 
122.212 78.8658 20.7324 -6.77943 
124.372 80.1297 20.7321 -6.77968 
126.532 81.3924 20.7321 -6.77967 
128.693 82.654 20.7323 -6.77967 
130.853 83.9147 20.7326 -6.7795 
133.015 85.1748 20.733 -6.77941 
135.176 86.4341 20.7334 -6.77918 
137.337 87.693 20.7339 -6.779 
139.499 88.9515 20.7344 -6.77868 
141.66 90.2098 20.7349 -6.77846 
143.821 91.4679 20.7355 -6.77802 
111.435 70.0089 20.7435 -6.77554 
113.591 71.2824 20.7403 -6.77661 
115.748 72.5537 20.7377 -6.77759 
117.906 73.8232 20.7355 -6.77837 
120.065 75.091 20.7339 -6.77901 
122.224 76.3573 20.7328 -6.7794 
124.384 77.6222 20.7321 -6.77967 
126.545 78.8857 20.7318 -6.77982 
128.706 80.1481 20.7318 -6.77988 
130.868 81.4096 20.7319 -6.7798 
133.03 82.6703 20.7321 -6.77972 
135.192 83.9303 20.7324 -6.77953 
137.354 85.1897 20.7328 -6.77938 
139.517 86.4488 20.7332 -6.77916 
141.679 87.7075 20.7336 -6.77896 
143.841 88.9662 20.7341 -6.77865 
146.004 90.2248 20.7347 -6.77836 
148.166 91.4834 20.7354 -6.77799 
115.76 70.0419 20.7394 -6.77706 
117.917 71.3125 20.7369 -6.77796 
120.076 72.5813 20.7349 -6.77867 
122.236 73.8486 20.7334 -6.77918 
124.396 75.1144 20.7324 -6.77954 
126.557 76.3789 20.7318 -6.77976 
128.719 77.6422 20.7316 -6.77985 
130.881 78.9044 20.7315 -6.77992 
133.044 80.1658 20.7316 -6.77989 
135.206 81.4266 20.7318 -6.77978 
137.37 82.6867 20.7321 -6.77963 
139.533 83.9463 20.7324 -6.7795 
141.696 85.2055 20.7328 -6.77929 
143.86 86.4647 20.7332 -6.77911 
146.023 87.7238 20.7338 -6.77886 
148.186 88.9829 20.7344 -6.77858 
150.349 90.2422 20.7353 -6.77822 
152.512 91.5018 20.7364 -6.77779 
120.087 70.0714 20.7361 -6.77827 
122.247 71.3397 20.7343 -6.77898 
124.407 72.6066 20.733 -6.77934 
126.568 73.872 20.7321 -6.77974 
128.73 75.1362 20.7316 -6.77984 
130.893 76.3992 20.7314 -6.78 
133.056 77.6614 20.7314 -6.77994 
135.22 78.9229 20.7316 -6.77993 
137.383 80.1837 20.7318 -6.77976 
139.548 81.4439 20.7321 -6.77974 
141.712 82.7038 20.7325 -6.77948 
143.876 83.9635 20.7329 -6.77938 
146.041 85.2232 20.7334 -6.77907 
148.205 86.4828 20.7341 -6.77887 
150.369 87.7425 20.7349 -6.77852 
152.533 89.0025 20.7359 -6.77821 
154.697 90.263 20.7373 -6.77766 
156.861 91.5241 20.7392 -6.77713 
122.257 68.8306 20.7353 -6.77867 
124.417 70.0985 20.7337 -6.7792 
126.579 71.365 20.7326 -6.77958 
128.741 72.6301 20.7319 -6.77981 
130.904 73.8941 20.7315 -6.77994 
133.068 75.1571 20.7314 -6.77996 
135.232 76.4193 20.7315 -6.77989 
137.396 77.6808 20.7318 -6.7798 
139.561 78.9417 20.7321 -6.77971 
141.726 80.2023 20.7325 -6.77954 
143.891 81.4627 20.733 -6.77941 
146.057 82.7229 20.7335 -6.77917 
148.222 83.9831 20.7342 -6.77897 
150.387 85.2434 20.7351 -6.77865 
152.553 86.5038 20.7361 -6.77834 
154.718 87.7647 20.7375 -6.77788 
156.883 89.0261 20.7392 -6.7774 
159.047 90.2883 20.7415 -6.77673 
126.589 68.8578 20.7332 -6.77937 
128.751 70.1239 20.7323 -6.77969 
130.914 71.3889 20.7317 -6.7798 
133.078 72.6527 20.7316 -6.7799 
135.243 73.9157 20.7316 -6.77989 
137.408 75.1781 20.7319 -6.77981 
139.573 76.4398 20.7323 -6.77965 
141.739 77.7011 20.7328 -6.77951 
143.905 78.9621 20.7333 -6.77934 
146.071 80.223 20.734 -6.77918 
148.238 81.4838 20.7348 -6.77892 
150.404 82.7447 20.7357 -6.77864 
152.57 84.0056 20.7369 -6.77834 
154.737 85.267 20.7382 -6.77791 
156.903 86.5288 20.7399 -6.77742 
159.069 87.7914 20.7421 -6.77681 
161.234 89.0546 20.7447 -6.77609 
163.399 90.3189 20.7481 -6.77519 
130.924 68.8836 20.7321 -6.7797 
133.088 70.1484 20.7318 -6.77984 
135.253 71.4123 20.7318 -6.77974 
137.419 72.6754 20.7321 -6.77976 
139.585 73.938 20.7326 -6.77953 
141.751 75.2001 20.7332 -6.77943 
143.918 76.4619 20.7339 -6.77917 
146.085 77.7234 20.7347 -6.77898 
148.252 78.9848 20.7357 -6.77865 
150.419 80.2463 20.7367 -6.7784 
152.587 81.5078 20.738 -6.77803 
154.754 82.7697 20.7394 -6.77768 
156.921 84.0321 20.7411 -6.77714 
159.088 85.295 20.7432 -6.77666 
161.255 86.5588 20.7457 -6.77595 
163.422 87.8233 20.7488 -6.77519 
165.588 89.0889 20.7525 -6.77415 
167.754 90.3558 20.7569 -6.77306 
135.263 68.9089 20.7321 -6.77965 
137.429 70.173 20.7324 -6.77956 
139.595 71.4364 20.733 -6.77937 
141.762 72.6993 20.7337 -6.77918 
143.929 73.9619 20.7346 -6.77894 
146.097 75.2241 20.7356 -6.7787 
148.265 76.4862 20.7367 -6.7784 
150.433 77.7483 20.7379 -6.77808 
152.602 79.0106 20.7393 -6.77767 
154.77 80.2729 20.7409 -6.7773 
156.938 81.5358 20.7427 -6.77682 
159.107 82.7993 20.7447 -6.77636 
161.275 84.0635 20.7471 -6.77571 
163.443 85.3285 20.7499 -6.775 
165.61 86.5944 20.7532 -6.77411 
167.778 87.8614 20.7571 -6.77311 
169.944 89.13 20.7616 -6.77187 
172.11 90.4002 20.767 -6.77045 
139.605 68.935 20.7334 -6.7792 
141.773 70.1988 20.7343 -6.77896 
143.94 71.4621 20.7353 -6.77867 
146.109 72.7251 20.7365 -6.77833 
148.277 73.9879 20.7379 -6.77801 
150.446 75.2507 20.7393 -6.77765 
152.615 76.5137 20.7409 -6.77722 
154.785 77.7767 20.7425 -6.7768 
156.954 79.0402 20.7444 -6.77633 
159.124 80.3042 20.7465 -6.7758 
161.293 81.5688 20.7487 -6.7752 
163.462 82.8341 20.7513 -6.77456 
165.631 84.1004 20.7542 -6.7738 
167.799 85.3676 20.7575 -6.77291 
169.967 86.6362 20.7613 -6.77189 
172.135 87.9065 20.7657 -6.77063 
174.301 89.1783 20.7709 -6.76931 
176.467 90.452 20.7768 -6.76768 
143.951 68.9625 20.7361 -6.77835 
146.12 70.2264 20.7375 -6.77792 
148.289 71.4899 20.739 -6.77756 
150.459 72.7535 20.7407 -6.77711 
152.628 74.0171 20.7424 -6.77669 
154.799 75.281 20.7443 -6.77618 
156.969 76.545 20.7462 -6.77574 
159.139 77.8095 20.7482 -6.77522 
161.31 79.0745 20.7504 -6.77469 
163.48 80.3403 20.7527 -6.77403 
165.65 81.6068 20.7553 -6.7734 
167.82 82.8744 20.7581 -6.77255 
169.989 84.1431 20.7612 -6.77174 
172.158 85.4133 20.7647 -6.77075 
174.326 86.685 20.7688 -6.76959 
176.493 87.9585 20.7735 -6.76826 
178.659 89.2337 20.7789 -6.76686 
180.824 90.5112 20.7851 -6.76521 
148.3 68.9924 20.7402 -6.77706 
150.47 70.2567 20.7421 -6.7766 
152.641 71.521 20.744 -6.77612 
154.812 72.7856 20.7459 -6.77563 
156.983 74.0502 20.748 -6.77514 
159.154 75.3153 20.75 -6.77459 
161.325 76.5807 20.7521 -6.7741 
163.496 77.8469 20.7542 -6.77352 
165.667 79.1138 20.7564 -6.7729 
167.838 80.3816 20.7587 -6.77223 
170.009 81.6505 20.7611 -6.7715 
172.179 82.9206 20.7638 -6.77067 
174.348 84.1922 20.7669 -6.76977 
176.517 85.4654 20.7704 -6.76869 
178.684 86.7403 20.7745 -6.76755 
180.851 88.0171 20.7793 -6.7662 
183.016 89.296 20.7849 -6.76475 
152.652 69.0253 20.7455 -6.7755 
154.824 70.2904 20.7476 -6.77502 
156.996 71.5558 20.7496 -6.77445 
159.167 72.8214 20.7517 -6.77393 
161.34 74.0873 20.7537 -6.77335 
163.512 75.3538 20.7556 -6.77288 
165.684 76.6211 20.7574 -6.77226 
167.855 77.8892 20.7593 -6.77173 
170.027 79.1583 20.7611 -6.77113 
172.198 80.4284 20.7631 -6.77056 
174.369 81.6999 20.7652 -6.76982 
176.538 82.9727 20.7676 -6.769 
178.707 84.2472 20.7705 -6.76805 
180.875 85.5234 20.7739 -6.76706 
157.008 69.0616 20.7512 -6.77379 
159.18 70.3278 20.7532 -6.77329 
161.353 71.5943 20.7551 -6.77274 
163.526 72.8611 20.7568 -6.77228 
165.699 74.1287 20.7584 -6.77177 
167.871 75.3971 20.7598 -6.77131 
170.044 76.6664 20.7611 -6.77087 
172.216 77.9365 20.7624 -6.77034 
174.387 79.2078 20.7637 -6.76984 
176.558 80.4803 20.7651 -6.76927 
178.729 81.7543 20.7669 -6.76861 
161.366 69.1015 20.7564 -6.77216 
163.54 70.3688 20.7579 -6.77166 
165.713 71.6367 20.7592 -6.77131 
167.886 72.9053 20.7602 -6.7709 
170.06 74.1746 20.7611 -6.77054 
172.232 75.4448 20.7617 -6.77013 
174.405 76.7158 20.7623 -6.76979 
176.577 77.988 20.763 -6.76942 
165.727 69.1449 20.7599 -6.7708 
167.901 70.4136 20.7606 -6.77045 
170.074 71.6829 20.761 -6.77024 
172.248 72.953 20.7612 -6.76997 
174.421 74.2239 20.7612 -6.76976 
170.088 69.1913 20.7609 -6.76999 
172.262 70.4613 20.7607 -6.76983 
130.574 111.472 20.7606 -6.77003 
132.726 112.728 20.7609 -6.76978 
134.878 113.984 20.7611 -6.76968 
128.456 107.71 20.7584 -6.77108 
130.608 108.967 20.7591 -6.77065 
132.76 110.223 20.7597 -6.7703 
134.913 111.479 20.7602 -6.77003 
137.065 112.735 20.7605 -6.76986 
139.217 113.991 20.7608 -6.76971 
126.335 103.948 20.7546 -6.77264 
128.488 105.205 20.7558 -6.77204 
130.641 106.461 20.7568 -6.77153 
132.794 107.717 20.7577 -6.77105 
134.946 108.973 20.7584 -6.77067 
137.099 110.23 20.759 -6.77034 
139.251 111.486 20.7595 -6.77011 
141.403 112.742 20.76 -6.76993 
143.555 113.999 20.7604 -6.7698 
124.211 100.184 20.7496 -6.77447 
126.365 101.442 20.7512 -6.77382 
128.519 102.699 20.7526 -6.77316 
130.672 103.956 20.7538 -6.77256 
132.826 105.212 20.7549 -6.77201 
134.979 106.469 20.7558 -6.77154 
137.132 107.725 20.7567 -6.77109 
139.285 108.981 20.7574 -6.77073 
141.438 110.237 20.7581 -6.77038 
143.59 111.494 20.7588 -6.77017 
145.742 112.751 20.7595 -6.76995 
147.893 114.009 20.7603 -6.76985 
122.083 96.419 20.7443 -6.77622 
124.238 97.678 20.746 -6.77563 
126.393 98.9362 20.7476 -6.77497 
128.547 100.194 20.7491 -6.77434 
130.702 101.451 20.7504 -6.77372 
132.856 102.707 20.7517 -6.77314 
135.011 103.964 20.7528 -6.77257 
137.165 105.22 20.7537 -6.77203 
139.318 106.476 20.7547 -6.7716 
141.472 107.733 20.7555 -6.77117 
143.625 108.989 20.7564 -6.77085 
145.777 110.246 20.7573 -6.77048 
147.929 111.504 20.7583 -6.77026 
150.081 112.762 20.7595 -6.76993 
152.232 114.021 20.7609 -6.76974 
119.952 92.6516 20.7393 -6.77768 
122.107 93.9121 20.7409 -6.7772 
124.263 95.1716 20.7424 -6.77669 
126.418 96.4303 20.744 -6.77611 
128.574 97.6883 20.7455 -6.77555 
130.729 98.9457 20.7469 -6.77487 
132.885 100.203 20.7481 -6.77432 
135.04 101.459 20.7493 -6.77372 
137.195 102.716 20.7504 -6.7732 
139.35 103.972 20.7514 -6.77266 
141.504 105.229 20.7524 -6.77214 
143.658 106.485 20.7534 -6.77171 
145.812 107.742 20.7545 -6.77129 
147.965 109 20.7556 -6.77091 
150.117 110.258 20.757 -6.7705 
152.269 111.516 20.7586 -6.77009 
154.42 112.776 20.7606 -6.76967 
156.57 114.037 20.7629 -6.76927 
124.286 92.665 20.7393 -6.77764 
126.442 93.9242 20.7407 -6.77712 
128.599 95.1827 20.7421 -6.7766 
130.755 96.4405 20.7434 -6.77602 
132.912 97.6977 20.7446 -6.7755 
135.068 98.9546 20.7458 -6.77491 
137.224 100.211 20.7469 -6.77439 
139.38 101.468 20.7479 -6.77379 
141.535 102.725 20.749 -6.7733 
143.69 103.981 20.75 -6.77273 
145.845 105.238 20.7511 -6.77228 
147.999 106.496 20.7524 -6.77173 
150.152 107.754 20.7539 -6.77129 
152.305 109.012 20.7556 -6.77073 
154.457 110.272 20.7578 -6.7703 
156.609 111.532 20.7604 -6.76961 
158.759 112.794 20.7635 -6.76906 
160.909 114.058 20.7672 -6.76831 
128.621 92.6771 20.739 -6.77755 
130.779 93.9353 20.7402 -6.77705 
132.936 95.193 20.7413 -6.77654 
135.094 96.4503 20.7424 -6.77603 
137.251 97.7074 20.7435 -6.77553 
139.408 98.9643 20.7445 -6.77502 
141.564 100.221 20.7455 -6.77448 
143.721 101.478 20.7465 -6.77391 
145.876 102.735 20.7476 -6.77344 
148.032 103.992 20.7489 -6.77286 
150.187 105.25 20.7504 -6.77233 
152.341 106.509 20.7522 -6.77169 
154.494 107.768 20.7544 -6.77112 
156.646 109.029 20.7572 -6.77037 
158.798 110.29 20.7606 -6.76968 
160.949 111.553 20.7646 -6.76874 
163.099 112.818 20.7694 -6.76779 
165.247 114.085 20.775 -6.76667 
132.959 92.6884 20.7385 -6.77747 
135.117 93.9461 20.7394 -6.77709 
137.276 95.2035 20.7403 -6.77659 
139.434 96.4608 20.7413 -6.77616 
141.591 97.7179 20.7422 -6.7756 
143.749 98.975 20.7431 -6.77515 
145.906 100.232 20.7442 -6.7746 
148.063 101.49 20.7454 -6.77408 
150.219 102.748 20.7468 -6.77344 
152.374 104.006 20.7486 -6.77276 
154.529 105.265 20.7508 -6.77208 
156.683 106.526 20.7536 -6.77131 
158.836 107.787 20.757 -6.77046 
160.988 109.05 20.7612 -6.76943 
163.139 110.314 20.7663 -6.76832 
165.289 111.58 20.7723 -6.76707 
167.438 112.848 20.7792 -6.76571 
169.586 114.119 20.7868 -6.76419 
137.298 92.6999 20.7377 -6.77753 
139.457 93.9575 20.7384 -6.77715 
141.616 95.2149 20.7392 -6.77665 
143.775 96.4723 20.7401 -6.77626 
145.934 97.7297 20.741 -6.7757 
148.092 98.9873 20.7421 -6.77525 
150.249 100.246 20.7434 -6.77459 
152.406 101.504 20.7451 -6.77402 
154.562 102.763 20.7472 -6.77322 
156.718 104.024 20.7499 -6.77242 
158.872 105.285 20.7533 -6.77149 
161.026 106.547 20.7575 -6.77044 
163.179 107.811 20.7627 -6.7692 
165.33 109.077 20.7689 -6.76784 
167.481 110.345 20.7762 -6.76622 
169.63 111.615 20.7844 -6.76462 
171.778 112.888 20.7933 -6.76279 
173.924 114.163 20.8026 -6.76099 
141.639 92.7122 20.7368 -6.77763 
143.799 93.9699 20.7375 -6.77721 
145.959 95.2277 20.7383 -6.77678 
148.118 96.4856 20.7392 -6.77634 
150.277 97.7439 20.7404 -6.77582 
152.436 99.0027 20.742 -6.77517 
154.594 100.262 20.7439 -6.77444 
156.751 101.522 20.7464 -6.77365 
158.907 102.783 20.7497 -6.77268 
161.062 104.046 20.7538 -6.77157 
163.217 105.309 20.7589 -6.77023 
165.37 106.575 20.7651 -6.76876 
167.522 107.842 20.7725 -6.76711 
169.673 109.112 20.781 -6.76532 
171.822 110.384 20.7904 -6.76331 
173.971 111.659 20.8005 -6.76128 
176.117 112.937 20.8109 -6.75916 
178.263 114.218 20.8213 -6.75715 
145.982 92.726 20.7362 -6.77771 
148.143 93.9842 20.737 -6.77723 
150.304 95.2428 20.738 -6.77679 
152.463 96.5019 20.7394 -6.77617 
154.623 97.7614 20.7412 -6.77556 
156.782 99.0216 20.7435 -6.77475 
158.939 100.283 20.7465 -6.77381 
161.097 101.545 20.7504 -6.77267 
163.253 102.809 20.7553 -6.77136 
165.408 104.074 20.7614 -6.76988 
167.562 105.341 20.7686 -6.76815 
169.715 106.61 20.7771 -6.76627 
171.866 107.882 20.7867 -6.76418 
174.016 109.156 20.7972 -6.76198 
176.164 110.433 20.8083 -6.75969 
178.311 111.714 20.8196 -6.75744 
180.457 112.997 20.8308 -6.75521 
182.601 114.284 20.8417 -6.75308 
150.327 92.7422 20.7363 -6.77762 
152.489 94.0016 20.7375 -6.77706 
154.65 95.2613 20.7391 -6.77646 
156.81 96.5218 20.7413 -6.77573 
158.97 97.783 20.7441 -6.77489 
161.129 99.0453 20.7477 -6.77384 
163.287 100.309 20.7523 -6.77257 
165.444 101.574 20.7581 -6.77104 
167.6 102.841 20.765 -6.76931 
169.755 104.11 20.7733 -6.76741 
171.908 105.381 20.7828 -6.76524 
174.06 106.655 20.7933 -6.76293 
176.21 107.931 20.8046 -6.76054 
178.359 109.211 20.8164 -6.7581 
180.506 110.494 20.8283 -6.75573 
182.652 111.78 20.8402 -6.75337 
184.796 113.07 20.852 -6.75109 
186.94 114.362 20.8635 -6.74888 
154.674 92.7619 20.7378 -6.77724 
156.836 94.0226 20.7398 -6.7766 
158.998 95.2841 20.7424 -6.77578 
161.159 96.5465 20.7458 -6.77482 
163.318 97.8102 20.7501 -6.77357 
165.477 99.0754 20.7554 -6.77214 
167.635 100.342 20.762 -6.77044 
169.792 101.611 20.7699 -6.76852 
171.948 102.881 20.779 -6.7664 
174.102 104.155 20.7893 -6.76404 
176.254 105.431 20.8004 -6.76162 
178.405 106.71 20.8123 -6.75909 
180.555 107.992 20.8244 -6.75655 
182.702 109.277 20.8368 -6.75405 
184.848 110.566 20.8493 -6.75161 
186.993 111.858 20.8619 -6.74923 
189.136 113.153 20.8742 -6.74696 
191.278 114.45 20.8853 -6.745 
159.023 92.7858 20.7415 -6.77634 
161.186 94.0484 20.7446 -6.77549 
163.348 95.3122 20.7486 -6.7744 
165.509 96.5775 20.7536 -6.77304 
167.669 97.8441 20.7597 -6.77143 
169.828 99.1126 20.767 -6.76962 
171.985 100.383 20.7757 -6.76754 
174.142 101.656 20.7854 -6.76524 
176.297 102.932 20.7962 -6.76278 
178.45 104.21 20.8077 -6.76023 
180.601 105.491 20.8197 -6.75764 
182.751 106.776 20.832 -6.75509 
184.899 108.064 20.8447 -6.75251 
187.045 109.355 20.8577 -6.75001 
189.19 110.649 20.8708 -6.74752 
191.333 111.945 20.8833 -6.74534 
193.475 113.244 20.894 -6.74351 
195.616 114.544 20.9012 -6.74236 
161.211 91.5512 20.7443 -6.77598 
163.375 92.8152 20.748 -6.77495 
165.537 94.0804 20.7525 -6.77375 
167.699 95.3472 20.7581 -6.77224 
169.86 96.6156 20.7649 -6.77056 
172.02 97.8859 20.7728 -6.76854 
174.179 99.1585 20.7819 -6.76637 
176.336 100.434 20.792 -6.76395 
178.492 101.712 20.8029 -6.76148 
180.645 102.992 20.8145 -6.75891 
182.797 104.276 20.8264 -6.75634 
184.948 105.563 20.8387 -6.75375 
187.096 106.853 20.8515 -6.7512 
189.242 108.146 20.8646 -6.74869 
191.387 109.442 20.8776 -6.74636 
193.53 110.74 20.8895 -6.74427 
195.672 112.04 20.8987 -6.74276 
165.564 91.5843 20.7522 -6.77413 
167.727 92.8511 20.7572 -6.77278 
169.89 94.1195 20.7633 -6.77121 
172.052 95.3898 20.7705 -6.76939 
174.213 96.6621 20.7787 -6.76736 
176.373 97.9369 20.788 -6.76514 
178.531 99.2142 20.7982 -6.76269 
180.687 100.494 20.809 -6.7602 
182.841 101.777 20.8203 -6.75769 
184.994 103.063 20.832 -6.75519 
187.144 104.352 20.8441 -6.75271 
189.293 105.644 20.8566 -6.75022 
191.439 106.939 20.8692 -6.74783 
193.584 108.236 20.8813 -6.74571 
169.918 91.6244 20.7622 -6.7716 
172.082 92.8945 20.7686 -6.77009 
174.245 94.1667 20.7759 -6.76821 
176.407 95.441 20.7841 -6.76618 
178.567 96.7178 20.7933 -6.76391 
180.726 97.9972 20.8032 -6.76158 
182.882 99.2793 20.8138 -6.75914 
185.037 100.564 20.8247 -6.75673 
187.19 101.852 20.8359 -6.75432 
189.341 103.143 20.8475 -6.75198 
191.489 104.437 20.8593 -6.74968 
174.274 91.6722 20.7732 -6.76883 
176.438 92.9461 20.7804 -6.76704 
178.6 94.2224 20.7884 -6.76505 
180.761 95.5011 20.7973 -6.76285 
182.92 96.7825 20.8068 -6.7606 
185.078 98.0666 20.8168 -6.75831 
187.233 99.3535 20.8272 -6.75607 
189.386 100.643 20.8379 -6.75385 
178.631 91.7277 20.7836 -6.76597 
180.794 93.0058 20.7912 -6.76404 
182.955 94.2863 20.7995 -6.76208 
185.115 95.5695 20.8085 -6.75996 
187.272 96.8554 20.818 -6.75788 
182.987 91.7909 20.7921 -6.76345 
185.149 93.0731 20.7999 -6.76161 
