13.4126 22.3134 17.4479 -6.65385 
11.1996 18.5814 17.4309 -6.65628 
13.3801 19.8001 17.4404 -6.65493 
15.5585 21.0217 17.4499 -6.65371 
17.7353 22.2457 17.4588 -6.65224 
8.97703 14.8552 17.412 -6.65862 
11.1618 16.0701 17.4221 -6.65742 
13.3442 17.2875 17.4325 -6.6561 
15.5248 18.508 17.4429 -6.65472 
17.7037 19.7313 17.4529 -6.65316 
19.8809 20.9572 17.4622 -6.65176 
22.0566 22.1854 17.4705 -6.65042 
6.74423 11.1347 17.3915 -6.66078 
8.93337 12.3457 17.4023 -6.65962 
11.1204 13.5593 17.4132 -6.65843 
13.3052 14.7758 17.4244 -6.65716 
15.4881 15.9951 17.4354 -6.65567 
17.6692 17.2176 17.4463 -6.65422 
19.8484 18.4427 17.4564 -6.65272 
22.0262 19.6705 17.4657 -6.65108 
24.2026 20.9007 17.4739 -6.6497 
26.3776 22.1329 17.4808 -6.64842 
4.50184 7.41979 17.3703 -6.66279 
6.69502 8.62713 17.3812 -6.66168 
8.88653 9.83702 17.3928 -6.66049 
11.0759 11.0495 17.4047 -6.65938 
13.263 12.2648 17.4163 -6.65806 
15.4482 13.4832 17.4279 -6.65661 
17.6314 14.7047 17.4392 -6.65515 
19.813 15.9292 17.45 -6.65359 
21.9931 17.1565 17.46 -6.65199 
24.1716 18.3862 17.469 -6.65046 
26.3485 19.6183 17.4768 -6.64897 
28.5244 20.8524 17.4834 -6.64775 
30.6996 22.0886 17.4889 -6.64658 
2.25289 3.70878 17.3523 -6.66449 
4.44868 4.91368 17.3608 -6.6637 
6.64339 6.12037 17.3719 -6.66257 
8.83669 7.32918 17.3842 -6.66135 
11.0282 8.54043 17.3966 -6.6602 
13.2177 9.75477 17.4087 -6.65887 
15.4052 10.9723 17.4206 -6.65751 
17.5908 12.1928 17.4321 -6.65603 
19.7747 13.4167 17.4432 -6.65454 
21.957 14.6433 17.4537 -6.65286 
24.1377 15.8727 17.4633 -6.6513 
26.3171 17.1044 17.4718 -6.64972 
28.495 18.3387 17.4792 -6.64831 
30.6718 19.5747 17.4854 -6.64708 
32.8479 20.8124 17.4904 -6.64614 
35.0235 22.0517 17.4944 -6.64502 
5.03754e-05 1.7671e-05 17.3449 -6.66508 
2.19727 1.20376 17.3474 -6.66502 
4.39393 2.40816 17.3544 -6.66431 
6.58979 3.6142 17.3648 -6.66321 
8.78463 4.82207 17.3769 -6.66213 
10.9779 6.03256 17.3895 -6.66085 
13.1697 7.24587 17.4019 -6.65951 
15.3594 8.4623 17.4139 -6.6583 
17.5473 9.68212 17.4254 -6.65686 
19.7335 10.9052 17.4366 -6.65534 
21.9181 12.1313 17.4473 -6.65367 
24.1012 13.3603 17.4572 -6.65213 
26.2828 14.5917 17.4662 -6.65052 
28.4628 15.8256 17.4741 -6.64895 
30.6417 17.0617 17.4809 -6.6477 
32.8197 18.2996 17.4866 -6.64654 
34.997 19.5389 17.4912 -6.64544 
37.1731 20.7796 17.495 -6.64489 
39.349 22.0217 17.4979 -6.64407 
6.53512 1.10855 17.3609 -6.66364 
8.73094 2.31596 17.372 -6.66266 
10.9258 3.52559 17.3842 -6.66137 
13.1193 4.73803 17.3964 -6.66014 
15.3112 5.95364 17.4083 -6.65891 
17.5012 7.17262 17.4197 -6.65753 
19.6898 8.39494 17.4307 -6.65601 
21.8765 9.6205 17.4413 -6.65459 
24.0618 10.8488 17.4512 -6.65293 
26.2456 12.0799 17.4604 -6.65122 
28.4282 13.3135 17.4687 -6.6498 
30.6092 14.5496 17.4759 -6.64831 
32.789 15.7875 17.482 -6.64717 
34.968 17.0268 17.4872 -6.64605 
37.146 18.2677 17.4914 -6.64527 
39.3237 19.5099 17.4948 -6.64444 
41.5001 20.7533 17.4975 -6.6441 
43.6765 21.9972 17.4997 -6.64368 
10.8727 1.01972 17.3813 -6.6616 
13.0675 2.23144 17.3929 -6.66059 
15.2611 3.44626 17.4042 -6.65933 
17.4532 4.66445 17.4154 -6.65802 
19.6437 5.8859 17.426 -6.65671 
21.8326 7.11075 17.4363 -6.65524 
24.0201 8.33861 17.4461 -6.65358 
26.206 9.56933 17.4551 -6.65202 
28.3907 10.8026 17.4634 -6.65053 
30.5737 12.0383 17.4708 -6.64902 
32.7558 13.276 17.4772 -6.64779 
34.9366 14.5156 17.4826 -6.64675 
37.1167 15.7566 17.4872 -6.64584 
39.2958 16.9988 17.491 -6.64495 
41.4741 18.2423 17.4941 -6.64458 
43.6519 19.4867 17.4966 -6.64398 
45.8292 20.7316 17.4987 -6.64375 
48.006 21.9769 17.5004 -6.64347 
15.2099 0.940166 17.4023 -6.65956 
17.4037 2.15759 17.4128 -6.65838 
19.5959 3.37837 17.4229 -6.65721 
21.7868 4.60237 17.4328 -6.65568 
23.9763 5.82971 17.4422 -6.65427 
26.1642 7.05978 17.451 -6.65277 
28.3508 8.2927 17.4591 -6.65118 
30.536 9.52808 17.4663 -6.64974 
32.7202 10.7657 17.4727 -6.64851 
34.9027 12.0051 17.4781 -6.64746 
37.0848 13.246 17.4828 -6.64643 
39.2655 14.4883 17.4868 -6.64564 
41.4459 15.7321 17.4901 -6.64504 
43.6251 16.9767 17.4929 -6.6445 
45.8039 18.2219 17.4953 -6.64427 
47.9822 19.4675 17.4973 -6.64384 
50.16 20.7138 17.499 -6.64364 
52.3374 21.9603 17.5005 -6.64348 
19.5471 0.87213 17.4218 -6.65746 
21.7396 2.09552 17.4311 -6.6561 
23.9308 3.32198 17.44 -6.65476 
26.1206 4.55151 17.4484 -6.65326 
28.3092 5.78399 17.456 -6.65179 
30.4963 7.019 17.4629 -6.65047 
32.6821 8.25629 17.469 -6.64913 
34.8667 9.4954 17.4743 -6.64811 
37.0506 10.7363 17.4788 -6.64704 
39.2331 11.9787 17.4828 -6.64639 
41.4152 13.2224 17.4861 -6.64562 
43.596 14.4671 17.4891 -6.6451 
45.7764 15.7127 17.4916 -6.64474 
47.9561 16.9587 17.4938 -6.64437 
50.1355 18.205 17.4958 -6.64414 
52.3141 19.452 17.4976 -6.64394 
54.4926 20.6991 17.4992 -6.64377 
56.6707 21.9463 17.5006 -6.64356 
23.8844 0.815724 17.4397 -6.65507 
26.0757 2.04466 17.4475 -6.65367 
28.2661 3.27643 17.4546 -6.65227 
30.4547 4.51095 17.461 -6.6511 
32.6425 5.74779 17.4666 -6.64962 
34.8287 6.98689 17.4715 -6.64879 
37.0143 8.22759 17.4757 -6.6477 
39.1985 9.4698 17.4793 -6.64695 
41.3822 10.7133 17.4825 -6.64629 
43.5649 11.9582 17.4853 -6.64569 
45.7466 13.2039 17.4879 -6.64534 
47.9279 14.4501 17.4902 -6.64503 
50.1086 15.6967 17.4922 -6.64462 
52.2887 16.9439 17.4942 -6.64442 
54.4685 18.1914 17.496 -6.64425 
56.6478 19.439 17.4977 -6.64404 
58.8271 20.6865 17.4993 -6.6439 
61.006 21.9338 17.5008 -6.64369 
28.2218 0.770148 17.4549 -6.65251 
30.412 2.00412 17.4608 -6.6514 
32.6014 3.24057 17.4658 -6.65011 
34.789 4.47922 17.4701 -6.64933 
36.9762 5.7196 17.4738 -6.64821 
39.1621 6.96173 17.477 -6.64755 
41.3474 8.20517 17.4798 -6.64687 
43.5316 9.44993 17.4822 -6.64627 
45.7148 10.6955 17.4845 -6.64603 
47.8977 11.942 17.4867 -6.64558 
50.0796 13.1888 17.4887 -6.64524 
52.2611 14.4362 17.4907 -6.64503 
54.4421 15.684 17.4926 -6.64477 
56.6229 16.9319 17.4945 -6.64456 
58.8033 18.1797 17.4963 -6.64438 
60.9834 19.4275 17.4981 -6.64421 
63.1634 20.675 17.4997 -6.64391 
65.343 21.9222 17.5013 -6.64383 
32.5592 0.734428 17.4666 -6.6504 
34.7483 1.97241 17.4703 -6.64966 
36.9368 3.21266 17.4733 -6.64863 
39.1241 4.45449 17.4759 -6.64806 
41.3107 5.69768 17.4781 -6.6474 
43.4964 6.9422 17.4801 -6.6468 
45.6812 8.18788 17.482 -6.64656 
47.8655 9.43434 17.4838 -6.64606 
50.0487 10.6812 17.4856 -6.64589 
52.2315 11.9288 17.4874 -6.64564 
54.4137 13.1768 17.4892 -6.64531 
56.5958 14.425 17.4911 -6.6451 
58.7772 15.6732 17.493 -6.64498 
60.9588 16.9212 17.4949 -6.64466 
63.1397 18.1691 17.4968 -6.64439 
65.3205 19.4168 17.4987 -6.64439 
67.5015 20.6641 17.5004 -6.6439 
69.6821 21.9109 17.5021 -6.64374 
36.8965 0.706642 17.4743 -6.64894 
39.0851 1.94798 17.4763 -6.64833 
41.2726 3.19092 17.4779 -6.64784 
43.4597 4.43529 17.4792 -6.64726 
45.6458 5.68084 17.4805 -6.64698 
47.8314 6.92713 17.4818 -6.64661 
50.0159 8.17414 17.4831 -6.64644 
52.2001 9.42173 17.4846 -6.64612 
54.3836 10.6699 17.4862 -6.64593 
56.5666 11.9183 17.4879 -6.6457 
58.7493 13.1668 17.4897 -6.64558 
60.9319 14.4151 17.4917 -6.64516 
63.1139 15.6633 17.4937 -6.64498 
65.296 16.9115 17.4957 -6.64483 
67.4779 18.1592 17.4977 -6.64441 
69.6595 19.4065 17.4996 -6.64427 
71.8413 20.6532 17.5014 -6.64394 
74.0231 21.899 17.5029 -6.64355 
41.2341 0.684974 17.4788 -6.64816 
43.4221 1.92907 17.4796 -6.64764 
45.6092 3.1743 17.4802 -6.64732 
47.7957 4.42053 17.4809 -6.64703 
49.9815 5.66755 17.4817 -6.6469 
52.1669 6.91508 17.4826 -6.64657 
54.3515 8.16316 17.4837 -6.64642 
56.5357 9.4118 17.4851 -6.64626 
58.7196 10.6605 17.4867 -6.64608 
60.903 11.909 17.4885 -6.6458 
63.0863 13.1576 17.4904 -6.64562 
65.2693 14.406 17.4925 -6.64525 
67.4521 15.6543 17.4946 -6.64503 
69.6348 16.9021 17.4967 -6.64474 
71.8174 18.1492 17.4988 -6.64443 
74.0003 19.3956 17.5007 -6.64413 
76.1828 20.6411 17.5023 -6.64385 
78.3658 21.8858 17.5036 -6.64353 
45.572 0.668452 17.4811 -6.64766 
47.7593 1.91458 17.4811 -6.64739 
49.9459 3.16135 17.4812 -6.64721 
52.1322 4.40882 17.4816 -6.64701 
54.3178 5.65691 17.4822 -6.64687 
56.5031 6.90549 17.4831 -6.64673 
58.688 8.15428 17.4842 -6.64656 
60.8724 9.40309 17.4857 -6.64637 
63.0568 10.6519 17.4874 -6.64613 
65.2406 11.9006 17.4894 -6.64587 
67.4244 13.1492 17.4914 -6.64562 
69.6079 14.3975 17.4936 -6.64523 
71.7916 15.645 17.4958 -6.645 
73.9752 16.8919 17.498 -6.64466 
76.1587 18.1381 17.4999 -6.64433 
49.9098 0.655664 17.4819 -6.64753 
52.0967 1.90297 17.4816 -6.64735 
54.283 3.151 17.4816 -6.64721 
56.4691 4.39951 17.4819 -6.6471 
58.6548 5.64838 17.4825 -6.64692 
60.8402 6.89735 17.4835 -6.64684 
63.0254 8.14625 17.4849 -6.64661 
65.2102 9.39523 17.4865 -6.64638 
67.3948 10.6442 17.4884 -6.64616 
69.5792 11.8927 17.4905 -6.64584 
71.7636 13.1407 17.4927 -6.64559 
73.948 14.388 17.495 -6.64523 
54.2478 0.645436 17.482 -6.6475 
56.4343 1.89387 17.4816 -6.64746 
58.6205 3.14269 17.4817 -6.6473 
60.8067 4.39169 17.4821 -6.64719 
62.9926 5.64072 17.4829 -6.647 
65.1781 6.8899 17.4841 -6.64681 
67.3634 8.13898 17.4857 -6.64669 
69.5487 9.38776 17.4875 -6.64637 
71.7338 10.6361 17.4896 -6.64613 
58.5859 0.637252 17.4818 -6.64757 
60.7724 1.88621 17.4816 -6.64747 
62.9586 3.13534 17.4818 -6.64739 
65.1447 4.38455 17.4825 -6.64718 
67.3306 5.63375 17.4836 -6.64709 
69.5166 6.88284 17.485 -6.64673 
62.9242 0.62998 17.4816 -6.64771 
65.1105 1.87922 17.4817 -6.64747 
67.2968 3.1286 17.4822 -6.6474 
26.5501 44.7867 17.4824 -6.64748 
24.371 41.0353 17.4822 -6.64759 
26.5365 42.2689 17.4831 -6.64742 
28.7015 43.5033 17.484 -6.64717 
30.8663 44.7385 17.4847 -6.64709 
22.1892 37.285 17.4808 -6.6479 
24.3558 38.5175 17.4825 -6.64752 
26.5218 39.751 17.484 -6.64724 
28.6875 40.9853 17.4853 -6.64709 
30.8529 42.2204 17.4863 -6.64687 
33.018 43.4563 17.4872 -6.64664 
35.1831 44.693 17.488 -6.64656 
20.0036 33.5372 17.4775 -6.64862 
22.1718 34.7676 17.4804 -6.648 
24.3393 35.9997 17.4829 -6.64756 
26.5061 37.2331 17.4849 -6.64724 
28.6724 38.4674 17.4866 -6.64699 
30.8385 39.7026 17.488 -6.64659 
33.0044 40.9387 17.4891 -6.64645 
35.17 42.1756 17.4901 -6.64624 
37.3358 43.4132 17.491 -6.64599 
39.5018 44.6513 17.4918 -6.64585 
17.8133 29.7923 17.4714 -6.6498 
19.9833 31.0205 17.4759 -6.64893 
22.1527 32.2505 17.4798 -6.64826 
24.3213 33.4822 17.4831 -6.64764 
26.489 34.7153 17.4857 -6.64723 
28.6563 35.9498 17.4879 -6.64674 
30.8232 37.1851 17.4896 -6.6465 
32.9898 38.4214 17.491 -6.64619 
35.1563 39.6586 17.4922 -6.64586 
37.3228 40.8966 17.4932 -6.64566 
39.4892 42.1352 17.4941 -6.64547 
41.6559 43.3741 17.495 -6.64522 
43.8228 44.6132 17.4958 -6.64498 
15.6169 26.0507 17.4616 -6.65156 
17.7898 27.2764 17.468 -6.65054 
19.9614 28.504 17.4738 -6.64947 
22.132 29.7338 17.4787 -6.6486 
24.3015 30.965 17.4828 -6.64789 
26.4705 32.1979 17.4862 -6.64719 
28.6389 33.4323 17.4889 -6.64674 
30.8067 34.6679 17.4911 -6.6463 
32.9742 35.9045 17.4928 -6.64601 
35.1417 37.1419 17.4942 -6.64562 
37.3088 38.3802 17.4953 -6.64531 
39.476 39.6193 17.4963 -6.64509 
41.6433 40.8589 17.4972 -6.64484 
43.8107 42.0987 17.498 -6.64467 
45.9785 43.3387 17.4988 -6.64452 
48.1463 44.5787 17.4996 -6.64418 
15.5891 23.5358 17.4561 -6.65252 
17.7639 24.7609 17.4639 -6.65136 
19.9373 25.988 17.4708 -6.65014 
22.109 27.2171 17.4769 -6.64903 
24.28 28.4482 17.482 -6.64824 
26.4503 29.6809 17.4862 -6.64731 
28.6199 30.9152 17.4895 -6.64665 
30.7888 32.151 17.4922 -6.64623 
32.9574 33.3879 17.4943 -6.64571 
35.1258 34.6258 17.4959 -6.64535 
37.294 35.8644 17.4972 -6.64503 
39.462 37.1038 17.4983 -6.64471 
41.6299 38.3439 17.4992 -6.64446 
43.7982 39.5845 17.4999 -6.64438 
45.9665 40.8251 17.5007 -6.64413 
48.135 42.0662 17.5014 -6.64395 
50.3039 43.3071 17.5021 -6.64376 
52.473 44.5478 17.5028 -6.64355 
54.6424 45.7886 17.5035 -6.64335 
19.9104 23.4722 17.467 -6.65089 
22.0841 24.701 17.4742 -6.64971 
24.2566 25.9318 17.4803 -6.64854 
26.4282 27.1644 17.4854 -6.64763 
28.5991 28.3985 17.4895 -6.64677 
30.7695 29.6344 17.4928 -6.64612 
32.9393 30.8717 17.4953 -6.64553 
35.1086 32.11 17.4973 -6.64514 
37.2779 33.349 17.4988 -6.64482 
39.4468 34.5888 17.4999 -6.64436 
41.6157 35.8294 17.5009 -6.64428 
43.7847 37.0705 17.5016 -6.64399 
45.9537 38.312 17.5023 -6.64376 
48.1231 39.5538 17.5029 -6.64369 
50.2926 40.7955 17.5035 -6.64349 
52.4621 42.0373 17.5041 -6.64332 
54.6324 43.2788 17.5046 -6.64321 
56.803 44.5198 17.5052 -6.64304 
58.974 45.7606 17.5058 -6.64294 
24.2307 23.4159 17.4776 -6.649 
26.404 24.6483 17.4837 -6.64793 
28.5765 25.8826 17.4886 -6.64701 
30.7483 27.1184 17.4925 -6.64608 
32.9194 28.356 17.4956 -6.64545 
35.09 29.5946 17.4979 -6.645 
37.2604 30.8341 17.4997 -6.64447 
39.4305 32.0745 17.5011 -6.64425 
41.6004 33.3153 17.5022 -6.64392 
43.7703 34.557 17.503 -6.64367 
45.9401 35.7993 17.5036 -6.64358 
48.1104 37.0416 17.5042 -6.64339 
50.2804 38.2841 17.5047 -6.64319 
52.4508 39.5267 17.5051 -6.64317 
54.6216 40.769 17.5056 -6.64308 
56.7926 42.0111 17.506 -6.64288 
58.9641 43.2527 17.5064 -6.64279 
61.1362 44.4938 17.5068 -6.64273 
63.3089 45.7344 17.5071 -6.64279 
28.5515 23.3672 17.4866 -6.64733 
30.725 24.6031 17.4912 -6.64633 
32.8977 25.8406 17.4949 -6.64544 
35.0699 27.0797 17.4978 -6.64496 
37.2414 28.3198 17.5 -6.6443 
39.4126 29.5605 17.5016 -6.64409 
41.5839 30.8019 17.5028 -6.64369 
43.7546 32.0441 17.5038 -6.64343 
45.9255 33.2869 17.5045 -6.64336 
48.0965 34.5298 17.5051 -6.64314 
50.2674 35.7732 17.5055 -6.64311 
52.4387 37.0163 17.5059 -6.64292 
54.61 38.2594 17.5063 -6.6428 
56.7815 39.5024 17.5066 -6.64286 
58.9536 40.7449 17.507 -6.64274 
61.1262 41.9869 17.5073 -6.64278 
63.2991 43.2284 17.5075 -6.64263 
65.4728 44.4692 17.5075 -6.64253 
67.6471 45.709 17.5074 -6.64275 
32.874 23.3262 17.4932 -6.64576 
35.0476 24.5653 17.4966 -6.64489 
37.2206 25.8058 17.4993 -6.64431 
39.3933 27.047 17.5013 -6.64401 
41.5657 28.2891 17.5028 -6.64354 
43.7375 29.5317 17.5039 -6.64336 
45.9097 30.775 17.5048 -6.64318 
48.0815 32.0186 17.5054 -6.64295 
50.2534 33.2623 17.506 -6.64298 
52.4256 34.5062 17.5064 -6.64283 
54.5975 35.75 17.5067 -6.64273 
56.7697 36.9937 17.507 -6.64278 
58.9424 38.2371 17.5073 -6.64267 
61.1153 39.48 17.5076 -6.64266 
63.2889 40.7224 17.5077 -6.64258 
65.4629 41.9641 17.5078 -6.64259 
67.6372 43.205 17.5077 -6.64266 
69.8126 44.445 17.5073 -6.64268 
71.9886 45.6834 17.5066 -6.64281 
37.1981 23.2924 17.4976 -6.64454 
39.3721 24.5341 17.5001 -6.64401 
41.5457 25.7765 17.5019 -6.64354 
43.7191 27.0198 17.5034 -6.64338 
45.8923 28.2634 17.5044 -6.643 
48.065 29.5077 17.5052 -6.64303 
50.2381 30.752 17.5059 -6.64284 
52.411 31.9964 17.5064 -6.64273 
54.5839 33.2408 17.5068 -6.64285 
56.757 34.4852 17.5071 -6.64261 
58.9302 35.7294 17.5074 -6.64273 
61.1037 36.9732 17.5077 -6.64256 
63.2777 38.2164 17.5078 -6.64251 
65.452 39.459 17.5079 -6.64263 
67.627 40.7008 17.5078 -6.64253 
69.8025 41.9416 17.5076 -6.64274 
71.9787 43.1812 17.507 -6.64268 
74.1557 44.4197 17.506 -6.64297 
76.3336 45.6566 17.5046 -6.64316 
41.5239 23.2647 17.5002 -6.64374 
43.6989 24.5082 17.5019 -6.64347 
45.8731 25.7524 17.5033 -6.64306 
48.0471 26.9971 17.5044 -6.643 
50.2212 28.242 17.5052 -6.64284 
52.395 29.487 17.5058 -6.64285 
54.5691 30.7321 17.5064 -6.6427 
56.743 31.977 17.5068 -6.64265 
58.9168 33.2218 17.5072 -6.64271 
61.0912 34.4664 17.5075 -6.64261 
63.2655 35.7103 17.5078 -6.64259 
65.4404 36.9538 17.5079 -6.64262 
67.6159 38.1964 17.5079 -6.64254 
69.7915 39.4381 17.5077 -6.6425 
71.9681 40.6789 17.5073 -6.64268 
74.1452 41.9182 17.5064 -6.64287 
76.3234 43.1563 17.5052 -6.64296 
78.5022 44.3928 17.5035 -6.64335 
80.6821 45.6277 17.5013 -6.64377 
45.8521 23.2417 17.5014 -6.64333 
48.0276 24.4868 17.5027 -6.64317 
50.2026 25.7323 17.5038 -6.643 
52.3775 26.9779 17.5047 -6.64292 
54.5526 28.2234 17.5055 -6.64278 
56.7274 29.4691 17.5061 -6.64289 
58.9023 30.7146 17.5066 -6.64265 
61.0773 31.9596 17.5071 -6.64266 
63.2524 33.2044 17.5075 -6.64271 
65.4279 34.4485 17.5077 -6.64258 
67.6037 35.6919 17.5078 -6.64262 
69.78 36.9346 17.5078 -6.6425 
71.9567 38.1761 17.5075 -6.64274 
74.1342 39.4166 17.5068 -6.64268 
76.3125 40.6556 17.5058 -6.64293 
78.4914 41.8932 17.5043 -6.6432 
80.6715 43.1293 17.5022 -6.64348 
82.8522 44.3636 17.4997 -6.64389 
85.0341 45.5961 17.4968 -6.64448 
50.1822 23.2229 17.5018 -6.64325 
52.3584 24.469 17.5029 -6.64315 
54.5344 25.7152 17.504 -6.64306 
56.7103 26.9613 17.5048 -6.64291 
58.8862 28.2073 17.5056 -6.64281 
61.0619 29.4531 17.5063 -6.6429 
63.238 30.6986 17.5068 -6.64276 
65.4142 31.9433 17.5073 -6.64266 
67.5905 33.1873 17.5076 -6.64258 
69.7674 34.4308 17.5077 -6.64266 
71.9445 35.6732 17.5075 -6.64273 
74.1225 36.9147 17.5071 -6.64261 
76.3007 38.1546 17.5063 -6.64289 
78.48 39.3933 17.505 -6.6429 
80.6599 40.6305 17.5032 -6.6433 
82.8408 41.8659 17.5008 -6.64374 
85.0226 43.0995 17.4981 -6.64418 
87.2054 44.3312 17.4949 -6.64468 
89.3893 45.561 17.4917 -6.64524 
54.5144 23.2071 17.5019 -6.64337 
56.6915 24.4537 17.503 -6.6432 
58.8683 25.7003 17.504 -6.64306 
61.045 26.9467 17.505 -6.64299 
63.222 28.1926 17.5058 -6.64295 
65.3989 29.4381 17.5064 -6.6428 
67.576 30.683 17.507 -6.64277 
69.7535 31.9269 17.5073 -6.64275 
71.9313 33.1703 17.5074 -6.6426 
74.1096 34.4125 17.5072 -6.64267 
76.2882 35.6535 17.5066 -6.64268 
78.4677 36.8932 17.5056 -6.64286 
80.6478 38.1312 17.504 -6.64315 
82.8287 39.3678 17.5019 -6.64343 
85.0104 40.6025 17.4993 -6.64382 
87.1933 41.8353 17.4963 -6.64444 
89.3769 43.0661 17.493 -6.64493 
91.5615 44.2951 17.4897 -6.64549 
58.8487 23.1934 17.5019 -6.64347 
61.0265 24.4401 17.5032 -6.64325 
63.2042 25.6867 17.5043 -6.64322 
65.382 26.9329 17.5052 -6.64297 
67.56 28.1783 17.506 -6.64295 
69.7382 29.4231 17.5066 -6.64291 
71.9168 30.6671 17.507 -6.64258 
74.0954 31.9102 17.5071 -6.64279 
76.2745 33.1522 17.5068 -6.64266 
78.4544 34.3927 17.5061 -6.64287 
80.6346 35.6318 17.5048 -6.64289 
82.8157 36.8694 17.503 -6.64316 
84.9977 38.1051 17.5006 -6.64364 
87.1803 39.339 17.4977 -6.64407 
89.364 40.571 17.4945 -6.64454 
63.1847 23.1809 17.5022 -6.64347 
65.3636 24.4276 17.5035 -6.64336 
67.5422 25.6737 17.5046 -6.64324 
69.7213 26.9192 17.5056 -6.64302 
71.9006 28.1639 17.5063 -6.64281 
74.0796 29.4078 17.5067 -6.64284 
76.2597 30.6506 17.5068 -6.64268 
78.4397 31.8919 17.5064 -6.64276 
80.6204 33.1321 17.5055 -6.64283 
82.8019 34.3705 17.504 -6.64311 
84.9838 35.6073 17.5018 -6.64334 
87.1666 36.8424 17.4992 -6.64375 
67.5228 23.169 17.5028 -6.64356 
69.7027 24.415 17.5041 -6.64323 
71.8825 25.6605 17.5051 -6.6432 
74.0626 26.9051 17.5059 -6.64297 
76.2432 28.1486 17.5064 -6.64286 
78.4236 29.391 17.5064 -6.6428 
80.605 30.6319 17.5058 -6.64273 
82.7865 31.8714 17.5047 -6.64288 
84.9689 33.1093 17.503 -6.64314 
71.8628 23.1569 17.5035 -6.64359 
74.0439 24.4022 17.5047 -6.64311 
76.2248 25.6464 17.5055 -6.64312 
78.4061 26.8896 17.5059 -6.64283 
80.5878 28.1315 17.5059 -6.6429 
82.77 29.3718 17.5052 -6.64291 
76.2048 23.1439 17.5042 -6.64349 
78.3868 24.3879 17.505 -6.64309 
80.5691 25.6305 17.5054 -6.64312 
39.6044 67.306 17.482 -6.64754 
41.7692 68.5402 17.4816 -6.64737 
37.4284 63.5532 17.4818 -6.64765 
39.5923 64.7881 17.4816 -6.64737 
41.7567 66.0227 17.4816 -6.64712 
43.9215 67.2566 17.4816 -6.64706 
46.0868 68.4897 17.4817 -6.64682 
35.2531 59.8002 17.4816 -6.6477 
37.4168 61.0356 17.4816 -6.64749 
39.5808 62.2707 17.4817 -6.64738 
41.745 63.5052 17.4819 -6.6471 
43.9095 64.7394 17.4822 -6.64677 
46.0747 65.9735 17.4826 -6.64662 
48.2405 67.2066 17.4831 -6.64639 
50.407 68.4391 17.4838 -6.64614 
33.0781 56.0463 17.4816 -6.64765 
35.2417 57.282 17.4817 -6.64752 
37.4054 58.5177 17.4818 -6.64738 
39.5695 59.7531 17.4821 -6.64714 
41.7337 60.9883 17.4825 -6.64699 
43.8982 62.2229 17.4831 -6.64682 
46.0632 63.4572 17.4838 -6.64642 
48.2289 64.6912 17.4846 -6.64607 
50.3953 65.9247 17.4856 -6.64587 
52.5626 67.1574 17.4867 -6.64559 
54.7309 68.3892 17.4879 -6.64526 
30.9029 52.2924 17.4818 -6.6476 
33.0667 53.5281 17.482 -6.64754 
35.2305 54.7639 17.4822 -6.64734 
37.3943 55.9998 17.4825 -6.6472 
39.5583 57.2356 17.4829 -6.64705 
41.7225 58.4712 17.4835 -6.64682 
43.8873 59.7066 17.4842 -6.64658 
46.0525 60.9417 17.4851 -6.64627 
48.2181 62.1762 17.4862 -6.64602 
50.3844 63.4103 17.4874 -6.64559 
52.5516 64.644 17.4887 -6.64518 
54.7197 65.877 17.4902 -6.64502 
56.8887 67.1091 17.4916 -6.64474 
59.0591 68.3401 17.4929 -6.64448 
28.727 48.5393 17.4822 -6.64753 
30.8911 49.7745 17.4824 -6.64748 
33.0552 51.01 17.4828 -6.64738 
35.2191 52.2458 17.4831 -6.64719 
37.3832 53.4819 17.4836 -6.64696 
39.5472 54.7181 17.4842 -6.64685 
41.7117 55.9544 17.4849 -6.64664 
43.8766 57.1904 17.4857 -6.64636 
46.0419 58.4262 17.4867 -6.64607 
48.2076 59.6617 17.4879 -6.64568 
50.3741 60.8967 17.4892 -6.64543 
52.5411 62.1311 17.4907 -6.64506 
54.709 63.3648 17.4922 -6.64462 
56.8781 64.5981 17.4938 -6.64437 
59.0482 65.8305 17.4953 -6.64415 
61.2195 67.0619 17.4966 -6.64415 
63.3922 68.292 17.4975 -6.64405 
28.7147 46.0213 17.4829 -6.64739 
30.8789 47.2564 17.4834 -6.64727 
33.0432 48.4921 17.4839 -6.64712 
35.2076 49.7281 17.4845 -6.64704 
37.3719 50.9642 17.485 -6.64688 
39.5363 52.2009 17.4857 -6.64658 
41.7009 53.4376 17.4865 -6.64638 
43.866 54.6743 17.4874 -6.64612 
46.0315 55.9109 17.4885 -6.64584 
48.1975 57.1473 17.4897 -6.64556 
50.364 58.3832 17.4911 -6.64503 
52.5311 59.6187 17.4926 -6.6448 
54.6991 60.8535 17.4942 -6.64453 
56.8679 62.0875 17.4958 -6.64411 
59.0378 63.321 17.4973 -6.6439 
61.2089 64.5536 17.4987 -6.64364 
63.3814 65.7853 17.4997 -6.64363 
65.5553 67.0157 17.5002 -6.64379 
67.7305 68.2446 17.5001 -6.64402 
33.0309 45.9741 17.4854 -6.64693 
35.1955 47.2104 17.4861 -6.64676 
37.3603 48.4471 17.4868 -6.64665 
39.5252 49.6839 17.4876 -6.64643 
41.6902 50.9211 17.4884 -6.64607 
43.8555 52.1585 17.4894 -6.64582 
46.0211 53.3958 17.4904 -6.64554 
48.1874 54.633 17.4917 -6.64524 
50.3543 55.8698 17.493 -6.64497 
52.5215 57.1062 17.4945 -6.64457 
54.6894 58.3422 17.496 -6.64419 
56.8583 59.5775 17.4976 -6.64395 
59.0282 60.812 17.499 -6.64372 
61.1992 62.0458 17.5004 -6.64351 
63.3713 63.2785 17.5014 -6.64334 
65.5448 64.5103 17.5019 -6.64334 
67.7197 65.7409 17.5019 -6.64361 
69.8963 66.9698 17.5013 -6.64399 
72.0744 68.197 17.5 -6.64444 
37.3483 45.9301 17.4888 -6.64637 
39.5137 47.1674 17.4896 -6.64607 
41.6793 48.4051 17.4905 -6.64593 
43.8448 49.6429 17.4914 -6.64559 
46.0108 50.8809 17.4925 -6.64528 
48.1773 52.1188 17.4937 -6.64493 
50.3443 53.3565 17.4949 -6.64469 
52.512 54.5941 17.4963 -6.64443 
54.6803 55.8311 17.4977 -6.64405 
56.8492 57.0676 17.4992 -6.6438 
59.0189 58.3034 17.5005 -6.64347 
61.1899 59.5383 17.5018 -6.64324 
63.3619 60.7723 17.5027 -6.64323 
65.5351 62.0052 17.5033 -6.64325 
67.7096 63.2369 17.5034 -6.64329 
69.8857 64.4673 17.5028 -6.64356 
72.0632 65.6961 17.5016 -6.64399 
74.2424 66.9234 17.4997 -6.64457 
76.4233 68.1488 17.4973 -6.64513 
41.6678 45.8894 17.4927 -6.64559 
43.8341 47.1279 17.4936 -6.6453 
46.0005 48.3664 17.4946 -6.64503 
48.1672 49.605 17.4957 -6.64477 
50.3344 50.8435 17.4968 -6.64438 
52.5024 52.0819 17.4981 -6.64417 
54.671 53.32 17.4993 -6.64388 
56.8401 54.5577 17.5006 -6.64361 
59.0102 55.7947 17.5019 -6.6434 
61.181 57.0309 17.503 -6.6431 
63.3529 58.2662 17.5038 -6.64302 
65.526 59.5003 17.5044 -6.64292 
67.7003 60.7333 17.5044 -6.64306 
69.8758 61.9649 17.5039 -6.64338 
72.0528 63.1951 17.5028 -6.64374 
74.2316 64.4237 17.5011 -6.64415 
76.4117 65.6506 17.4988 -6.64479 
78.5934 66.8761 17.496 -6.64543 
80.7766 68.1 17.4928 -6.64593 
45.9898 45.8523 17.4967 -6.64471 
48.157 47.0916 17.4977 -6.64455 
50.3246 48.331 17.4987 -6.64428 
52.4927 49.5701 17.4997 -6.64385 
54.6616 50.8092 17.5008 -6.64368 
56.8311 52.0478 17.5019 -6.64343 
59.0013 53.286 17.503 -6.64315 
61.1722 54.5235 17.504 -6.64306 
63.3441 55.7599 17.5047 -6.64287 
65.5172 56.9954 17.5052 -6.64282 
67.6912 58.2296 17.5052 -6.64293 
69.8665 59.4626 17.5048 -6.64317 
72.0433 60.6941 17.5038 -6.64346 
74.2213 61.924 17.5021 -6.64393 
76.4009 63.1522 17.4999 -6.64445 
78.5821 64.379 17.4972 -6.64489 
80.7646 65.6042 17.4942 -6.64563 
82.9485 66.828 17.491 -6.64626 
85.1338 68.0505 17.488 -6.64669 
50.3144 45.8188 17.5004 -6.64398 
52.4831 47.0589 17.5013 -6.64383 
54.6522 48.2986 17.5022 -6.64352 
56.8219 49.5382 17.5032 -6.64321 
58.9923 50.7773 17.504 -6.64305 
61.1634 52.0157 17.5048 -6.64295 
63.3355 53.2535 17.5055 -6.64288 
65.5085 54.4901 17.5058 -6.64283 
67.6825 55.7256 17.5059 -6.64286 
69.8576 56.9599 17.5054 -6.64295 
72.034 58.1928 17.5045 -6.64325 
74.2116 59.4243 17.503 -6.64377 
76.3909 60.6539 17.5009 -6.6442 
78.5715 61.8818 17.4983 -6.64475 
80.7534 63.1081 17.4953 -6.6454 
82.9367 64.3331 17.4922 -6.64589 
85.1212 65.5569 17.4891 -6.64631 
87.307 66.7793 17.4863 -6.64686 
89.4936 68.001 17.484 -6.64723 
56.8127 47.0289 17.5043 -6.64322 
58.9833 48.2688 17.505 -6.64304 
61.1547 49.5082 17.5056 -6.64285 
63.3267 50.7469 17.5061 -6.64266 
65.4997 51.9848 17.5064 -6.64267 
67.6737 53.2215 17.5064 -6.64282 
69.8488 54.457 17.506 -6.64291 
72.025 55.6913 17.5051 -6.64324 
74.2024 56.9239 17.5036 -6.6435 
76.3811 58.1551 17.5016 -6.64394 
78.5613 59.3844 17.4992 -6.64455 
80.7428 60.6121 17.4963 -6.64512 
82.9255 61.8382 17.4932 -6.64569 
85.1096 63.0628 17.4901 -6.64629 
87.2947 64.2862 17.4872 -6.64673 
89.4809 65.5087 17.4847 -6.64702 
91.6677 66.7306 17.4829 -6.64734 
93.8549 67.9525 17.482 -6.64769 
61.1456 47.0009 17.5062 -6.64276 
63.3179 48.2406 17.5066 -6.64272 
65.491 49.4794 17.5068 -6.64281 
67.665 50.7172 17.5068 -6.64268 
69.8401 51.954 17.5064 -6.64281 
72.0161 53.1894 17.5055 -6.64307 
74.1933 54.4235 17.5042 -6.64343 
76.3718 55.6558 17.5023 -6.64386 
78.5515 56.8865 17.4999 -6.64435 
80.7325 58.1155 17.4972 -6.64481 
82.9149 59.3428 17.4941 -6.64536 
85.0984 60.5688 17.491 -6.64601 
87.283 61.7932 17.488 -6.64653 
89.4688 63.0163 17.4854 -6.64695 
91.6552 64.2387 17.4834 -6.64733 
93.8421 65.4609 17.4822 -6.64753 
96.0293 66.6832 17.4818 -6.64776 
98.2167 67.9059 17.4824 -6.64789 
65.4821 46.9742 17.5072 -6.64269 
67.6562 48.2131 17.5071 -6.64261 
69.8312 49.4508 17.5067 -6.64287 
72.0072 50.6873 17.5059 -6.64299 
74.1842 51.9226 17.5047 -6.6432 
76.3623 53.1563 17.5029 -6.64362 
78.5417 54.3884 17.5007 -6.64414 
80.7225 55.6185 17.498 -6.64463 
82.9045 56.8469 17.495 -6.64526 
85.0875 58.0739 17.4918 -6.64581 
87.2718 59.2994 17.4888 -6.64623 
89.457 60.5237 17.4861 -6.64671 
91.6431 61.7468 17.4839 -6.64708 
93.8298 62.9693 17.4824 -6.64746 
96.0169 64.1917 17.4818 -6.64775 
98.204 65.4142 17.482 -6.64788 
100.391 66.6374 17.4832 -6.6479 
102.578 67.8616 17.4852 -6.6479 
69.822 46.9478 17.507 -6.64271 
71.9981 48.1855 17.5063 -6.64288 
74.175 49.4217 17.5051 -6.64309 
76.353 50.6565 17.5035 -6.64362 
78.5322 51.8897 17.5014 -6.64394 
80.7125 53.1212 17.4988 -6.64442 
82.8941 54.3509 17.4958 -6.64501 
85.077 55.5789 17.4927 -6.64556 
87.2608 56.8054 17.4896 -6.64617 
89.4457 58.0304 17.4868 -6.64669 
91.6315 59.2542 17.4844 -6.64699 
93.8179 60.4773 17.4828 -6.64727 
96.0046 61.7 17.4818 -6.6476 
98.1916 62.9228 17.4818 -6.64782 
100.379 64.1457 17.4826 -6.64793 
102.565 65.3693 17.4843 -6.64793 
74.1656 46.9207 17.5056 -6.64308 
76.3435 48.1566 17.5041 -6.64332 
78.5225 49.391 17.5021 -6.64366 
80.7026 50.6236 17.4996 -6.64426 
82.8839 51.8543 17.4967 -6.64476 
85.0664 53.0835 17.4936 -6.64524 
87.2499 54.311 17.4905 -6.64584 
89.4345 55.5371 17.4876 -6.64637 
91.62 56.7617 17.485 -6.64688 
93.8062 57.9851 17.4831 -6.6473 
95.9929 59.208 17.482 -6.64757 
98.1797 60.4309 17.4816 -6.64777 
100.367 61.6539 17.4822 -6.64792 
78.5126 46.892 17.5028 -6.64358 
80.6925 48.1258 17.5004 -6.64401 
82.8736 49.3578 17.4977 -6.64446 
85.056 50.5879 17.4946 -6.64503 
87.2392 51.8164 17.4914 -6.64561 
89.4235 53.0433 17.4884 -6.64614 
91.6087 54.2688 17.4857 -6.64658 
93.7946 55.4931 17.4836 -6.64699 
95.9812 56.7164 17.4822 -6.64734 
98.1679 57.9393 17.4816 -6.6477 
82.8633 46.8609 17.4987 -6.64425 
85.0453 48.0921 17.4957 -6.64476 
87.2283 49.3217 17.4925 -6.64529 
89.4125 50.5495 17.4893 -6.64588 
91.5974 51.7758 17.4865 -6.64645 
93.7832 53.0007 17.4841 -6.64687 
95.9696 54.2244 17.4825 -6.64718 
98.1563 55.4476 17.4817 -6.64748 
87.2172 46.8267 17.4937 -6.64498 
89.4011 48.0554 17.4904 -6.64558 
91.5858 49.2826 17.4874 -6.64613 
93.7715 50.5083 17.4848 -6.64663 
95.9578 51.7326 17.4829 -6.64709 
91.5739 46.789 17.4885 -6.64583 
93.7594 48.0156 17.4857 -6.64635 
52.7255 89.7833 17.4549 -6.65253 
54.9022 91.0044 17.4475 -6.65375 
50.5261 86.0448 17.4666 -6.6505 
52.6991 87.2695 17.4608 -6.65143 
54.8739 88.492 17.4546 -6.65226 
57.0507 89.7122 17.4484 -6.6532 
59.2298 90.9301 17.4422 -6.65429 
48.3331 82.3019 17.4743 -6.64895 
50.5035 83.5294 17.4703 -6.64951 
52.6754 84.7552 17.4658 -6.6503 
54.8489 85.979 17.461 -6.65098 
57.024 87.2009 17.456 -6.65188 
59.2011 88.4204 17.451 -6.65271 
61.3808 89.6378 17.446 -6.65355 
63.5627 90.8531 17.4412 -6.65451 
46.1455 78.5565 17.4788 -6.64804 
48.3138 79.786 17.4763 -6.64836 
50.4832 81.014 17.4733 -6.64872 
52.6539 82.2407 17.4701 -6.64912 
54.8262 83.4658 17.4666 -6.64971 
57.0001 84.689 17.4629 -6.65045 
59.1759 85.9103 17.4591 -6.65124 
61.3537 87.1295 17.4551 -6.65199 
63.5338 88.3466 17.4512 -6.65291 
65.7163 89.5618 17.4473 -6.6537 
67.9013 90.7753 17.4432 -6.6544 
43.9627 74.8084 17.4811 -6.64772 
46.1292 76.0399 17.4796 -6.6477 
48.2965 77.2702 17.4779 -6.64775 
50.4648 78.499 17.4759 -6.64791 
52.6346 79.7265 17.4738 -6.64828 
54.8058 80.9525 17.4715 -6.64868 
56.9785 82.177 17.469 -6.64913 
59.1531 83.3999 17.4663 -6.6497 
61.3296 84.6207 17.4634 -6.6505 
63.5082 85.8397 17.4604 -6.65133 
65.6892 87.0569 17.4572 -6.65209 
67.8724 88.2721 17.4537 -6.65286 
70.0579 89.4858 17.45 -6.65356 
72.2457 90.6984 17.4462 -6.65418 
41.7823 71.0579 17.4819 -6.64742 
43.948 72.2912 17.4811 -6.64739 
46.1142 73.5234 17.4802 -6.64744 
48.2809 74.7542 17.4792 -6.64737 
50.4485 75.984 17.4781 -6.64741 
52.6173 77.2125 17.477 -6.64743 
54.7874 78.4396 17.4757 -6.64768 
56.9592 79.6653 17.4743 -6.64815 
59.1328 80.8893 17.4727 -6.64849 
61.308 82.1118 17.4708 -6.649 
63.4853 83.3327 17.4687 -6.64972 
65.6649 84.5516 17.4662 -6.65045 
67.8467 85.7688 17.4633 -6.65128 
70.0308 86.9844 17.46 -6.65204 
72.2171 88.1984 17.4564 -6.65259 
74.4054 89.4114 17.4529 -6.65324 
76.5954 90.6241 17.4498 -6.6536 
43.9343 69.7738 17.4812 -6.64711 
46.0999 71.0066 17.4809 -6.64697 
48.2664 72.2384 17.4805 -6.64704 
50.4337 73.4691 17.4801 -6.64697 
52.6019 74.6986 17.4797 -6.64692 
54.7712 75.9269 17.4793 -6.64698 
56.9421 77.1539 17.4788 -6.64704 
59.1146 78.3793 17.4781 -6.64736 
61.2889 79.6032 17.4772 -6.64794 
63.4653 80.8254 17.4759 -6.64836 
65.6434 82.0462 17.4741 -6.64894 
67.8238 83.2654 17.4718 -6.64969 
70.0066 84.4827 17.469 -6.65043 
72.1916 85.6984 17.4657 -6.6511 
74.3784 86.9131 17.4621 -6.6518 
76.5672 88.1269 17.4588 -6.65228 
78.7577 89.3403 17.4562 -6.65255 
80.9492 90.5541 17.4546 -6.65269 
48.2529 69.7223 17.4818 -6.64655 
50.4198 70.9541 17.482 -6.64642 
52.5876 72.1848 17.4823 -6.64649 
54.7567 73.4144 17.4825 -6.64639 
56.9268 74.6426 17.4828 -6.64631 
59.0985 75.8695 17.4828 -6.64647 
61.272 77.095 17.4826 -6.64669 
63.4472 78.3188 17.482 -6.64707 
65.6245 79.5412 17.4809 -6.64778 
67.8038 80.7619 17.4792 -6.64841 
69.9852 81.9809 17.4768 -6.6489 
72.1687 83.1985 17.4738 -6.64966 
74.3543 84.4146 17.4704 -6.65041 
76.5419 85.6298 17.467 -6.65081 
78.731 86.8445 17.4639 -6.6513 
80.9217 88.059 17.4616 -6.65159 
83.1133 89.2739 17.4607 -6.65165 
85.3055 90.4901 17.4613 -6.65162 
52.5745 69.671 17.4845 -6.64582 
54.7431 70.9018 17.4853 -6.64567 
56.913 72.1315 17.4861 -6.64574 
59.0841 73.3599 17.4868 -6.64577 
61.2568 74.5868 17.4872 -6.64576 
63.4312 75.8122 17.4872 -6.64607 
65.6075 77.0363 17.4866 -6.64652 
67.7858 78.2588 17.4854 -6.64702 
69.9661 79.4795 17.4834 -6.64783 
72.1486 80.6986 17.4808 -6.64853 
74.3329 81.9162 17.4776 -6.64906 
76.5192 83.1328 17.4742 -6.64967 
78.7073 84.3487 17.4708 -6.65019 
80.8966 85.5643 17.4681 -6.65052 
83.0873 86.7798 17.4663 -6.65062 
85.2789 87.9962 17.4659 -6.65075 
87.4706 89.2141 17.4671 -6.65072 
89.6626 90.4336 17.4699 -6.65035 
56.9002 69.6202 17.4891 -6.64506 
59.0709 70.8502 17.4901 -6.64498 
61.2431 72.0786 17.491 -6.64511 
63.4168 73.3057 17.4914 -6.64531 
65.5922 74.5314 17.4912 -6.64559 
67.7697 75.7553 17.4904 -6.646 
69.9489 76.9779 17.4889 -6.64662 
72.1301 78.1988 17.4866 -6.64733 
74.3136 79.418 17.4836 -6.64795 
76.4989 80.636 17.4803 -6.64867 
78.6856 81.8531 17.4769 -6.64915 
80.874 83.0696 17.4738 -6.64951 
83.0638 84.286 17.4714 -6.64988 
85.2542 85.5029 17.4702 -6.64989 
87.4453 86.7207 17.4704 -6.64988 
89.6369 87.94 17.4722 -6.64978 
91.8281 89.1612 17.4753 -6.64961 
94.0194 90.3843 17.4796 -6.64925 
61.2306 69.5702 17.4941 -6.64437 
63.4038 70.7991 17.4948 -6.64449 
65.5786 72.0264 17.4949 -6.64474 
67.7552 73.2521 17.4945 -6.64518 
69.9335 74.4762 17.4932 -6.64571 
72.1138 75.6986 17.4912 -6.64629 
74.2962 76.9196 17.4886 -6.64692 
76.4802 78.1392 17.4854 -6.64759 
78.6661 79.3576 17.482 -6.64816 
80.8536 80.5752 17.4787 -6.64858 
83.0421 81.7925 17.4759 -6.64894 
85.2319 83.0097 17.4741 -6.64917 
87.4225 84.2277 17.4735 -6.64925 
89.6131 85.4469 17.4743 -6.64929 
91.8039 86.6676 17.4765 -6.64915 
93.9947 87.8903 17.4801 -6.64876 
96.185 89.1154 17.4844 -6.64852 
98.375 90.3427 17.489 -6.64817 
65.5664 69.521 17.4979 -6.6441 
67.7422 70.7486 17.4976 -6.64443 
69.9198 71.9744 17.4966 -6.64495 
72.0993 73.1985 17.4949 -6.64549 
74.2806 74.4211 17.4925 -6.64615 
76.4637 75.642 17.4895 -6.64681 
78.6487 76.8617 17.4862 -6.64729 
80.835 78.0807 17.4828 -6.64785 
83.0228 79.2987 17.4798 -6.64827 
85.2118 80.5166 17.4775 -6.64852 
87.4013 81.7351 17.4763 -6.64876 
89.5915 82.9542 17.4763 -6.64882 
91.7819 84.1748 17.4777 -6.64869 
93.972 85.397 17.4804 -6.64849 
96.162 86.6212 17.4841 -6.64831 
98.3515 87.8478 17.4884 -6.64787 
100.541 89.0767 17.4928 -6.64756 
102.729 90.308 17.4968 -6.64737 
69.9075 69.472 17.4993 -6.64428 
72.0862 70.6981 17.4978 -6.6448 
74.2666 71.9222 17.4956 -6.64544 
76.4489 73.1448 17.4928 -6.64603 
78.6329 74.366 17.4896 -6.64667 
80.8184 75.5859 17.4862 -6.64722 
83.0053 76.805 17.4831 -6.64767 
85.1933 78.0237 17.4805 -6.64797 
87.3822 79.2426 17.4787 -6.64825 
89.5717 80.4619 17.478 -6.64839 
91.7616 81.6823 17.4787 -6.64827 
93.9513 82.9041 17.4806 -6.6483 
96.1409 84.1278 17.4837 -6.6481 
98.33 85.3535 17.4876 -6.64777 
100.519 86.5815 17.4919 -6.64759 
102.706 87.812 17.496 -6.64718 
104.894 89.0445 17.4995 -6.64693 
107.08 90.2794 17.5022 -6.6467 
109.266 91.5165 17.504 -6.64669 
74.2541 69.4227 17.4979 -6.64499 
76.4355 70.647 17.4953 -6.64549 
78.6185 71.8697 17.4922 -6.64618 
80.8032 73.091 17.4889 -6.64671 
82.9893 74.3112 17.4857 -6.64709 
85.1765 75.5307 17.4829 -6.6476 
87.3647 76.75 17.4808 -6.64787 
89.5536 77.9697 17.4796 -6.64799 
91.7429 79.1902 17.4796 -6.64812 
93.9323 80.4117 17.4809 -6.64816 
96.1215 81.6347 17.4833 -6.64803 
98.3103 82.8599 17.4867 -6.64775 
100.498 84.0871 17.4906 -6.64754 
102.686 85.3165 17.4947 -6.64714 
104.873 86.5481 17.4985 -6.64695 
107.059 87.782 17.5017 -6.64668 
109.245 89.0179 17.504 -6.64668 
111.43 90.2559 17.5054 -6.64646 
113.614 91.4957 17.506 -6.64656 
78.6055 69.3728 17.4943 -6.64579 
80.7894 70.5956 17.4911 -6.64629 
82.9747 71.817 17.4879 -6.64678 
85.1612 73.0374 17.4849 -6.64724 
87.3488 74.2575 17.4825 -6.64751 
89.5369 75.4776 17.481 -6.64781 
91.7257 76.6982 17.4805 -6.64804 
93.9147 77.9195 17.4811 -6.64796 
96.1035 79.1423 17.4829 -6.64782 
98.2918 80.3668 17.4857 -6.6478 
100.48 81.5932 17.4893 -6.64754 
102.667 82.8217 17.4933 -6.64719 
104.854 84.0523 17.4971 -6.64701 
107.04 85.2851 17.5006 -6.64671 
109.225 86.52 17.5033 -6.64672 
111.409 87.7571 17.5053 -6.64635 
113.593 88.9959 17.5064 -6.64652 
115.777 90.2365 17.5068 -6.64637 
117.96 91.4785 17.5064 -6.64655 
82.9612 69.3225 17.4896 -6.64656 
85.1471 70.5439 17.4866 -6.64698 
87.334 71.7647 17.484 -6.64725 
89.5215 72.9854 17.4822 -6.64761 
91.7097 74.2062 17.4812 -6.64777 
93.8982 75.4278 17.4813 -6.64784 
96.0867 76.6501 17.4826 -6.64786 
98.2748 77.8739 17.4849 -6.64779 
100.462 79.0997 17.488 -6.64758 
102.65 80.3274 17.4917 -6.64743 
104.836 81.557 17.4955 -6.64714 
107.021 82.7888 17.4992 -6.6468 
109.206 84.0227 17.5023 -6.64664 
111.391 85.2588 17.5047 -6.64636 
113.574 86.4967 17.5063 -6.64647 
115.757 87.7363 17.5072 -6.64632 
87.3201 69.272 17.4853 -6.64709 
89.5072 70.4931 17.4831 -6.64744 
91.6948 71.7143 17.4818 -6.64773 
93.8829 72.9359 17.4815 -6.6478 
96.0709 74.1581 17.4823 -6.64783 
98.2588 75.3816 17.4841 -6.64777 
100.446 76.6066 17.4868 -6.64766 
102.633 77.8334 17.4902 -6.64754 
104.819 79.0623 17.4939 -6.64712 
107.005 80.2931 17.4976 -6.64699 
109.189 81.526 17.5009 -6.64663 
111.373 82.761 17.5037 -6.64656 
113.556 83.9979 17.5057 -6.64644 
91.6809 69.2225 17.4824 -6.64749 
93.8684 70.4442 17.4817 -6.64775 
96.0562 71.6663 17.482 -6.64783 
98.2441 72.8893 17.4834 -6.64789 
100.431 74.1137 17.4857 -6.64779 
102.618 75.34 17.4887 -6.64757 
104.804 76.568 17.4922 -6.64737 
106.989 77.7978 17.4959 -6.64713 
109.174 79.0297 17.4994 -6.64678 
111.358 80.2636 17.5024 -6.6467 
96.0425 69.1748 17.4819 -6.64783 
98.23 70.3975 17.4828 -6.64779 
100.417 71.6214 17.4847 -6.64778 
102.604 72.8468 17.4874 -6.64771 
104.79 74.0739 17.4907 -6.64757 
106.975 75.3029 17.4942 -6.64725 
109.16 76.5338 17.4977 -6.64701 
100.404 69.1293 17.4839 -6.64786 
102.591 70.354 17.4862 -6.6478 
104.776 71.5804 17.4892 -6.64766 
106.962 72.8084 17.4926 -6.6475 
104.764 69.0871 17.4879 -6.64787 
66.1133 112.104 17.3474 -6.66498 
68.3106 113.308 17.3474 -6.66502 
70.5076 114.512 17.3522 -6.66449 
63.8621 108.395 17.3609 -6.66359 
66.058 109.599 17.3544 -6.66435 
68.2548 110.803 17.3523 -6.66448 
70.4521 112.008 17.3545 -6.66431 
72.6494 113.213 17.3609 -6.66366 
74.846 114.42 17.3704 -6.66281 
61.6163 104.683 17.3812 -6.66169 
63.8097 105.89 17.372 -6.66261 
66.0044 107.095 17.3648 -6.6633 
68.2005 108.299 17.3608 -6.66361 
70.3973 109.504 17.3609 -6.66371 
72.5945 110.709 17.365 -6.66326 
74.7918 111.915 17.3721 -6.66266 
76.9886 113.124 17.3814 -6.66161 
79.1845 114.335 17.3917 -6.66078 
59.3787 100.967 17.4022 -6.65963 
61.5682 102.177 17.3929 -6.6605 
63.7597 103.384 17.3842 -6.66136 
65.9532 104.59 17.3768 -6.66209 
68.1481 105.796 17.372 -6.66255 
70.3441 107 17.3703 -6.66276 
72.541 108.206 17.372 -6.66259 
74.7383 109.412 17.377 -6.66211 
76.9354 110.62 17.3843 -6.66144 
79.132 111.831 17.3931 -6.66062 
81.3279 113.044 17.4026 -6.6596 
83.5229 114.261 17.4122 -6.65862 
57.1512 97.2442 17.4218 -6.65741 
59.3362 98.458 17.4127 -6.65838 
61.5234 99.6693 17.4044 -6.65932 
63.7131 100.878 17.3963 -6.66017 
65.9048 102.086 17.3895 -6.66087 
68.0984 103.292 17.3842 -6.66137 
70.2934 104.497 17.3811 -6.66168 
72.4894 105.703 17.3812 -6.66169 
74.6863 106.91 17.3842 -6.66144 
76.8833 108.118 17.3895 -6.66099 
79.0803 109.328 17.3967 -6.66031 
81.2768 110.541 17.4049 -6.65945 
83.4726 111.757 17.4137 -6.65858 
85.6673 112.976 17.4226 -6.65757 
87.8611 114.199 17.4312 -6.65631 
54.9338 93.5164 17.4397 -6.65512 
57.1145 94.7338 17.4311 -6.65616 
59.2974 95.9488 17.423 -6.65709 
61.4824 97.1615 17.4153 -6.65804 
63.6699 98.3722 17.4082 -6.65887 
65.8598 99.5808 17.402 -6.65952 
68.0518 100.788 17.3965 -6.66018 
70.2454 101.994 17.3929 -6.66057 
72.4405 103.201 17.3915 -6.66073 
74.6365 104.408 17.3926 -6.66062 
76.8331 105.616 17.3964 -6.6603 
79.0301 106.826 17.402 -6.65976 
81.2267 108.039 17.409 -6.65914 
83.423 109.254 17.4168 -6.65832 
85.6185 110.473 17.4249 -6.65742 
87.8133 111.695 17.4332 -6.65628 
90.007 112.92 17.441 -6.65515 
92.1996 114.148 17.4483 -6.65393 
57.0811 92.2231 17.44 -6.65476 
59.2619 93.4395 17.4328 -6.65582 
61.4451 94.6536 17.426 -6.65671 
63.6306 95.8657 17.4198 -6.65755 
65.8184 97.0759 17.4138 -6.65826 
68.0085 98.2846 17.4087 -6.65888 
70.2007 99.4923 17.4047 -6.65933 
72.3945 100.699 17.4022 -6.65957 
74.5895 101.907 17.4021 -6.65968 
76.7855 103.115 17.4042 -6.65953 
78.982 104.325 17.4083 -6.6591 
81.1787 105.538 17.4142 -6.65862 
83.375 106.753 17.4211 -6.65789 
85.571 107.971 17.4286 -6.65701 
87.7663 109.192 17.4364 -6.65612 
89.9607 110.416 17.4437 -6.65509 
92.1542 111.644 17.4506 -6.6539 
94.3467 112.874 17.4568 -6.65272 
96.5382 114.107 17.4621 -6.65166 
61.4113 92.1458 17.4363 -6.65526 
63.5949 93.3594 17.4307 -6.65609 
65.7809 94.5711 17.4254 -6.65689 
67.9691 95.7813 17.4206 -6.65757 
70.1596 96.9902 17.4163 -6.65802 
72.3521 98.1985 17.4132 -6.65848 
74.5459 99.4069 17.412 -6.65865 
76.7409 100.616 17.4125 -6.65854 
78.9368 101.826 17.4154 -6.65834 
81.1329 103.038 17.42 -6.65785 
83.3292 104.253 17.426 -6.65729 
85.5253 105.47 17.433 -6.65654 
87.7206 106.691 17.4402 -6.65573 
89.9156 107.914 17.4474 -6.65482 
92.1095 109.141 17.454 -6.65373 
94.3027 110.371 17.4597 -6.65274 
96.4948 111.603 17.4647 -6.65176 
98.6863 112.838 17.4687 -6.65054 
100.877 114.076 17.4718 -6.64994 
65.7469 92.0665 17.4367 -6.65537 
67.9334 93.2783 17.4321 -6.65609 
70.1222 94.4886 17.4279 -6.65664 
72.3129 95.6982 17.4244 -6.65721 
74.5056 96.9075 17.4221 -6.65749 
76.6997 98.117 17.4215 -6.65751 
78.8945 99.3276 17.423 -6.65743 
81.0901 100.54 17.4263 -6.65707 
83.286 101.754 17.4313 -6.65652 
85.4816 102.971 17.4376 -6.65598 
87.6771 104.191 17.4444 -6.65526 
89.872 105.414 17.4513 -6.65435 
92.0663 106.639 17.4578 -6.65354 
94.2597 107.868 17.4634 -6.65256 
96.4524 109.1 17.4681 -6.65163 
98.6445 110.334 17.4718 -6.65066 
100.835 111.571 17.4745 -6.65005 
103.026 112.81 17.4765 -6.64916 
105.215 114.051 17.4779 -6.64862 
70.0884 91.9873 17.4392 -6.65519 
72.2776 93.1983 17.4355 -6.65573 
74.4689 94.4087 17.4325 -6.65602 
76.6616 95.619 17.4309 -6.65629 
78.8555 96.83 17.431 -6.6563 
81.0504 98.0423 17.433 -6.65605 
83.2454 99.2565 17.4369 -6.65574 
85.4407 100.473 17.4422 -6.65527 
87.6358 101.692 17.4485 -6.65457 
89.8306 102.914 17.4552 -6.65388 
92.0248 104.139 17.4616 -6.65308 
94.2183 105.367 17.4672 -6.65221 
96.4114 106.598 17.4719 -6.65139 
98.6034 107.832 17.4754 -6.65058 
100.795 109.068 17.478 -6.65001 
102.986 110.306 17.4796 -6.64917 
105.175 111.547 17.4805 -6.64877 
107.365 112.789 17.481 -6.6484 
109.554 114.032 17.4811 -6.64787 
74.4354 91.91 17.4429 -6.65464 
76.6269 93.1214 17.4404 -6.65502 
78.8198 94.3331 17.4394 -6.65509 
81.0135 95.5456 17.4401 -6.655 
83.2079 96.7596 17.4427 -6.65487 
85.4025 97.9759 17.4469 -6.65443 
87.5972 99.1945 17.4525 -6.65386 
89.7916 100.416 17.4587 -6.65328 
91.9855 101.64 17.465 -6.65249 
94.1792 102.867 17.4708 -6.65179 
96.3719 104.098 17.4755 -6.6511 
98.5641 105.33 17.4792 -6.65036 
100.756 106.566 17.4817 -6.64979 
102.947 107.803 17.4832 -6.64912 
105.137 109.043 17.4839 -6.64885 
107.326 110.285 17.4839 -6.64845 
109.516 111.528 17.4836 -6.64802 
111.704 112.772 17.483 -6.64789 
113.892 114.018 17.4824 -6.64764 
78.7871 91.8365 17.4479 -6.65384 
80.9799 93.0494 17.4474 -6.65397 
83.1734 94.2638 17.4486 -6.65374 
85.3673 95.4798 17.4517 -6.65353 
87.5614 96.698 17.4563 -6.65309 
89.7553 97.9187 17.4619 -6.65253 
91.949 99.1422 17.4679 -6.65192 
94.1421 100.369 17.4737 -6.65125 
96.3345 101.598 17.4787 -6.6506 
98.5268 102.83 17.4826 -6.64998 
100.718 104.065 17.4853 -6.64948 
102.909 105.301 17.4869 -6.64903 
105.099 106.54 17.4875 -6.64874 
107.289 107.781 17.4874 -6.64829 
109.478 109.024 17.4867 -6.64811 
111.667 110.268 17.4857 -6.64795 
113.856 111.513 17.4846 -6.64777 
116.043 112.759 17.4836 -6.6478 
118.23 114.007 17.4826 -6.64758 
83.1419 91.7686 17.4547 -6.65276 
85.3351 92.9845 17.4566 -6.65258 
87.5284 94.2026 17.46 -6.65224 
89.7219 95.4228 17.4648 -6.65185 
91.9151 96.6456 17.4703 -6.65127 
94.1076 97.8712 17.476 -6.6507 
96.2999 99.0996 17.4812 -6.65009 
98.4916 100.331 17.4854 -6.64955 
100.683 101.564 17.4885 -6.64922 
102.873 102.8 17.4903 -6.64877 
105.063 104.038 17.4911 -6.64848 
107.253 105.279 17.491 -6.64828 
109.442 106.521 17.4902 -6.64802 
111.631 107.764 17.489 -6.64795 
113.819 109.009 17.4875 -6.64779 
116.007 110.255 17.486 -6.64786 
118.195 111.502 17.4845 -6.64777 
120.382 112.749 17.4833 -6.6477 
122.569 113.997 17.4823 -6.64776 
87.4984 91.708 17.4636 -6.65147 
89.6911 92.9279 17.4674 -6.65111 
91.8836 94.1499 17.4723 -6.65059 
94.0759 95.3747 17.4777 -6.65015 
96.2676 96.6023 17.4829 -6.64961 
98.4588 97.8323 17.4874 -6.64921 
100.649 99.065 17.4909 -6.64879 
102.84 100.3 17.4932 -6.64842 
105.029 101.537 17.4943 -6.64815 
107.219 102.777 17.4945 -6.64807 
109.408 104.018 17.4938 -6.64782 
111.596 105.261 17.4925 -6.64791 
113.784 106.505 17.4909 -6.64773 
115.972 107.751 17.489 -6.64786 
118.16 108.997 17.4872 -6.64779 
120.347 110.244 17.4854 -6.64782 
122.534 111.492 17.4839 -6.64792 
124.721 112.741 17.4828 -6.64772 
126.907 113.99 17.482 -6.64776 
91.8548 91.6552 17.4739 -6.65005 
94.0465 92.8792 17.4788 -6.64967 
96.2378 94.1056 17.4839 -6.64917 
98.4285 95.3349 17.4887 -6.64884 
100.619 96.5668 17.4925 -6.64834 
102.809 97.8009 17.4953 -6.64805 
104.998 99.0374 17.4969 -6.64782 
107.187 100.276 17.4975 -6.64774 
109.375 101.517 17.4971 -6.64766 
111.563 102.759 17.496 -6.6477 
113.751 104.002 17.4943 -6.64762 
115.938 105.247 17.4924 -6.64777 
118.126 106.493 17.4903 -6.64774 
120.312 107.74 17.4882 -6.64784 
122.499 108.988 17.4862 -6.64791 
124.686 110.236 17.4846 -6.64783 
126.873 111.485 17.4832 -6.6479 
129.059 112.734 17.4822 -6.6479 
131.246 113.983 17.4817 -6.64773 
96.2104 91.61 17.4844 -6.64873 
98.4005 92.8384 17.4891 -6.64849 
100.591 94.0693 17.4933 -6.648 
102.78 95.3025 17.4966 -6.64775 
104.968 96.5381 17.4988 -6.64749 
107.157 97.7758 17.4998 -6.64745 
109.345 99.0156 17.4999 -6.64731 
111.532 100.257 17.4991 -6.64744 
113.719 101.5 17.4977 -6.64751 
115.906 102.744 17.4958 -6.6476 
118.093 103.99 17.4936 -6.64768 
120.279 105.236 17.4914 -6.64776 
122.466 106.483 17.4891 -6.64788 
124.652 107.731 17.487 -6.64786 
126.839 108.98 17.4852 -6.648 
129.025 110.228 17.4837 -6.64797 
100.564 91.5726 17.4934 -6.64765 
102.753 92.8049 17.4971 -6.64755 
104.941 94.0396 17.4998 -6.64717 
107.129 95.2764 17.5014 -6.64723 
109.316 96.5153 17.502 -6.64694 
111.503 97.7559 17.5017 -6.64721 
113.69 98.998 17.5006 -6.64723 
115.876 100.242 17.499 -6.64732 
118.062 101.487 17.497 -6.64754 
120.248 102.732 17.4947 -6.64762 
122.434 103.979 17.4923 -6.64777 
124.62 105.227 17.49 -6.6478 
126.806 106.475 17.4878 -6.64794 
104.917 91.5418 17.5 -6.64698 
107.104 92.7776 17.5022 -6.64695 
109.29 94.0156 17.5034 -6.64673 
111.476 95.2553 17.5036 -6.64701 
113.663 96.4967 17.5031 -6.64687 
115.848 97.7397 17.5018 -6.64707 
118.034 98.9839 17.5001 -6.64731 
120.219 100.229 17.498 -6.6474 
122.404 101.476 17.4957 -6.64758 
124.589 102.723 17.4933 -6.64777 
111.452 92.7553 17.5049 -6.64674 
113.637 93.996 17.5049 -6.64664 
115.822 95.2381 17.5041 -6.64687 
118.007 96.4817 17.5028 -6.64692 
120.191 97.7265 17.501 -6.64712 
122.376 98.9722 17.4989 -6.64736 
115.798 92.7371 17.5058 -6.64663 
117.982 93.9799 17.5049 -6.64672 
120.166 95.224 17.5035 -6.64688 
78.3427 19.3834 17.5016 -6.64406 
80.5262 20.6277 17.503 -6.64374 
82.7105 21.8705 17.5038 -6.64342 
76.1326 15.6348 17.4972 -6.64478 
78.317 16.8807 17.4992 -6.64463 
80.5018 18.1256 17.5009 -6.64413 
82.6868 19.3694 17.5022 -6.64393 
84.8717 20.6117 17.5028 -6.64372 
87.0572 21.8523 17.5028 -6.64361 
73.9191 11.8839 17.4918 -6.64585 
76.1042 13.1311 17.4941 -6.64537 
78.2895 14.3776 17.4963 -6.64519 
80.4751 15.6232 17.4983 -6.64459 
82.6606 16.8675 17.4999 -6.64454 
84.8464 18.1105 17.5011 -6.64421 
87.0326 19.3521 17.5016 -6.64398 
89.219 20.5921 17.5013 -6.64388 
91.4058 21.8301 17.5001 -6.644 
93.5931 23.0661 17.4979 -6.64422 
71.7023 8.13139 17.4868 -6.64668 
73.8881 9.37958 17.4888 -6.64639 
76.0741 10.6272 17.491 -6.64594 
78.2601 11.8743 17.4932 -6.64578 
80.4462 13.1204 17.4953 -6.64518 
82.6323 14.3652 17.4972 -6.64515 
84.8189 15.609 17.4988 -6.64466 
87.0058 16.8513 17.4997 -6.64455 
89.1928 18.092 17.5 -6.64441 
91.3802 19.3311 17.4993 -6.64439 
93.5682 20.5682 17.4976 -6.64448 
95.7565 21.8031 17.4949 -6.64477 
97.9455 23.0356 17.4914 -6.64519 
69.4831 4.37771 17.4831 -6.64714 
71.6692 5.62654 17.4844 -6.64714 
73.8557 6.87495 17.4861 -6.64675 
76.0422 8.12302 17.488 -6.64646 
78.2287 9.37047 17.4901 -6.64631 
80.4155 10.6169 17.4922 -6.64584 
82.6021 11.8626 17.4942 -6.64577 
84.7894 13.1069 17.4959 -6.64523 
86.9766 14.3499 17.4973 -6.64519 
89.1643 15.5915 17.4979 -6.64493 
91.3525 16.8314 17.4978 -6.64491 
93.5409 18.0695 17.4966 -6.64496 
95.7298 19.3053 17.4945 -6.64508 
97.9192 20.5388 17.4912 -6.64551 
100.109 21.7699 17.4872 -6.64611 
102.3 22.9984 17.4826 -6.64668 
67.2625 0.623314 17.4816 -6.64767 
69.4488 1.87252 17.482 -6.64752 
71.6351 3.12158 17.4827 -6.64743 
73.8219 4.37026 17.4839 -6.64705 
76.0087 5.6186 17.4854 -6.64694 
78.1956 6.86622 17.4872 -6.6467 
80.3828 8.11333 17.4891 -6.64634 
82.5701 9.35938 17.491 -6.64632 
84.7578 10.6043 17.4928 -6.64586 
86.9454 11.8479 17.4943 -6.64579 
89.1338 13.0903 17.4953 -6.64549 
91.3224 14.3311 17.4956 -6.6455 
93.5114 15.5699 17.4949 -6.64547 
95.7008 16.8067 17.4932 -6.64561 
97.8907 18.0411 17.4904 -6.64608 
100.081 19.273 17.4866 -6.64654 
102.272 20.5024 17.482 -6.64705 
104.464 21.7292 17.4772 -6.64786 
106.656 22.9535 17.4726 -6.64854 
71.6006 0.616395 17.4818 -6.64769 
73.7873 1.86529 17.4824 -6.64744 
75.9741 3.11375 17.4834 -6.6473 
78.1612 4.36182 17.4847 -6.64706 
80.3487 5.60927 17.4863 -6.64679 
82.5362 6.85553 17.488 -6.64678 
84.7242 8.10106 17.4896 -6.64639 
86.9124 9.34536 17.4911 -6.64634 
89.101 10.5884 17.4922 -6.6462 
91.29 11.8299 17.4928 -6.64611 
93.4795 13.0696 17.4925 -6.64601 
95.6694 14.3072 17.4912 -6.64638 
97.8598 15.5424 17.4889 -6.64672 
100.051 16.7753 17.4854 -6.64704 
102.242 18.0056 17.4809 -6.6477 
104.434 19.2334 17.4759 -6.64839 
106.627 20.4584 17.4708 -6.64906 
108.819 21.6808 17.4663 -6.64981 
111.012 22.9008 17.4629 -6.65047 
75.9391 0.60872 17.4822 -6.64757 
78.126 1.85714 17.4829 -6.64736 
80.3134 3.10459 17.484 -6.64723 
82.5009 4.35142 17.4853 -6.64711 
84.6892 5.59735 17.4866 -6.64678 
86.8774 6.84217 17.4879 -6.6469 
89.0662 8.0858 17.4889 -6.64671 
91.2557 9.32794 17.4895 -6.64664 
93.4454 10.5684 17.4895 -6.64676 
95.6356 11.8067 17.4886 -6.64704 
97.8264 13.0429 17.4866 -6.64729 
100.018 14.2766 17.4834 -6.64769 
102.21 15.508 17.4792 -6.64837 
104.402 16.7367 17.4741 -6.64902 
106.595 17.9625 17.4687 -6.64969 
108.788 19.1856 17.4634 -6.65056 
110.982 20.4061 17.4591 -6.65121 
113.176 21.6243 17.456 -6.65177 
115.369 22.8407 17.4546 -6.65238 
80.2776 0.599669 17.4824 -6.64754 
82.465 1.84687 17.4831 -6.6474 
84.6529 3.09307 17.484 -6.64719 
86.8409 4.33835 17.4849 -6.64734 
89.0301 5.58249 17.4857 -6.6471 
91.2194 6.82523 17.4862 -6.64718 
93.4092 8.06626 17.4862 -6.64744 
95.5996 9.3054 17.4854 -6.64763 
97.7908 10.5423 17.4836 -6.64789 
99.9825 11.7771 17.4808 -6.64844 
102.175 13.0093 17.4768 -6.649 
104.368 14.2389 17.4718 -6.64971 
106.561 15.4657 17.4662 -6.65053 
108.755 16.6895 17.4604 -6.65127 
110.949 17.9106 17.4551 -6.65198 
113.143 19.129 17.451 -6.65277 
115.337 20.3453 17.4483 -6.65337 
117.531 21.56 17.4475 -6.65372 
119.723 22.7731 17.4483 -6.65392 
84.616 0.588263 17.4822 -6.64758 
86.8038 1.83394 17.4825 -6.64759 
88.9927 3.07858 17.4829 -6.64749 
91.1817 4.32177 17.4831 -6.64775 
93.3715 5.56328 17.4828 -6.64784 
95.562 6.80314 17.482 -6.64817 
97.7531 8.04096 17.4803 -6.64855 
99.9449 9.27654 17.4776 -6.64909 
102.137 10.5096 17.4738 -6.64969 
104.33 11.74 17.469 -6.65037 
106.524 12.9676 17.4633 -6.65125 
108.718 14.1923 17.4572 -6.65209 
110.913 15.4138 17.4513 -6.65286 
113.107 16.6328 17.446 -6.65366 
115.302 17.8494 17.4422 -6.65425 
117.497 19.0639 17.44 -6.65476 
119.69 20.2767 17.4396 -6.6551 
121.883 21.4886 17.441 -6.65516 
124.074 22.7002 17.4438 -6.65507 
88.9545 0.573857 17.4808 -6.64781 
91.1431 1.81748 17.4804 -6.64809 
93.3326 3.05963 17.4798 -6.64827 
95.5228 4.30001 17.4787 -6.64859 
97.7137 5.53851 17.4769 -6.6491 
99.9054 6.77481 17.4742 -6.64967 
102.098 8.0088 17.4705 -6.65035 
104.291 9.24002 17.4657 -6.65112 
106.485 10.4684 17.46 -6.65199 
108.679 11.6936 17.4538 -6.65289 
110.874 12.916 17.4472 -6.65377 
113.069 14.1354 17.4412 -6.6545 
115.264 15.3523 17.4364 -6.65514 
117.459 16.5669 17.4327 -6.6557 
119.654 17.7796 17.4311 -6.6561 
121.848 18.991 17.4313 -6.65636 
124.041 20.2015 17.4331 -6.65629 
126.232 21.4121 17.4363 -6.65615 
128.421 22.6231 17.4403 -6.65575 
93.293 0.555045 17.4775 -6.64856 
95.4827 1.79598 17.4759 -6.64896 
97.6731 3.03503 17.4738 -6.64947 
99.8643 4.27211 17.4709 -6.65012 
102.056 5.50681 17.467 -6.65087 
104.249 6.73877 17.4621 -6.65175 
106.443 7.96792 17.4565 -6.6527 
108.637 9.19397 17.45 -6.65358 
110.832 10.417 17.4432 -6.65454 
113.028 11.637 17.4367 -6.65534 
115.224 12.8543 17.4307 -6.65603 
117.419 14.069 17.426 -6.6567 
119.615 15.2815 17.4231 -6.65705 
121.81 16.4923 17.4217 -6.65733 
124.004 17.7023 17.4225 -6.65754 
126.196 18.9118 17.4251 -6.65739 
128.387 20.1216 17.4286 -6.65705 
130.575 21.3321 17.433 -6.65655 
132.761 22.5438 17.4376 -6.65598 
97.6316 0.530621 17.4715 -6.64976 
99.8222 1.76825 17.468 -6.65043 
102.014 3.00357 17.4638 -6.65137 
104.206 4.23623 17.4589 -6.65221 
106.399 5.46624 17.4529 -6.65328 
108.593 6.69314 17.4462 -6.65422 
110.788 7.91693 17.4393 -6.6552 
112.984 9.13765 17.4321 -6.65604 
115.18 10.3553 17.4254 -6.65686 
117.377 11.5702 17.4198 -6.65751 
119.573 12.7828 17.4153 -6.658 
121.769 13.9932 17.4127 -6.65842 
123.963 15.2025 17.4123 -6.65857 
126.157 16.411 17.4136 -6.65853 
128.35 17.6196 17.4168 -6.65829 
130.54 18.8289 17.4212 -6.65794 
132.728 20.039 17.426 -6.65733 
134.913 21.2507 17.4313 -6.65654 
137.097 22.4644 17.4369 -6.65575 
101.97 0.499163 17.4617 -6.65163 
104.162 1.73262 17.4561 -6.65251 
106.354 2.96329 17.4498 -6.65362 
108.548 4.1909 17.443 -6.65471 
110.743 5.41556 17.4354 -6.65578 
112.938 6.63692 17.4279 -6.65656 
115.134 7.85532 17.4206 -6.6575 
117.331 9.07051 17.4139 -6.65828 
119.528 10.2829 17.4082 -6.65889 
121.724 11.4932 17.4044 -6.65932 
123.92 12.702 17.4023 -6.65955 
126.115 13.9098 17.4025 -6.65968 
128.308 15.1173 17.405 -6.65949 
130.5 16.3252 17.4089 -6.65912 
132.69 17.5341 17.4141 -6.65855 
134.878 18.7443 17.4201 -6.65791 
137.063 19.9563 17.4263 -6.65709 
139.246 21.1704 17.433 -6.6561 
141.426 22.3869 17.4401 -6.65499 
106.309 0.45901 17.448 -6.65394 
108.501 1.68736 17.4404 -6.65505 
110.695 2.91273 17.4325 -6.65602 
112.89 4.1349 17.4244 -6.65712 
115.086 5.35376 17.4163 -6.65812 
117.282 6.56947 17.4087 -6.65887 
119.479 7.78226 17.4019 -6.65958 
121.676 8.99245 17.3964 -6.66019 
123.873 10.2008 17.3928 -6.66059 
126.069 11.4079 17.3918 -6.66061 
128.264 12.6148 17.3931 -6.6606 
130.457 13.8216 17.3966 -6.66035 
132.649 15.0289 17.4021 -6.65975 
134.838 16.2377 17.4083 -6.65914 
137.026 17.4483 17.4153 -6.65832 
139.21 18.661 17.423 -6.65737 
141.393 19.8758 17.431 -6.65631 
143.573 21.0933 17.4394 -6.65512 
110.647 0.408486 17.4309 -6.65615 
112.841 1.63133 17.4221 -6.65751 
115.036 2.85088 17.4132 -6.65844 
117.232 4.06731 17.4047 -6.65925 
119.429 5.28038 17.3965 -6.66021 
121.626 6.49073 17.3895 -6.66088 
123.823 7.69903 17.3842 -6.66142 
126.02 8.90584 17.3813 -6.6618 
128.215 10.1118 17.3813 -6.66169 
130.41 11.3176 17.3844 -6.66141 
132.604 12.524 17.3895 -6.66097 
134.795 13.7314 17.3963 -6.66036 
136.985 14.9405 17.4042 -6.65946 
139.172 16.1517 17.4126 -6.65855 
141.356 17.3653 17.4215 -6.65759 
114.985 0.346773 17.4119 -6.65853 
117.181 1.56365 17.4022 -6.65962 
119.377 2.77737 17.3928 -6.66055 
121.573 3.98835 17.3842 -6.66135 
123.771 5.19669 17.3768 -6.66213 
125.968 6.40332 17.372 -6.66263 
128.165 7.6087 17.3703 -6.66275 
130.36 8.81377 17.3721 -6.66264 
132.555 10.0191 17.3769 -6.66209 
134.748 11.2253 17.3842 -6.66148 
136.94 12.4331 17.3927 -6.66062 
139.129 13.6429 17.402 -6.65968 
119.324 0.273216 17.3915 -6.66078 
121.52 1.48444 17.3812 -6.6616 
123.717 2.69338 17.3719 -6.66256 
125.914 3.90017 17.3649 -6.66321 
128.111 5.10545 17.3608 -6.66363 
130.308 6.30977 17.3609 -6.66367 
132.504 7.51428 17.3649 -6.66331 
134.698 8.7195 17.372 -6.66257 
136.892 9.92616 17.3811 -6.66166 
123.662 0.188868 17.3703 -6.66286 
125.859 1.39593 17.3608 -6.66366 
128.056 2.6013 17.3544 -6.66424 
130.254 3.80565 17.3523 -6.66451 
132.45 5.0096 17.3545 -6.66432 
134.646 6.21402 17.3609 -6.66364 
128.001 0.0967245 17.3522 -6.66457 
130.198 1.30098 17.3474 -6.66504 
132.395 2.50476 17.3474 -6.66496 
93.747 45.5225 17.4867 -6.6461 
91.5487 41.801 17.4911 -6.64514 
93.7339 43.0291 17.4879 -6.64574 
95.9201 44.2557 17.4851 -6.64624 
98.107 45.4806 17.4831 -6.64671 
89.3505 38.0754 17.496 -6.64425 
91.5349 39.3064 17.4926 -6.64482 
93.7205 40.5354 17.4892 -6.6453 
95.9068 41.7628 17.4862 -6.64585 
98.0935 42.9884 17.4838 -6.64644 
100.281 44.2123 17.4822 -6.64681 
102.469 45.4353 17.4816 -6.64723 
87.1521 34.3453 17.5005 -6.6435 
89.3357 35.5794 17.4976 -6.64394 
91.5206 36.8114 17.4942 -6.64438 
93.7063 38.0414 17.4907 -6.64498 
95.8924 39.2694 17.4874 -6.64564 
98.0794 40.4956 17.4846 -6.64613 
100.267 41.7203 17.4826 -6.64659 
102.455 42.9434 17.4816 -6.64697 
104.642 44.1656 17.4816 -6.64733 
106.83 45.3875 17.4826 -6.64756 
84.9528 30.6107 17.5038 -6.64301 
87.136 31.8477 17.5018 -6.64326 
89.3202 33.0829 17.499 -6.64367 
91.5052 34.316 17.4958 -6.64412 
93.6908 35.5468 17.4923 -6.64469 
95.8773 36.7757 17.4887 -6.64528 
98.0643 38.0028 17.4856 -6.6458 
100.252 39.228 17.4831 -6.64646 
102.44 40.4513 17.4817 -6.64684 
104.628 41.6736 17.4812 -6.64712 
106.816 42.8953 17.4819 -6.64753 
109.004 44.1165 17.4835 -6.64771 
111.191 45.3378 17.486 -6.64773 
82.7519 26.8719 17.5052 -6.64291 
84.935 28.1116 17.5043 -6.64296 
87.1189 29.3497 17.5027 -6.64313 
89.3033 30.5859 17.5004 -6.64344 
91.4884 31.8201 17.4973 -6.64386 
93.6743 33.0519 17.4938 -6.64441 
95.8609 34.2817 17.4901 -6.6449 
98.0482 35.5095 17.4867 -6.64558 
100.236 36.7352 17.4838 -6.64621 
102.424 37.9593 17.4818 -6.64664 
104.613 39.1817 17.4809 -6.64709 
106.801 40.4031 17.4811 -6.64748 
108.99 41.6241 17.4824 -6.64774 
111.177 42.8448 17.4846 -6.6478 
113.364 44.0657 17.4875 -6.64783 
115.549 45.2873 17.4909 -6.64775 
80.5487 23.1293 17.5045 -6.64338 
82.732 24.3715 17.5048 -6.64308 
84.9159 25.612 17.5044 -6.64314 
87.1002 26.8512 17.5033 -6.6431 
89.2849 28.0884 17.5014 -6.64336 
91.4704 29.3234 17.4987 -6.64372 
93.6565 30.5564 17.4953 -6.64419 
95.8434 31.7871 17.4916 -6.64471 
98.0309 33.0157 17.4879 -6.6454 
100.219 34.2423 17.4845 -6.646 
102.408 35.467 17.482 -6.64646 
104.596 36.6899 17.4805 -6.64702 
106.785 37.9114 17.4802 -6.64737 
108.974 39.1321 17.4811 -6.64765 
111.162 40.3523 17.483 -6.64792 
113.35 41.5723 17.4857 -6.64802 
115.536 42.7928 17.489 -6.64799 
117.721 44.0142 17.4925 -6.6478 
119.904 45.2369 17.496 -6.64758 
84.8948 23.1122 17.5039 -6.64333 
87.0796 24.3521 17.5034 -6.64329 
89.265 25.5901 17.5019 -6.64346 
91.4507 26.8263 17.4997 -6.64367 
93.6372 28.0603 17.4966 -6.64398 
95.8243 29.2921 17.4929 -6.64459 
98.0121 30.5216 17.4891 -6.6452 
100.201 31.7491 17.4853 -6.64571 
102.389 32.9745 17.4823 -6.64633 
104.579 34.1978 17.4801 -6.64692 
106.768 35.4195 17.4792 -6.6473 
108.957 36.6401 17.4796 -6.64758 
111.146 37.8599 17.4811 -6.64796 
113.334 39.0794 17.4836 -6.64811 
115.522 40.299 17.4867 -6.64808 
117.707 41.5191 17.4902 -6.64817 
119.892 42.7404 17.4938 -6.64796 
122.074 43.963 17.4971 -6.6476 
124.255 45.1872 17.4999 -6.64736 
89.243 23.0914 17.5019 -6.64356 
91.4293 24.3285 17.5002 -6.64369 
93.6161 25.5636 17.4975 -6.64406 
95.8035 26.7963 17.4941 -6.64454 
97.9918 28.027 17.4901 -6.64501 
100.18 29.2553 17.4861 -6.64557 
102.37 30.4814 17.4825 -6.64637 
104.559 31.7053 17.4798 -6.6469 
106.749 32.9274 17.4781 -6.6473 
108.939 34.1479 17.4778 -6.64786 
111.129 35.3674 17.4788 -6.64819 
113.317 36.5865 17.481 -6.6483 
115.505 37.8052 17.4839 -6.6484 
117.692 39.0243 17.4874 -6.64837 
119.878 40.2445 17.491 -6.64825 
122.061 41.4655 17.4945 -6.64806 
124.243 42.6881 17.4975 -6.64778 
126.423 43.9122 17.4998 -6.64732 
128.601 45.138 17.5014 -6.64703 
95.7811 24.3001 17.4948 -6.64457 
97.9696 25.5318 17.491 -6.64501 
100.159 26.7609 17.4868 -6.64568 
102.348 27.9877 17.4828 -6.64632 
104.538 29.2124 17.4793 -6.64687 
106.729 30.4348 17.477 -6.64749 
108.919 31.6555 17.4759 -6.64798 
111.109 32.875 17.4763 -6.64827 
113.299 34.0935 17.4779 -6.64858 
115.488 35.3115 17.4805 -6.64882 
117.675 36.5298 17.4839 -6.64872 
119.862 37.7485 17.4875 -6.64863 
122.046 38.9684 17.4911 -6.64854 
124.229 40.1895 17.4943 -6.64818 
126.41 41.4119 17.4969 -6.64785 
128.589 42.636 17.4988 -6.64762 
130.766 43.8617 17.4998 -6.64722 
132.942 45.0894 17.5 -6.64697 
100.135 24.2658 17.4872 -6.6458 
102.325 25.4935 17.4828 -6.64643 
104.516 26.7187 17.4788 -6.64706 
106.706 27.9416 17.4757 -6.64772 
108.897 29.1627 17.4738 -6.64828 
111.088 30.3821 17.4733 -6.64864 
113.279 31.6003 17.4743 -6.64899 
115.468 32.8178 17.4765 -6.64914 
117.657 34.0352 17.4796 -6.64923 
119.844 35.2529 17.4832 -6.64927 
122.03 36.4713 17.4869 -6.64899 
124.214 37.6909 17.4903 -6.64873 
126.396 38.9118 17.4932 -6.64842 
128.576 40.1343 17.4953 -6.64807 
130.754 41.3584 17.4966 -6.64774 
132.93 42.584 17.4971 -6.64747 
135.104 43.8114 17.4968 -6.64729 
137.277 45.0404 17.496 -6.64713 
104.491 24.2244 17.4782 -6.6474 
106.682 25.4478 17.4743 -6.64807 
108.874 26.6692 17.4715 -6.64869 
111.065 27.8887 17.4701 -6.64915 
113.256 29.1068 17.4703 -6.64959 
115.447 30.3239 17.4718 -6.64982 
117.637 31.5403 17.4745 -6.64983 
119.825 32.7571 17.478 -6.64989 
122.011 33.9744 17.4817 -6.64971 
124.196 35.1925 17.4853 -6.64947 
126.379 36.4119 17.4885 -6.64921 
128.56 37.6326 17.4909 -6.64874 
130.739 38.855 17.4925 -6.64837 
132.916 40.0792 17.4933 -6.64806 
135.091 41.3048 17.4934 -6.64783 
137.265 42.5319 17.4928 -6.64759 
139.437 43.7605 17.4919 -6.64745 
141.607 44.9906 17.4906 -6.64751 
108.848 24.1752 17.469 -6.64911 
111.04 25.395 17.4666 -6.64979 
113.232 26.613 17.4658 -6.65023 
115.423 27.8296 17.4666 -6.65049 
117.614 29.0455 17.4687 -6.65074 
119.803 30.2611 17.4718 -6.65076 
121.991 31.4772 17.4754 -6.65059 
124.177 32.694 17.4792 -6.65036 
126.361 33.912 17.4826 -6.64998 
128.543 35.1311 17.4854 -6.64957 
130.723 36.3518 17.4874 -6.64915 
132.901 37.5742 17.4887 -6.64877 
135.077 38.7983 17.4891 -6.64838 
137.251 40.0238 17.489 -6.64808 
139.424 41.2508 17.4884 -6.648 
141.594 42.4792 17.4876 -6.64777 
143.764 43.7091 17.4867 -6.64771 
145.932 44.94 17.4857 -6.6478 
113.205 24.119 17.461 -6.65099 
115.397 25.3353 17.4608 -6.65131 
117.589 26.5505 17.4621 -6.65163 
119.779 27.7652 17.4647 -6.65171 
121.968 28.9799 17.4681 -6.65161 
124.156 30.1954 17.4719 -6.65152 
126.341 31.4117 17.4755 -6.65104 
128.524 32.6294 17.4787 -6.65055 
130.705 33.8487 17.4812 -6.6502 
132.884 35.0693 17.4829 -6.6497 
135.061 36.2917 17.4839 -6.64915 
137.236 37.5156 17.4844 -6.6488 
139.409 38.7411 17.4844 -6.6485 
141.581 39.968 17.4841 -6.64828 
143.751 41.1963 17.4837 -6.64811 
145.919 42.426 17.4833 -6.64794 
148.087 43.6569 17.4829 -6.64788 
150.254 44.8886 17.4826 -6.64788 
117.561 24.0554 17.4549 -6.65259 
119.753 25.2693 17.4568 -6.65266 
121.943 26.483 17.4598 -6.65276 
124.131 27.6969 17.4634 -6.65258 
126.318 28.9117 17.4672 -6.65222 
128.503 30.1276 17.4708 -6.65185 
130.685 31.345 17.4737 -6.65126 
132.865 32.5643 17.476 -6.65063 
135.043 33.7851 17.4777 -6.65017 
137.219 35.0073 17.4788 -6.64972 
139.393 36.2311 17.4796 -6.64912 
141.565 37.4566 17.48 -6.64877 
143.736 38.6837 17.4804 -6.64862 
145.905 39.912 17.4806 -6.6483 
148.073 41.1418 17.4809 -6.64805 
150.24 42.3726 17.4811 -6.64793 
152.407 43.6045 17.4813 -6.64787 
154.572 44.8371 17.4815 -6.64783 
121.915 23.9858 17.4506 -6.65398 
124.104 25.1986 17.454 -6.65374 
126.292 26.4118 17.4578 -6.65342 
128.478 27.6259 17.4616 -6.65313 
130.662 28.8415 17.465 -6.65254 
132.844 30.0589 17.4679 -6.65191 
135.023 31.278 17.4703 -6.65131 
137.2 32.4989 17.4723 -6.65062 
139.375 33.7213 17.4739 -6.6501 
141.548 34.9451 17.4753 -6.64956 
143.719 36.1707 17.4765 -6.64902 
145.889 37.3981 17.4777 -6.64872 
148.058 38.6266 17.4787 -6.64841 
150.226 39.8565 17.4796 -6.64813 
152.392 41.0876 17.4805 -6.64788 
154.559 42.3198 17.4812 -6.6478 
156.724 43.5529 17.4819 -6.64771 
126.264 23.9119 17.4473 -6.65484 
128.451 25.1245 17.4513 -6.65433 
130.636 26.3383 17.4552 -6.6538 
132.819 27.5536 17.4587 -6.65326 
135 28.7709 17.4619 -6.65258 
137.178 29.99 17.4648 -6.65185 
139.355 31.2109 17.4674 -6.65103 
141.529 32.4336 17.4699 -6.65049 
143.701 33.6579 17.4722 -6.64986 
145.872 34.8838 17.4743 -6.64914 
148.041 36.1114 17.4763 -6.64881 
150.21 37.3404 17.478 -6.64841 
152.377 38.5707 17.4796 -6.64806 
154.544 39.8024 17.481 -6.6478 
130.607 23.8351 17.4444 -6.65517 
132.792 25.0487 17.4485 -6.65461 
134.974 26.2639 17.4525 -6.65386 
137.154 27.4812 17.4563 -6.65304 
139.332 28.7005 17.46 -6.65231 
141.507 29.9218 17.4636 -6.65151 
143.681 31.1449 17.4671 -6.65063 
145.853 32.3697 17.4704 -6.64993 
148.023 33.5962 17.4735 -6.64928 
150.192 34.8243 17.4762 -6.64866 
152.361 36.0539 17.4787 -6.64827 
134.945 23.7572 17.4422 -6.6552 
137.127 24.9726 17.4469 -6.65437 
139.306 26.1902 17.4517 -6.65359 
141.483 27.4099 17.4565 -6.65257 
143.658 28.6317 17.4613 -6.65158 
145.832 29.8556 17.4659 -6.6508 
148.003 31.0811 17.4702 -6.64989 
150.173 32.3082 17.4741 -6.64913 
139.277 23.6801 17.4426 -6.65477 
141.456 24.8983 17.4487 -6.65375 
143.633 26.1187 17.4547 -6.6528 
145.808 27.3412 17.4607 -6.65167 
147.981 28.5658 17.4663 -6.65063 
143.605 23.6058 17.4474 -6.65391 
145.781 24.8272 17.4547 -6.65274 
104.751 66.5942 17.4868 -6.64787 
106.937 67.8206 17.4898 -6.64778 
102.553 62.8773 17.4836 -6.64794 
104.739 64.1016 17.4858 -6.64796 
106.925 65.3271 17.4886 -6.6479 
109.11 66.5542 17.4919 -6.6477 
111.293 67.7829 17.4952 -6.64748 
100.355 59.1621 17.4819 -6.64796 
102.542 60.3851 17.483 -6.64799 
104.728 61.6089 17.485 -6.64796 
106.913 62.8339 17.4876 -6.6479 
109.098 64.0602 17.4907 -6.64777 
111.282 65.2881 17.494 -6.64764 
113.465 66.5175 17.4973 -6.64732 
115.647 67.7488 17.5004 -6.64702 
100.343 56.6705 17.4817 -6.6477 
102.53 57.8934 17.4826 -6.64794 
104.716 59.1167 17.4843 -6.64799 
106.902 60.3408 17.4867 -6.64796 
109.087 61.5663 17.4897 -6.6479 
111.271 62.7932 17.4929 -6.64769 
113.454 64.0218 17.4962 -6.64743 
115.636 65.252 17.4994 -6.64728 
117.817 66.4839 17.5022 -6.64704 
119.997 67.7176 17.5046 -6.64669 
98.1445 52.9558 17.4818 -6.64743 
100.331 54.1786 17.4816 -6.64773 
102.518 55.4015 17.4822 -6.64791 
104.705 56.6246 17.4837 -6.64793 
106.891 57.8481 17.4859 -6.64794 
109.076 59.0727 17.4887 -6.64798 
111.261 60.2987 17.4919 -6.64781 
113.444 61.5261 17.4952 -6.6476 
115.626 62.7552 17.4984 -6.64732 
117.807 63.9861 17.5013 -6.64703 
119.987 65.2187 17.5039 -6.64685 
122.166 66.453 17.5059 -6.64672 
124.344 67.6888 17.5074 -6.64666 
95.9456 49.2405 17.4835 -6.64684 
98.1324 50.4642 17.4821 -6.64719 
100.319 51.6873 17.4816 -6.64753 
102.506 52.9099 17.482 -6.64782 
104.693 54.1325 17.4832 -6.64792 
106.879 55.3555 17.4852 -6.64801 
109.065 56.5793 17.4878 -6.64795 
111.25 57.8043 17.4909 -6.64777 
113.433 59.0309 17.4942 -6.64773 
115.616 60.2588 17.4975 -6.64749 
117.797 61.4884 17.5005 -6.64717 
119.977 62.7198 17.5032 -6.64695 
122.156 63.953 17.5053 -6.64677 
124.334 65.1877 17.5069 -6.64657 
126.511 66.4241 17.5081 -6.64651 
128.687 67.6615 17.5088 -6.64644 
95.9331 46.7482 17.4842 -6.64654 
98.1198 47.9725 17.4825 -6.64696 
100.307 49.1958 17.4817 -6.64721 
102.494 50.4184 17.4818 -6.64751 
104.681 51.641 17.4828 -6.6478 
106.868 52.8634 17.4846 -6.6479 
109.054 54.0864 17.487 -6.64787 
111.239 55.3105 17.49 -6.64782 
113.423 56.5359 17.4933 -6.64779 
115.606 57.7627 17.4966 -6.64756 
117.788 58.9911 17.4997 -6.64728 
119.968 60.2213 17.5025 -6.64705 
122.147 61.4532 17.5048 -6.6468 
124.325 62.6868 17.5065 -6.64659 
126.502 63.922 17.5077 -6.64654 
128.678 65.1586 17.5085 -6.64639 
130.853 66.3964 17.5089 -6.64638 
133.026 67.6352 17.5089 -6.64647 
100.294 46.7041 17.4819 -6.64708 
102.482 47.9267 17.4816 -6.64742 
104.669 49.1492 17.4823 -6.6477 
106.856 50.3715 17.4839 -6.64776 
109.042 51.594 17.4862 -6.64781 
111.228 52.8172 17.4891 -6.6479 
113.412 54.0414 17.4923 -6.64775 
115.595 55.2671 17.4957 -6.6475 
117.777 56.4944 17.4989 -6.64732 
119.958 57.7231 17.5018 -6.64712 
122.138 58.9538 17.5042 -6.64688 
124.316 60.1861 17.5061 -6.64668 
126.493 61.4201 17.5074 -6.64646 
128.669 62.6556 17.5082 -6.64643 
130.844 63.8922 17.5086 -6.6464 
133.018 65.1301 17.5086 -6.64643 
135.19 66.369 17.5084 -6.64635 
137.362 67.6085 17.508 -6.64642 
104.656 46.6575 17.482 -6.64751 
106.843 47.8794 17.4833 -6.64775 
109.03 49.1015 17.4854 -6.64784 
111.216 50.324 17.4882 -6.64775 
113.401 51.5474 17.4914 -6.64776 
115.585 52.7721 17.4947 -6.64764 
117.767 53.9981 17.498 -6.64744 
119.949 55.2256 17.501 -6.64711 
122.128 56.4547 17.5035 -6.64681 
124.307 57.6857 17.5055 -6.64671 
126.484 58.9185 17.507 -6.6466 
128.66 60.1526 17.5078 -6.64641 
130.835 61.3881 17.5082 -6.64636 
133.009 62.6249 17.5082 -6.6463 
135.182 63.8628 17.5079 -6.6464 
137.353 65.1015 17.5074 -6.64655 
139.524 66.3407 17.5067 -6.64656 
141.695 67.5806 17.506 -6.64656 
109.017 46.6091 17.4845 -6.6478 
111.204 47.8308 17.4872 -6.64789 
113.39 49.0532 17.4903 -6.64776 
115.574 50.277 17.4936 -6.64766 
117.757 51.502 17.497 -6.64751 
119.939 52.7285 17.5001 -6.64726 
122.119 53.9563 17.5028 -6.64702 
124.298 55.1857 17.5049 -6.64671 
126.475 56.4171 17.5064 -6.64646 
128.651 57.65 17.5074 -6.64642 
130.826 58.8842 17.5077 -6.64635 
133 60.1197 17.5077 -6.64631 
135.173 61.3563 17.5073 -6.64641 
137.345 62.594 17.5066 -6.64649 
139.516 63.8326 17.5058 -6.64655 
141.686 65.0715 17.5049 -6.6467 
143.855 66.3109 17.504 -6.6468 
146.024 67.5507 17.5031 -6.64685 
148.193 68.7908 17.5022 -6.647 
113.377 46.5596 17.489 -6.64777 
115.562 47.782 17.4924 -6.64778 
117.746 49.0058 17.4958 -6.64761 
119.928 50.2311 17.499 -6.6473 
122.109 51.4579 17.5018 -6.64706 
124.288 52.6863 17.5041 -6.64681 
126.466 53.9161 17.5058 -6.64663 
128.642 55.1474 17.5068 -6.64648 
130.817 56.3804 17.5072 -6.64634 
132.991 57.6146 17.5071 -6.64635 
135.164 58.85 17.5066 -6.64636 
137.336 60.0866 17.5058 -6.64646 
139.507 61.324 17.5048 -6.64655 
141.677 62.5621 17.5037 -6.64676 
143.846 63.8007 17.5026 -6.64689 
146.014 65.0396 17.5015 -6.64696 
148.182 66.2787 17.5004 -6.64709 
150.35 67.5182 17.4994 -6.6472 
152.517 68.7576 17.4984 -6.64735 
117.734 46.51 17.4943 -6.64766 
119.917 47.734 17.4977 -6.64756 
122.098 48.9593 17.5006 -6.6473 
124.278 50.1864 17.5031 -6.64693 
126.456 51.415 17.5048 -6.64676 
128.633 52.6454 17.506 -6.64658 
130.809 53.8769 17.5064 -6.6464 
132.982 55.1096 17.5063 -6.64635 
135.155 56.3438 17.5057 -6.64644 
137.327 57.5791 17.5048 -6.64643 
139.498 58.8154 17.5037 -6.6466 
141.668 60.0524 17.5024 -6.64678 
143.837 61.29 17.5011 -6.64688 
146.005 62.5281 17.4998 -6.64707 
148.173 63.7664 17.4985 -6.64726 
150.34 65.0049 17.4973 -6.64737 
152.506 66.2436 17.4962 -6.64749 
154.673 67.4822 17.4952 -6.64762 
156.839 68.7207 17.4942 -6.64772 
122.087 46.4612 17.4991 -6.64739 
124.267 47.6867 17.5017 -6.64713 
126.446 48.9139 17.5036 -6.64692 
128.623 50.1428 17.5049 -6.64662 
130.799 51.3732 17.5054 -6.64653 
132.973 52.605 17.5053 -6.6466 
135.146 53.8377 17.5047 -6.64642 
137.318 55.0716 17.5037 -6.64648 
139.489 56.3067 17.5024 -6.64668 
141.658 57.5426 17.501 -6.64676 
143.827 58.7792 17.4995 -6.64693 
145.995 60.0162 17.498 -6.64715 
148.163 61.2536 17.4966 -6.64732 
150.33 62.4913 17.4952 -6.64742 
152.496 63.7293 17.494 -6.64767 
154.662 64.9673 17.4929 -6.64772 
156.827 66.2051 17.4919 -6.64775 
158.993 67.4428 17.4909 -6.64786 
161.158 68.6802 17.49 -6.64787 
126.435 46.4131 17.502 -6.64706 
128.613 47.6404 17.5034 -6.64686 
130.789 48.8693 17.504 -6.64672 
132.964 50.0998 17.504 -6.64655 
135.137 51.3316 17.5033 -6.64657 
137.309 52.5643 17.5023 -6.6467 
139.48 53.7979 17.5009 -6.6467 
141.649 55.0326 17.4994 -6.64678 
143.818 56.268 17.4977 -6.647 
145.986 57.5041 17.4961 -6.64718 
148.153 58.7406 17.4946 -6.64741 
150.32 59.9774 17.4932 -6.64759 
152.486 61.2145 17.4919 -6.64767 
154.651 62.452 17.4907 -6.64784 
156.816 63.6893 17.4896 -6.64791 
158.981 64.9265 17.4887 -6.64798 
161.146 66.1633 17.4878 -6.64793 
163.311 67.3999 17.487 -6.64784 
165.475 68.6362 17.4862 -6.64786 
130.778 46.3657 17.5022 -6.64689 
132.953 47.5946 17.5022 -6.64677 
135.127 48.8249 17.5017 -6.6467 
137.299 50.0566 17.5006 -6.64672 
139.47 51.2892 17.4992 -6.64688 
141.64 52.5225 17.4976 -6.64693 
143.808 53.7567 17.4959 -6.64714 
145.976 54.9917 17.4942 -6.6473 
148.143 56.2272 17.4926 -6.64736 
150.309 57.4633 17.4912 -6.6477 
152.475 58.6995 17.4898 -6.64778 
154.641 59.9361 17.4886 -6.64784 
156.806 61.173 17.4876 -6.64795 
158.97 62.4097 17.4867 -6.64794 
161.135 63.6463 17.4859 -6.64801 
163.299 64.8824 17.4852 -6.64794 
165.463 66.1182 17.4846 -6.64783 
167.627 67.3541 17.4839 -6.64782 
169.792 68.5892 17.4833 -6.64771 
135.116 46.3184 17.4995 -6.64695 
137.289 47.5485 17.4985 -6.64698 
139.46 48.7798 17.4971 -6.64694 
141.63 50.0122 17.4955 -6.64711 
143.798 51.2453 17.4939 -6.64728 
145.966 52.4791 17.4922 -6.64738 
148.133 53.7136 17.4907 -6.64758 
150.299 54.9487 17.4892 -6.64764 
152.465 56.1843 17.4879 -6.64779 
154.63 57.4202 17.4868 -6.64791 
156.795 58.6563 17.4858 -6.64799 
158.959 59.8925 17.485 -6.64798 
161.123 61.1288 17.4843 -6.64795 
163.287 62.3648 17.4837 -6.64805 
165.451 63.6005 17.4832 -6.648 
167.615 64.8359 17.4827 -6.64777 
169.779 66.0712 17.4824 -6.64767 
139.449 46.2705 17.4947 -6.64718 
141.619 47.5014 17.4933 -6.6473 
143.788 48.7335 17.4917 -6.64738 
145.956 49.9664 17.4902 -6.64744 
148.123 51.2 17.4887 -6.64766 
150.289 52.4341 17.4874 -6.64775 
152.454 53.6688 17.4862 -6.64777 
154.619 54.904 17.4852 -6.64788 
156.784 56.1394 17.4843 -6.64789 
158.948 57.3752 17.4836 -6.64798 
161.112 58.6109 17.483 -6.64798 
163.276 59.8468 17.4826 -6.64789 
165.44 61.0827 17.4822 -6.64791 
167.603 62.3181 17.482 -6.64778 
143.776 46.2215 17.4893 -6.6475 
145.944 47.4533 17.488 -6.64766 
148.112 48.6859 17.4868 -6.6477 
150.278 49.9193 17.4857 -6.64773 
152.443 51.1532 17.4847 -6.64783 
154.608 52.3876 17.4839 -6.64789 
156.773 53.6223 17.4832 -6.64785 
158.937 54.8576 17.4826 -6.64788 
161.101 56.0931 17.4822 -6.648 
163.265 57.3287 17.4819 -6.64788 
165.428 58.5644 17.4817 -6.64774 
148.1 46.1716 17.4849 -6.64781 
150.266 47.4041 17.4841 -6.64779 
152.432 48.6372 17.4834 -6.64781 
154.597 49.871 17.4828 -6.64785 
156.761 51.1052 17.4824 -6.64789 
158.925 52.3398 17.482 -6.64786 
161.089 53.575 17.4818 -6.64779 
163.253 54.8107 17.4816 -6.64779 
152.42 46.121 17.4823 -6.64792 
154.585 47.354 17.482 -6.64778 
156.75 48.5879 17.4819 -6.64776 
158.914 49.8223 17.4818 -6.64785 
161.078 51.0571 17.4818 -6.64775 
156.737 46.0704 17.4817 -6.64779 
158.902 47.3045 17.482 -6.64767 
117.94 88.9774 17.5074 -6.64647 
120.122 90.22 17.5069 -6.64652 
122.304 91.4638 17.5061 -6.64663 
115.739 85.2366 17.5071 -6.64629 
117.921 86.4768 17.5077 -6.64635 
120.103 87.7184 17.5078 -6.64638 
122.284 88.9615 17.5074 -6.64652 
124.465 90.2056 17.5065 -6.64668 
126.646 91.4507 17.5053 -6.64671 
113.541 81.4996 17.5048 -6.6464 
115.723 82.7372 17.5066 -6.64643 
117.904 83.9766 17.5077 -6.64634 
120.085 85.2174 17.5082 -6.64641 
122.266 86.4595 17.5082 -6.64636 
124.446 87.7029 17.5077 -6.64654 
126.626 88.9473 17.5069 -6.64664 
128.806 90.1927 17.5059 -6.64665 
130.986 91.4387 17.5046 -6.64688 
111.343 77.7666 17.501 -6.64683 
113.526 79.0015 17.5037 -6.64651 
115.708 80.2383 17.5058 -6.64651 
117.889 81.4766 17.5073 -6.64629 
120.069 82.7164 17.5082 -6.64638 
122.249 83.9578 17.5086 -6.64643 
124.429 85.2004 17.5085 -6.6464 
126.608 86.4442 17.5081 -6.64649 
128.787 87.6888 17.5074 -6.64654 
130.966 88.9341 17.5064 -6.64665 
133.145 90.1803 17.5053 -6.6467 
135.323 91.427 17.504 -6.64668 
109.146 74.0381 17.4961 -6.64727 
111.33 75.27 17.4995 -6.64688 
113.512 76.5038 17.5024 -6.6468 
115.694 77.7395 17.5048 -6.64657 
117.875 78.9769 17.5066 -6.64655 
120.055 80.2159 17.5079 -6.64636 
122.235 81.4564 17.5086 -6.64636 
124.413 82.6981 17.5089 -6.64634 
126.592 83.9412 17.5088 -6.64646 
128.77 85.1852 17.5084 -6.64655 
130.948 86.4297 17.5078 -6.6464 
133.126 87.6753 17.507 -6.6466 
135.304 88.9213 17.506 -6.64663 
137.482 90.1677 17.5049 -6.64678 
139.659 91.4145 17.5037 -6.64659 
106.949 70.3143 17.4912 -6.64764 
109.133 71.5432 17.4946 -6.64735 
111.317 72.7739 17.498 -6.64711 
113.499 74.0064 17.5011 -6.64694 
115.681 75.241 17.5037 -6.64673 
117.862 76.4775 17.5058 -6.64659 
120.042 77.7156 17.5074 -6.64641 
122.221 78.9551 17.5084 -6.64644 
124.399 80.1962 17.5089 -6.64633 
126.577 81.4383 17.5091 -6.64641 
128.755 82.6814 17.509 -6.64641 
130.932 83.9256 17.5087 -6.64646 
133.109 85.1702 17.5082 -6.64645 
135.286 86.4155 17.5075 -6.6465 
137.463 87.6615 17.5067 -6.64656 
139.64 88.9078 17.5058 -6.64648 
141.816 90.1542 17.5048 -6.64675 
143.993 91.4007 17.5037 -6.64647 
109.121 69.0485 17.4932 -6.6476 
111.305 70.2781 17.4966 -6.64743 
113.487 71.5096 17.4998 -6.64709 
115.669 72.7432 17.5026 -6.64691 
117.85 73.9785 17.5049 -6.64663 
120.029 75.2155 17.5067 -6.64654 
122.208 76.4541 17.508 -6.64651 
124.387 77.6942 17.5088 -6.64639 
126.564 78.9355 17.5092 -6.64642 
128.741 80.1779 17.5093 -6.6464 
130.918 81.4212 17.5092 -6.64636 
133.094 82.6652 17.5089 -6.64645 
135.27 83.91 17.5085 -6.64655 
137.446 85.1552 17.508 -6.64631 
139.622 86.4008 17.5074 -6.6465 
141.798 87.6468 17.5066 -6.64653 
143.974 88.8928 17.5058 -6.64636 
146.149 90.139 17.5048 -6.6466 
148.325 91.385 17.5037 -6.64648 
113.476 69.0134 17.4985 -6.64721 
115.658 70.2457 17.5015 -6.64693 
117.838 71.48 17.504 -6.64678 
120.018 72.7159 17.506 -6.6467 
122.197 73.9535 17.5075 -6.64642 
124.375 75.1924 17.5085 -6.64647 
126.552 76.4328 17.5091 -6.64633 
128.729 77.6744 17.5094 -6.64638 
130.905 78.9168 17.5095 -6.6464 
133.08 80.1602 17.5094 -6.64637 
135.256 81.4042 17.5091 -6.64646 
137.431 82.6488 17.5088 -6.64629 
139.606 83.894 17.5084 -6.6465 
141.781 85.1393 17.5079 -6.64638 
143.955 86.3847 17.5073 -6.64632 
146.13 87.6303 17.5066 -6.64645 
148.305 88.8758 17.5057 -6.64632 
150.48 90.1214 17.5047 -6.64649 
152.655 91.3664 17.5033 -6.64661 
117.827 68.9818 17.5031 -6.64695 
120.007 70.2166 17.5053 -6.64671 
122.186 71.453 17.507 -6.6466 
124.364 72.6909 17.5082 -6.64643 
126.541 73.9304 17.5089 -6.64645 
128.717 75.1708 17.5094 -6.64638 
130.893 76.4125 17.5096 -6.64642 
133.068 77.6551 17.5096 -6.64647 
135.243 78.8983 17.5094 -6.6463 
137.417 80.1423 17.5092 -6.64641 
139.591 81.3868 17.5089 -6.64646 
141.765 82.6316 17.5086 -6.64633 
143.939 83.8765 17.5082 -6.64635 
146.113 85.1213 17.5077 -6.64636 
148.286 86.3663 17.5071 -6.64634 
150.46 87.6113 17.5063 -6.64638 
152.634 88.8559 17.5053 -6.64644 
154.809 90.1003 17.504 -6.64665 
156.983 91.3437 17.5022 -6.64668 
122.175 68.9529 17.5064 -6.64659 
124.353 70.1898 17.5078 -6.64649 
126.53 71.428 17.5087 -6.6465 
128.706 72.6676 17.5092 -6.64637 
130.881 73.9083 17.5095 -6.64639 
133.056 75.1499 17.5096 -6.6465 
135.231 76.3924 17.5095 -6.64626 
137.404 77.6357 17.5093 -6.64648 
139.578 78.8794 17.5091 -6.6464 
141.751 80.1236 17.5089 -6.64624 
143.924 81.368 17.5086 -6.64656 
146.097 82.6122 17.5082 -6.64633 
148.269 83.8565 17.5077 -6.64631 
150.442 85.1008 17.5072 -6.6464 
152.615 86.3451 17.5064 -6.64641 
154.788 87.5888 17.5054 -6.64657 
156.962 88.8321 17.504 -6.64663 
159.135 90.0745 17.5022 -6.64689 
161.309 91.3162 17.4998 -6.64725 
126.52 68.9259 17.5084 -6.64635 
128.696 70.1645 17.509 -6.64646 
130.871 71.4042 17.5093 -6.64649 
133.046 72.6449 17.5094 -6.64626 
135.219 73.8866 17.5094 -6.64646 
137.393 75.1288 17.5092 -6.64645 
139.566 76.3718 17.509 -6.64634 
141.738 77.6154 17.5088 -6.64645 
143.91 78.859 17.5085 -6.64644 
146.082 80.1028 17.5082 -6.64637 
148.254 81.3465 17.5078 -6.64648 
150.426 82.5901 17.5074 -6.64643 
152.597 83.8337 17.5068 -6.64641 
154.769 85.077 17.506 -6.64652 
156.942 86.3198 17.5049 -6.64669 
159.114 87.5619 17.5034 -6.64684 
161.286 88.8032 17.5014 -6.64714 
163.459 90.0433 17.4987 -6.6475 
165.633 91.2825 17.4953 -6.64805 
130.862 68.9003 17.5091 -6.64632 
133.036 70.1401 17.5092 -6.64634 
135.209 71.3807 17.5091 -6.64652 
137.382 72.6221 17.5089 -6.64636 
139.554 73.8641 17.5087 -6.64635 
141.726 75.1067 17.5084 -6.64655 
143.898 76.3498 17.5081 -6.64644 
146.069 77.593 17.5077 -6.64653 
148.24 78.836 17.5074 -6.64656 
150.411 80.0791 17.5069 -6.64646 
152.582 81.3221 17.5064 -6.64659 
154.752 82.5648 17.5058 -6.64657 
156.923 83.807 17.5049 -6.64674 
159.094 85.0486 17.5036 -6.64687 
161.266 86.2895 17.502 -6.64702 
163.437 87.5295 17.4998 -6.64745 
165.609 88.7683 17.4969 -6.64783 
167.781 90.0057 17.4932 -6.64838 
169.955 91.2418 17.4885 -6.64915 
135.2 68.8749 17.5088 -6.64639 
137.372 70.1153 17.5085 -6.64641 
139.544 71.3565 17.5082 -6.64648 
141.715 72.5981 17.5078 -6.64649 
143.886 73.8402 17.5074 -6.64654 
146.057 75.0827 17.5069 -6.6466 
148.227 76.3253 17.5065 -6.64665 
150.397 77.5677 17.5061 -6.64668 
152.567 78.8099 17.5055 -6.64664 
154.737 80.0521 17.5049 -6.64673 
156.906 81.2938 17.5041 -6.6468 
159.076 82.5349 17.5031 -6.64696 
161.247 83.7752 17.5017 -6.64713 
163.417 85.0148 17.4999 -6.64742 
165.587 86.2534 17.4974 -6.64772 
167.758 87.4908 17.4943 -6.64813 
169.93 88.7267 17.4903 -6.64876 
172.102 89.961 17.4853 -6.64946 
174.276 91.1937 17.4792 -6.65039 
139.534 68.8487 17.5075 -6.64658 
141.705 70.0894 17.507 -6.64657 
143.875 71.3306 17.5064 -6.64656 
146.045 72.5723 17.5059 -6.64674 
148.215 73.8141 17.5053 -6.64678 
150.384 75.0558 17.5048 -6.64676 
152.553 76.2975 17.5042 -6.64687 
154.722 77.5389 17.5035 -6.64692 
156.891 78.78 17.5028 -6.64695 
159.06 80.0206 17.5018 -6.64706 
161.229 81.2605 17.5006 -6.6473 
163.398 82.4997 17.4991 -6.64741 
165.567 83.7379 17.4971 -6.64769 
167.737 84.9752 17.4945 -6.6481 
169.907 86.2108 17.4911 -6.6484 
172.078 87.4451 17.4869 -6.64899 
174.25 88.6779 17.4817 -6.64975 
176.422 89.909 17.4754 -6.65068 
178.596 91.1377 17.4681 -6.65162 
143.865 68.8209 17.5053 -6.64674 
146.034 70.0615 17.5046 -6.64678 
148.204 71.3026 17.5039 -6.6468 
150.372 72.5436 17.5032 -6.647 
152.541 73.7846 17.5025 -6.64705 
154.709 75.0252 17.5018 -6.64698 
156.877 76.2656 17.501 -6.64712 
159.045 77.5057 17.5001 -6.64727 
161.213 78.7454 17.499 -6.64734 
163.381 79.9841 17.4977 -6.6475 
165.549 81.222 17.496 -6.64767 
167.718 82.4589 17.4938 -6.64788 
169.886 83.6946 17.491 -6.64828 
172.056 84.9288 17.4875 -6.64867 
174.226 86.1616 17.4832 -6.64916 
176.397 87.3928 17.478 -6.64984 
178.569 88.6223 17.4717 -6.65074 
180.743 89.8495 17.4647 -6.65169 
182.918 91.0743 17.4568 -6.6527 
150.361 70.031 17.5013 -6.6471 
152.529 71.2712 17.5005 -6.64715 
154.696 72.5112 17.4997 -6.6473 
156.863 73.7509 17.4989 -6.64735 
159.03 74.9904 17.498 -6.64739 
161.198 76.2296 17.497 -6.64751 
163.365 77.468 17.4958 -6.64761 
165.532 78.7057 17.4943 -6.64772 
167.7 79.9423 17.4925 -6.6479 
169.867 81.1778 17.4902 -6.64808 
172.036 82.4121 17.4874 -6.64834 
174.205 83.6449 17.4839 -6.64874 
176.374 84.8762 17.4796 -6.64926 
178.545 86.106 17.4745 -6.64986 
180.717 87.3341 17.4687 -6.65077 
182.89 88.5599 17.4621 -6.65157 
154.684 69.9968 17.4975 -6.64745 
156.851 71.236 17.4966 -6.64754 
159.017 72.4748 17.4957 -6.64754 
161.184 73.7133 17.4947 -6.64757 
163.35 74.9515 17.4936 -6.64768 
165.516 76.1888 17.4924 -6.64774 
167.683 77.4253 17.4909 -6.64784 
169.85 78.6606 17.489 -6.64789 
172.017 79.895 17.4867 -6.64814 
174.185 81.1279 17.4839 -6.64845 
176.353 82.3594 17.4805 -6.64866 
178.523 83.5896 17.4765 -6.64922 
180.693 84.8181 17.4718 -6.64977 
159.005 69.9589 17.4933 -6.64773 
161.17 71.1969 17.4923 -6.64774 
163.336 72.4345 17.4914 -6.64775 
165.502 73.6715 17.4903 -6.64776 
167.668 74.9079 17.489 -6.6478 
169.834 76.1432 17.4875 -6.64795 
172 77.3774 17.4857 -6.64797 
174.167 78.6106 17.4836 -6.64804 
176.334 79.8426 17.481 -6.64838 
178.503 81.073 17.4779 -6.64864 
163.323 69.9173 17.4891 -6.64782 
165.488 71.154 17.4882 -6.6478 
167.653 72.3899 17.4872 -6.64773 
169.819 73.6253 17.486 -6.64782 
171.985 74.8599 17.4846 -6.64787 
174.151 76.0931 17.483 -6.64792 
176.317 77.3255 17.4811 -6.64796 
167.64 69.872 17.4854 -6.64785 
169.805 71.1072 17.4845 -6.64771 
171.97 72.3418 17.4835 -6.64767 
174.135 73.5757 17.4824 -6.64777 
171.956 69.8238 17.4826 -6.64762 
131.211 111.478 17.4826 -6.64787 
133.398 112.727 17.4819 -6.64791 
135.584 113.976 17.4816 -6.64775 
128.992 107.723 17.4859 -6.64795 
131.177 108.972 17.4843 -6.64791 
133.363 110.222 17.483 -6.64804 
135.55 111.471 17.4822 -6.6479 
137.735 112.72 17.4818 -6.64788 
139.922 113.969 17.4818 -6.64771 
126.774 103.97 17.4909 -6.64785 
128.959 105.219 17.4887 -6.6479 
131.145 106.467 17.4867 -6.64795 
133.33 107.716 17.485 -6.64803 
135.516 108.965 17.4836 -6.64791 
137.701 110.215 17.4826 -6.64802 
139.887 111.463 17.482 -6.64783 
142.073 112.712 17.4818 -6.6478 
144.26 113.961 17.482 -6.64764 
124.56 100.219 17.4966 -6.64757 
126.745 101.466 17.4942 -6.64765 
128.929 102.714 17.4919 -6.64779 
131.113 103.962 17.4896 -6.64787 
133.298 105.211 17.4876 -6.64794 
135.483 106.46 17.4858 -6.64786 
137.668 107.709 17.4843 -6.64806 
139.853 108.958 17.4832 -6.64787 
142.039 110.207 17.4824 -6.64784 
144.225 111.455 17.4819 -6.64781 
146.411 112.703 17.4817 -6.64777 
148.598 113.95 17.4818 -6.64765 
122.35 96.4691 17.5018 -6.64707 
124.533 97.7152 17.4997 -6.6473 
126.717 98.9619 17.4975 -6.64737 
128.9 100.209 17.4952 -6.64771 
131.084 101.457 17.4929 -6.64767 
133.268 102.706 17.4907 -6.64783 
135.451 103.955 17.4886 -6.64787 
137.635 105.203 17.4868 -6.64795 
139.82 106.452 17.4852 -6.64787 
142.005 107.701 17.4839 -6.64787 
144.19 108.949 17.4828 -6.64786 
146.376 110.197 17.482 -6.64779 
148.562 111.445 17.4815 -6.64781 
150.749 112.692 17.4812 -6.64775 
152.936 113.938 17.481 -6.64788 
120.143 92.7218 17.5055 -6.64668 
122.326 93.9663 17.5042 -6.64683 
124.508 95.2118 17.5025 -6.64706 
126.691 96.458 17.5005 -6.64713 
128.873 97.705 17.4984 -6.64736 
131.056 98.9526 17.4962 -6.64748 
133.239 100.201 17.494 -6.64764 
135.422 101.449 17.4919 -6.64768 
137.605 102.698 17.4898 -6.6478 
139.788 103.946 17.4879 -6.64778 
141.972 105.195 17.4862 -6.64784 
144.156 106.443 17.4847 -6.64783 
146.341 107.691 17.4834 -6.64776 
148.526 108.939 17.4823 -6.64791 
150.712 110.186 17.4813 -6.64776 
152.898 111.432 17.4805 -6.64802 
155.086 112.677 17.4796 -6.64801 
157.274 113.921 17.4787 -6.64832 
124.486 92.7085 17.5048 -6.64684 
126.667 93.9543 17.5032 -6.64696 
128.849 95.2007 17.5013 -6.64703 
131.03 96.4479 17.4994 -6.64728 
133.212 97.6956 17.4973 -6.64728 
135.394 98.9437 17.4952 -6.64747 
137.576 100.192 17.4932 -6.64765 
139.758 101.44 17.4911 -6.64766 
141.941 102.688 17.4892 -6.64761 
144.124 103.937 17.4874 -6.64776 
146.308 105.185 17.4857 -6.64767 
148.492 106.432 17.4841 -6.64792 
150.677 107.679 17.4826 -6.64772 
152.862 108.926 17.4811 -6.64799 
155.048 110.171 17.4796 -6.64807 
157.235 111.415 17.4781 -6.64846 
159.423 112.658 17.4762 -6.64869 
161.611 113.9 17.4741 -6.64921 
128.826 92.6966 17.5038 -6.64686 
131.007 93.9433 17.5022 -6.64706 
133.188 95.1905 17.5004 -6.64695 
135.368 96.4381 17.4985 -6.64732 
137.549 97.6859 17.4966 -6.64728 
139.73 98.9339 17.4946 -6.64746 
141.912 100.182 17.4926 -6.64741 
144.094 101.43 17.4907 -6.64764 
146.276 102.678 17.4887 -6.64748 
148.459 103.925 17.4868 -6.64784 
150.643 105.172 17.4849 -6.64761 
152.827 106.419 17.4829 -6.64799 
155.011 107.664 17.4809 -6.6481 
157.197 108.909 17.4787 -6.64839 
159.384 110.152 17.4763 -6.64878 
161.571 111.394 17.4735 -6.64928 
163.76 112.634 17.4702 -6.64987 
165.949 113.872 17.4663 -6.65065 
133.165 92.6854 17.5031 -6.64684 
135.345 93.9326 17.5015 -6.647 
137.525 95.18 17.4998 -6.64703 
139.705 96.4276 17.498 -6.64718 
141.885 97.6753 17.4961 -6.64718 
144.066 98.9231 17.4942 -6.64738 
146.247 100.171 17.4922 -6.64722 
148.428 101.418 17.4902 -6.64769 
150.61 102.665 17.488 -6.64742 
152.793 103.911 17.4857 -6.64787 
154.976 105.157 17.4833 -6.64796 
157.16 106.401 17.4806 -6.64828 
159.345 107.645 17.4777 -6.64879 
161.532 108.887 17.4743 -6.64925 
163.719 110.127 17.4704 -6.64985 
165.907 111.366 17.4659 -6.65074 
168.096 112.603 17.4606 -6.65169 
170.286 113.837 17.4546 -6.65265 
137.502 92.6739 17.5026 -6.64696 
139.681 93.9211 17.5011 -6.64688 
141.86 95.1684 17.4995 -6.6469 
144.039 96.4158 17.4977 -6.64706 
146.219 97.6633 17.4959 -6.64703 
148.399 98.9104 17.4939 -6.64732 
150.58 100.157 17.4917 -6.64728 
152.761 101.403 17.4893 -6.64758 
154.943 102.649 17.4867 -6.6477 
157.125 103.893 17.4837 -6.64815 
159.309 105.137 17.4804 -6.64856 
161.493 106.379 17.4765 -6.64908 
163.679 107.62 17.4722 -6.64979 
165.865 108.859 17.4671 -6.65063 
168.053 110.096 17.4613 -6.65162 
170.242 111.33 17.4548 -6.65271 
172.432 112.562 17.4474 -6.65394 
174.624 113.791 17.4394 -6.65518 
141.837 92.6614 17.5024 -6.64682 
144.015 93.9084 17.501 -6.6468 
146.193 95.1555 17.4994 -6.64683 
148.372 96.4023 17.4976 -6.64694 
150.552 97.6488 17.4956 -6.64713 
152.731 98.8948 17.4933 -6.64723 
154.911 100.14 17.4906 -6.64748 
157.092 101.385 17.4876 -6.64788 
159.274 102.628 17.4841 -6.64822 
161.457 103.871 17.4801 -6.64883 
163.641 105.112 17.4753 -6.64958 
165.825 106.351 17.4699 -6.65045 
168.011 107.588 17.4637 -6.65143 
170.199 108.823 17.4565 -6.65252 
172.387 110.056 17.4486 -6.65384 
174.577 111.285 17.4402 -6.65505 
176.768 112.512 17.431 -6.6563 
178.961 113.735 17.4215 -6.6576 
146.17 92.6474 17.5024 -6.64663 
148.348 93.894 17.5009 -6.64672 
150.525 95.1401 17.4992 -6.64687 
152.704 96.3857 17.4971 -6.64691 
154.882 97.6309 17.4947 -6.6472 
157.062 98.8754 17.4919 -6.64753 
159.242 100.119 17.4884 -6.64791 
161.423 101.361 17.4844 -6.64851 
163.604 102.602 17.4796 -6.64919 
165.787 103.842 17.474 -6.65006 
167.971 105.079 17.4674 -6.65111 
170.157 106.315 17.46 -6.65223 
172.343 107.548 17.4518 -6.65356 
174.531 108.778 17.4426 -6.65479 
176.721 110.005 17.433 -6.65617 
178.912 111.229 17.423 -6.65736 
181.104 112.45 17.4126 -6.65852 
183.298 113.668 17.402 -6.65969 
150.501 92.6309 17.5023 -6.64663 
152.678 93.8764 17.5006 -6.64676 
154.856 95.1211 17.4985 -6.64687 
157.033 96.3655 17.496 -6.64725 
159.211 97.6088 17.4928 -6.64759 
161.39 98.8511 17.489 -6.6481 
163.57 100.092 17.4844 -6.64883 
165.751 101.332 17.4788 -6.64958 
167.933 102.569 17.4723 -6.65067 
170.117 103.805 17.4648 -6.65183 
172.301 105.038 17.4562 -6.65301 
174.487 106.269 17.4469 -6.65449 
176.675 107.497 17.4369 -6.65578 
178.864 108.722 17.4263 -6.657 
181.055 109.943 17.4153 -6.65841 
183.247 111.162 17.4042 -6.65943 
185.441 112.377 17.3927 -6.6606 
187.636 113.589 17.3812 -6.66166 
154.831 92.611 17.5017 -6.64667 
157.007 93.8549 17.4995 -6.64692 
159.184 95.0981 17.4968 -6.64729 
161.361 96.3401 17.4934 -6.64781 
163.539 97.581 17.4891 -6.64839 
165.718 98.8205 17.4839 -6.64917 
167.898 100.058 17.4777 -6.65016 
170.079 101.294 17.4703 -6.65129 
172.262 102.528 17.4619 -6.65251 
174.445 103.759 17.4525 -6.65389 
176.631 104.988 17.4422 -6.65525 
178.818 106.213 17.4313 -6.65659 
181.006 107.435 17.4201 -6.65785 
183.197 108.655 17.4083 -6.65912 
185.389 109.87 17.3963 -6.66032 
187.582 111.083 17.3842 -6.66141 
189.777 112.292 17.372 -6.66254 
191.973 113.5 17.3609 -6.66365 
159.158 92.5866 17.5 -6.64709 
161.334 93.8285 17.4971 -6.6475 
163.51 95.0691 17.4933 -6.64799 
165.687 96.3086 17.4887 -6.64882 
167.865 97.5466 17.4829 -6.64965 
170.044 98.7826 17.476 -6.65069 
172.224 100.017 17.4679 -6.65191 
174.406 101.248 17.4587 -6.65323 
176.589 102.477 17.4485 -6.65459 
178.774 103.703 17.4376 -6.65598 
180.96 104.926 17.426 -6.65734 
183.148 106.146 17.4142 -6.65858 
185.338 107.363 17.402 -6.65978 
187.53 108.576 17.3895 -6.66105 
189.723 109.786 17.377 -6.66217 
191.918 110.994 17.365 -6.66321 
194.114 112.201 17.3545 -6.66427 
196.311 113.405 17.3474 -6.66503 
163.483 92.5567 17.4966 -6.64772 
165.659 93.7958 17.4925 -6.64842 
167.835 95.0338 17.4875 -6.64912 
170.012 96.27 17.4812 -6.65015 
172.19 97.5041 17.4737 -6.65128 
174.369 98.7359 17.465 -6.65254 
176.55 99.9651 17.4552 -6.65384 
178.732 101.192 17.4444 -6.65519 
180.916 102.416 17.4329 -6.65654 
183.102 103.637 17.4212 -6.65783 
185.29 104.854 17.4089 -6.65917 
187.48 106.068 17.3967 -6.66034 
189.671 107.28 17.3843 -6.66149 
191.865 108.489 17.3721 -6.66264 
194.059 109.695 17.3609 -6.66368 
196.255 110.9 17.3523 -6.66447 
167.807 92.5201 17.4909 -6.64873 
169.982 93.7563 17.4854 -6.64958 
172.158 94.9907 17.4787 -6.65067 
174.335 96.2228 17.4707 -6.65181 
176.514 97.4523 17.4616 -6.65303 
178.694 98.6795 17.4513 -6.65439 
180.875 99.904 17.4403 -6.65568 
183.059 101.126 17.4286 -6.65703 
185.244 102.344 17.4168 -6.65826 
187.432 103.56 17.405 -6.65946 
189.621 104.772 17.393 -6.66065 
191.813 105.982 17.3814 -6.66176 
194.006 107.189 17.3704 -6.66282 
172.129 92.4763 17.4826 -6.64999 
174.304 93.7087 17.4755 -6.65107 
176.481 94.9388 17.4672 -6.65226 
178.658 96.1664 17.4578 -6.65359 
180.838 97.3913 17.4474 -6.65473 
183.019 98.6138 17.4363 -6.65605 
185.202 99.8334 17.4251 -6.65736 
187.387 101.05 17.4136 -6.65855 
189.574 102.264 17.4025 -6.65963 
191.764 103.475 17.3918 -6.66061 
176.45 92.4243 17.4718 -6.65145 
178.626 93.6525 17.4634 -6.65255 
180.803 94.8782 17.4539 -6.65387 
182.982 96.1012 17.4438 -6.65514 
185.163 97.3216 17.4332 -6.65622 
187.345 98.5394 17.4225 -6.65746 
189.53 99.7544 17.4123 -6.65857 
180.771 92.3642 17.4597 -6.65276 
182.948 93.5881 17.4506 -6.65403 
185.127 94.8094 17.441 -6.65516 
187.307 96.028 17.4313 -6.65633 
185.094 92.2966 17.4483 -6.65394 
