12.678 21.0674 17.4584 -6.7609 
14.856 22.2888 17.4677 -6.76286 
10.4613 17.3376 17.4397 -6.75712 
12.6434 18.555 17.4501 -6.75924 
14.8237 19.7754 17.4605 -6.76129 
17.0018 20.9984 17.4706 -6.76327 
19.1783 22.2239 17.48 -6.76531 
8.23485 13.6137 17.4193 -6.75303 
10.4214 14.8272 17.4302 -6.75517 
12.6057 16.0435 17.4413 -6.75749 
14.788 17.2626 17.4527 -6.75969 
16.9683 18.4847 17.4638 -6.76196 
19.1471 19.7096 17.4743 -6.7642 
21.3241 20.9371 17.4839 -6.76622 
23.4995 22.1667 17.4924 -6.7682 
5.99824 9.89546 17.3975 -6.74885 
8.18911 11.1052 17.409 -6.75108 
10.3781 12.3175 17.4208 -6.75338 
12.5646 13.5327 17.4326 -6.75572 
14.7491 14.7508 17.4446 -6.75814 
16.9319 15.972 17.4563 -6.76056 
19.1127 17.1961 17.4677 -6.76296 
21.2918 18.4229 17.4782 -6.76523 
23.4695 19.6521 17.4877 -6.76737 
25.6456 20.8838 17.496 -6.76933 
27.8206 22.1173 17.5029 -6.77104 
3.75293 6.18214 17.3757 -6.745 
5.94735 7.38883 17.3868 -6.74699 
8.14038 8.59737 17.3991 -6.74921 
10.3315 9.80865 17.4116 -6.75156 
12.5203 11.0227 17.4242 -6.75404 
14.7072 12.2398 17.4365 -6.75658 
16.8922 13.46 17.4487 -6.7591 
19.0752 14.6834 17.4606 -6.76162 
21.2567 15.9097 17.4717 -6.764 
23.4366 17.1385 17.482 -6.76642 
25.6149 18.3697 17.4911 -6.7685 
27.7918 19.6033 17.499 -6.77046 
29.9678 20.8388 17.5056 -6.77209 
32.1431 22.076 17.5109 -6.77361 
1.50227 2.47225 17.3598 -6.74238 
3.69875 3.67681 17.3671 -6.74353 
5.89442 4.88266 17.3777 -6.74536 
8.08897 6.09036 17.3902 -6.74753 
10.2819 7.30062 17.4033 -6.75006 
12.473 8.51372 17.4163 -6.75249 
14.6623 9.72982 17.429 -6.75506 
16.8495 10.9492 17.4413 -6.75767 
19.035 12.1719 17.4533 -6.76025 
21.2186 13.3975 17.4648 -6.76277 
23.4008 14.6259 17.4756 -6.76525 
25.5814 15.8568 17.4854 -6.76752 
27.7606 17.0902 17.494 -6.76961 
29.9387 18.3257 17.5013 -6.77146 
32.1154 19.563 17.5074 -6.7731 
34.2916 20.8017 17.5124 -6.77435 
36.4672 22.042 17.5164 -6.77557 
3.64319 1.17169 17.3623 -6.74276 
5.83975 2.37691 17.3715 -6.74425 
8.03556 3.58413 17.3834 -6.74634 
10.23 4.79354 17.3964 -6.74872 
12.4232 6.0057 17.4095 -6.75114 
14.6146 7.22099 17.4223 -6.75378 
16.804 8.43954 17.4346 -6.75634 
18.9918 9.66138 17.4465 -6.75889 
21.1778 10.8864 17.4581 -6.76147 
23.3623 12.1143 17.469 -6.76397 
25.5452 13.345 17.4791 -6.76631 
27.7267 14.5779 17.4882 -6.7686 
29.9067 15.8134 17.4961 -6.77052 
32.0856 17.0507 17.5029 -6.77227 
34.2637 18.2896 17.5085 -6.77365 
36.4409 19.5299 17.513 -6.7751 
38.6171 20.7715 17.5167 -6.77581 
40.793 22.0143 17.5195 -6.77682 
7.98102 1.07861 17.3797 -6.74576 
10.1768 2.28739 17.3918 -6.74776 
12.3714 3.49873 17.4044 -6.75026 
14.5646 4.71328 17.4169 -6.75269 
16.7562 5.93103 17.429 -6.75517 
18.9461 7.15209 17.4407 -6.75769 
21.1345 8.37654 17.452 -6.76022 
23.321 9.60387 17.4628 -6.76273 
25.5061 10.834 17.473 -6.76513 
27.6901 12.0668 17.4823 -6.76738 
29.8722 13.3021 17.4905 -6.76941 
32.0535 14.5392 17.4977 -6.77122 
34.2331 15.7781 17.5038 -6.77276 
36.4122 17.0185 17.5088 -6.77421 
38.5903 18.2604 17.5129 -6.77502 
40.7679 19.5033 17.5163 -6.77623 
42.9445 20.7472 17.5189 -6.77673 
45.1208 21.9915 17.5211 -6.77742 
12.3186 0.992936 17.4017 -6.74976 
14.5132 2.20677 17.4135 -6.75195 
16.7066 3.42371 17.425 -6.75434 
18.8985 4.6441 17.4363 -6.75677 
21.0887 5.86775 17.4472 -6.75913 
23.2775 7.09454 17.4578 -6.76152 
25.4649 8.3242 17.4677 -6.7639 
27.6508 9.55672 17.4769 -6.76618 
29.8351 10.7915 17.4851 -6.7682 
32.0183 12.0286 17.4924 -6.77007 
34.2001 13.2676 17.4987 -6.77163 
36.3812 14.508 17.5041 -6.77302 
38.561 15.7498 17.5085 -6.7742 
40.7403 16.9929 17.5122 -6.77526 
42.9185 18.2371 17.5153 -6.77592 
45.0967 19.4818 17.5178 -6.77665 
47.2738 20.7271 17.5199 -6.7772 
49.4507 21.9727 17.5216 -6.7777 
16.6559 0.917645 17.4231 -6.75386 
18.8494 2.13732 17.4338 -6.75609 
21.0414 3.36034 17.4442 -6.7583 
23.2323 4.58647 17.4542 -6.76062 
25.4214 5.81565 17.4637 -6.76285 
27.6092 7.04755 17.4726 -6.76504 
29.7957 8.28204 17.4806 -6.76703 
31.981 9.51906 17.4878 -6.76884 
34.1647 10.7577 17.494 -6.7705 
36.3476 11.9981 17.4994 -6.77178 
38.5293 13.2399 17.5039 -6.77315 
40.7104 14.4833 17.5078 -6.77404 
42.8904 15.7275 17.5111 -6.77494 
45.07 16.9726 17.5139 -6.77574 
47.2486 18.2181 17.5163 -6.77631 
49.4271 19.464 17.5183 -6.77679 
51.605 20.7106 17.5201 -6.7773 
53.7825 21.9573 17.5217 -6.7777 
20.993 0.854215 17.443 -6.75781 
23.1855 2.07962 17.4525 -6.76 
25.3763 3.30821 17.4615 -6.76204 
27.5662 4.53963 17.4698 -6.76403 
29.7544 5.77382 17.4774 -6.76599 
31.9415 7.01027 17.4842 -6.76772 
34.127 8.24877 17.4901 -6.76934 
36.3118 9.4891 17.4952 -6.77062 
38.4955 10.731 17.4997 -6.77193 
40.6782 11.9741 17.5035 -6.77285 
42.8599 13.2185 17.5068 -6.77385 
45.041 14.4638 17.5097 -6.77458 
47.2214 15.7095 17.5123 -6.77522 
49.4012 16.9559 17.5146 -6.77581 
51.5805 18.2026 17.5166 -6.77637 
53.7594 19.4497 17.5184 -6.77675 
55.9378 20.6968 17.5201 -6.7772 
58.1162 21.9439 17.5217 -6.77764 
25.3304 0.802082 17.4611 -6.76163 
27.5217 2.03299 17.4689 -6.76344 
29.7117 3.26655 17.4759 -6.76526 
31.9002 4.50255 17.4821 -6.76676 
34.0878 5.74094 17.4875 -6.76834 
36.2742 6.98101 17.4922 -6.76951 
38.4594 8.22263 17.4963 -6.77082 
40.6439 9.46572 17.4998 -6.77169 
42.8273 10.7102 17.5029 -6.77255 
45.0101 11.9554 17.5057 -6.77342 
47.1919 13.2014 17.5083 -6.77401 
49.373 14.448 17.5106 -6.77469 
51.5538 15.6949 17.5128 -6.77528 
53.734 16.9423 17.5148 -6.77569 
55.9139 18.1899 17.5167 -6.77625 
58.0935 19.4374 17.5186 -6.77666 
60.2727 20.6847 17.5203 -6.77711 
62.4518 21.9318 17.522 -6.77758 
29.6679 0.760346 17.4761 -6.7648 
31.858 1.99613 17.4817 -6.7661 
34.0471 3.23389 17.4865 -6.76766 
36.2347 4.47369 17.4906 -6.76857 
38.4217 5.71509 17.4941 -6.76982 
40.6076 6.95815 17.4972 -6.77063 
42.7927 8.20242 17.4999 -6.77144 
44.977 9.44768 17.5023 -6.77232 
47.1603 10.6938 17.5046 -6.7728 
49.343 11.9404 17.5068 -6.77351 
51.5251 13.1876 17.5089 -6.77408 
53.7065 14.4352 17.511 -6.77458 
55.8877 15.6831 17.513 -6.7751 
58.0685 16.9309 17.5151 -6.77566 
60.2491 18.1786 17.517 -6.77607 
62.4292 19.4262 17.519 -6.77655 
64.6094 20.6735 17.5208 -6.77715 
66.7892 21.9204 17.5225 -6.77742 
34.0053 0.727797 17.4871 -6.76721 
36.1943 1.96732 17.4905 -6.76799 
38.3827 3.20847 17.4934 -6.76908 
40.5698 4.45118 17.4958 -6.76979 
42.7563 5.69521 17.4979 -6.77054 
44.942 6.94051 17.4999 -6.77122 
47.1268 8.18655 17.5017 -6.77168 
49.311 9.43329 17.5036 -6.77241 
51.4943 10.6806 17.5054 -6.77284 
53.677 11.9284 17.5073 -6.77339 
55.8594 13.1765 17.5093 -6.7739 
58.0415 14.4246 17.5114 -6.77452 
60.2231 15.6727 17.5134 -6.77491 
62.4045 16.9206 17.5155 -6.77557 
64.5859 18.1684 17.5176 -6.77609 
66.7667 19.4158 17.5197 -6.77639 
68.9478 20.6627 17.5216 -6.77717 
71.1286 21.9091 17.5233 -6.77758 
38.3427 0.702509 17.4941 -6.76862 
40.5311 1.94488 17.4959 -6.76923 
42.7186 3.18877 17.4973 -6.76977 
44.9056 4.43386 17.4986 -6.77038 
47.0916 5.67982 17.4999 -6.7708 
49.277 6.92656 17.5012 -6.77141 
51.4617 8.17391 17.5026 -6.77175 
53.6457 9.42179 17.5042 -6.77224 
55.8293 10.6701 17.5059 -6.77279 
58.0125 11.9184 17.5078 -6.77327 
60.1952 13.1668 17.5098 -6.77372 
62.3779 14.415 17.5119 -6.77448 
64.5601 15.6632 17.5141 -6.77486 
66.7421 16.9111 17.5164 -6.77541 
68.9242 18.1585 17.5186 -6.77612 
71.106 19.4054 17.5207 -6.77655 
73.288 20.6514 17.5226 -6.7771 
75.4698 21.8968 17.5242 -6.77774 
42.6804 0.682983 17.498 -6.76932 
44.8682 1.92772 17.4987 -6.76983 
47.0552 3.17364 17.4993 -6.77017 
49.2416 4.4203 17.4999 -6.77052 
51.4274 5.66758 17.5008 -6.77085 
53.6126 6.91547 17.5018 -6.77133 
55.7973 8.16384 17.5031 -6.77165 
57.9816 9.41245 17.5046 -6.77209 
60.1655 10.661 17.5064 -6.77263 
62.3491 11.9095 17.5084 -6.77319 
64.5324 13.158 17.5106 -6.77373 
66.7155 14.4063 17.5129 -6.77431 
68.8983 15.6543 17.5152 -6.77493 
71.0813 16.9015 17.5175 -6.77554 
73.2641 18.1482 17.5197 -6.77606 
75.4469 19.3939 17.5218 -6.77676 
77.6299 20.6389 17.5235 -6.77713 
47.0183 0.667969 17.4998 -6.76977 
49.2054 1.91445 17.4998 -6.77 
51.392 3.16165 17.5 -6.77018 
53.5781 4.4095 17.5004 -6.77055 
55.7638 5.65786 17.5011 -6.7708 
57.9491 6.90658 17.5022 -6.77114 
60.134 8.15531 17.5036 -6.77162 
62.3186 9.40405 17.5052 -6.77199 
64.5029 10.6528 17.5072 -6.77258 
66.6869 11.9015 17.5093 -6.77316 
68.8706 13.1497 17.5117 -6.77375 
71.0545 14.3975 17.5141 -6.77437 
73.2381 15.6446 17.5165 -6.775 
75.4218 16.891 17.5188 -6.77563 
51.3561 0.656138 17.5003 -6.76985 
53.5429 1.90381 17.5001 -6.76999 
55.7292 3.15211 17.5002 -6.77014 
57.9152 4.40084 17.5006 -6.77038 
60.101 5.64973 17.5014 -6.77072 
62.2864 6.89863 17.5026 -6.77107 
64.4715 8.1476 17.5042 -6.77154 
66.6565 9.3965 17.5061 -6.77201 
68.8411 10.6451 17.5082 -6.77252 
71.0257 11.8932 17.5106 -6.77321 
73.2102 13.1407 17.5131 -6.77386 
55.6941 0.646683 17.5002 -6.76978 
57.8805 1.89535 17.5 -6.76986 
60.0668 3.14421 17.5002 -6.77008 
62.2529 4.39321 17.5008 -6.77035 
64.4387 5.64238 17.5019 -6.77066 
66.6244 6.89143 17.5033 -6.77108 
68.8097 8.14036 17.5052 -6.77147 
70.9952 9.38873 17.5073 -6.77213 
60.0323 0.638897 17.4999 -6.76971 
62.2187 1.88791 17.4999 -6.76984 
64.4048 3.13709 17.5004 -6.77001 
66.591 4.38635 17.5013 -6.77036 
68.7769 5.63539 17.5026 -6.77061 
64.3704 0.631843 17.4998 -6.76963 
66.5569 1.88117 17.5001 -6.76982 
25.8272 43.5338 17.5007 -6.76981 
27.9922 44.7682 17.5015 -6.76996 
23.6473 39.7828 17.5001 -6.76966 
25.8132 41.0162 17.5015 -6.76994 
27.9786 42.2503 17.5027 -6.77027 
30.1437 43.4853 17.5037 -6.77049 
32.3085 44.7209 17.5046 -6.77081 
21.4642 36.0334 17.4981 -6.76922 
23.6314 37.2653 17.5004 -6.76971 
25.798 38.4984 17.5024 -6.77008 
27.9641 39.7326 17.504 -6.77047 
30.1297 40.9675 17.5054 -6.77087 
32.2951 42.2032 17.5065 -6.77131 
34.4604 43.4398 17.5076 -6.77166 
36.6255 44.6769 17.5086 -6.77212 
19.277 32.2866 17.4938 -6.76835 
21.446 33.5164 17.4975 -6.7691 
23.6141 34.7479 17.5006 -6.76965 
25.7816 35.9808 17.5032 -6.77029 
27.9484 37.215 17.5053 -6.7708 
30.1147 38.4499 17.5071 -6.77128 
32.2809 39.6858 17.5086 -6.77178 
34.4468 40.9226 17.5099 -6.77229 
36.6126 42.1601 17.511 -6.77272 
38.7786 43.3983 17.512 -6.77328 
40.9446 44.6367 17.513 -6.77387 
17.0847 28.5429 17.486 -6.76668 
19.2559 29.7703 17.4916 -6.76778 
21.4259 30.9997 17.4964 -6.76873 
23.5952 32.2308 17.5004 -6.76967 
25.7636 33.4635 17.5038 -6.77039 
27.9314 34.6974 17.5066 -6.77104 
30.0987 35.9326 17.5088 -6.77163 
32.2656 37.1687 17.5106 -6.77232 
34.4324 38.4057 17.5121 -6.77283 
36.5991 39.6437 17.5134 -6.77343 
38.7656 40.8823 17.5145 -6.77397 
40.9322 42.1214 17.5155 -6.7744 
43.0991 43.3606 17.5165 -6.77499 
45.2661 44.5999 17.5175 -6.7756 
14.8854 24.8029 17.4742 -6.7642 
17.0599 26.0276 17.4818 -6.76575 
19.2325 27.2544 17.4886 -6.76707 
21.4039 28.4834 17.4947 -6.7683 
23.5746 29.714 17.4998 -6.76953 
25.744 30.9464 17.504 -6.77043 
27.913 32.1804 17.5074 -6.77129 
30.0814 33.4156 17.5102 -6.77217 
32.2493 34.6521 17.5124 -6.77274 
34.4169 35.8895 17.5142 -6.77345 
36.5844 37.1276 17.5156 -6.77416 
38.7518 38.3666 17.5168 -6.77457 
40.9191 39.6063 17.5179 -6.77511 
43.0866 40.8462 17.5188 -6.77566 
45.2542 42.0864 17.5198 -6.776 
47.422 43.3267 17.5207 -6.77668 
49.5901 44.567 17.5216 -6.77709 
17.0322 23.5127 17.4766 -6.76454 
19.2069 24.739 17.4848 -6.76614 
21.3799 25.9673 17.4921 -6.76788 
23.5517 27.1977 17.4983 -6.76914 
25.7226 28.4299 17.5035 -6.77041 
27.893 29.6637 17.5077 -6.77153 
30.0626 30.8991 17.5111 -6.77237 
32.2315 32.1358 17.5138 -6.77326 
34.4002 33.3736 17.5159 -6.77399 
36.5688 34.612 17.5176 -6.77463 
38.737 35.8514 17.5189 -6.7752 
40.9052 37.0914 17.52 -6.77582 
43.0734 38.3321 17.5209 -6.77617 
45.2416 39.5731 17.5218 -6.77669 
47.4102 40.8141 17.5226 -6.77714 
49.579 42.0553 17.5233 -6.7775 
51.7479 43.2965 17.5241 -6.77806 
53.9173 44.5375 17.5249 -6.77838 
56.0872 45.7782 17.5257 -6.77855 
21.3533 23.4518 17.4885 -6.76714 
23.5268 24.682 17.4959 -6.76874 
25.6994 25.9139 17.5021 -6.77024 
27.871 27.1476 17.5072 -6.7716 
30.0419 28.383 17.5113 -6.77266 
32.2123 29.62 17.5146 -6.7736 
34.3823 30.858 17.5171 -6.77447 
36.5517 32.0971 17.519 -6.77506 
38.7209 33.3367 17.5206 -6.77589 
40.8903 34.5772 17.5218 -6.77632 
43.0592 35.8184 17.5227 -6.77674 
45.2283 37.06 17.5235 -6.7773 
47.3977 38.3019 17.5242 -6.77757 
49.5671 39.5439 17.5249 -6.77801 
51.7368 40.7858 17.5255 -6.7784 
53.9067 42.0276 17.5261 -6.77855 
56.077 43.2692 17.5267 -6.77902 
58.2478 44.5104 17.5273 -6.77927 
60.4192 45.7509 17.5278 -6.77937 
25.6737 23.3984 17.4996 -6.7699 
27.8469 24.6322 17.5057 -6.77135 
30.0195 25.8675 17.5106 -6.77272 
32.1913 27.1046 17.5145 -6.77377 
34.3626 28.343 17.5175 -6.77482 
36.5332 29.5825 17.5198 -6.77551 
38.7038 30.8227 17.5216 -6.7762 
40.874 32.0635 17.523 -6.77679 
43.0439 33.3052 17.524 -6.77729 
45.2141 34.5473 17.5248 -6.77769 
47.3842 35.7899 17.5255 -6.77798 
49.5544 37.0326 17.5261 -6.77847 
51.7249 38.2753 17.5266 -6.77866 
53.8954 39.518 17.5271 -6.77893 
56.0663 40.7603 17.5276 -6.77925 
58.2377 42.0024 17.528 -6.77938 
60.4094 43.2439 17.5284 -6.77952 
62.5818 44.4849 17.5287 -6.7797 
64.7546 45.7252 17.5289 -6.77976 
29.9947 23.3528 17.5087 -6.77252 
32.1682 24.5898 17.5133 -6.7739 
34.3411 25.8286 17.5169 -6.77484 
36.5131 27.0684 17.5197 -6.77574 
38.6849 28.309 17.5219 -6.77653 
40.8562 29.5505 17.5235 -6.77702 
43.0275 30.7925 17.5247 -6.77768 
45.1987 32.0352 17.5256 -6.77803 
47.3695 33.2785 17.5264 -6.77836 
49.5408 34.5217 17.5269 -6.77869 
51.712 35.765 17.5274 -6.77891 
53.8833 37.0084 17.5278 -6.77922 
56.0549 38.2516 17.5282 -6.77938 
58.2266 39.4945 17.5286 -6.77951 
60.399 40.737 17.5289 -6.77969 
62.5717 41.9788 17.5291 -6.77982 
64.745 43.22 17.5293 -6.77977 
66.919 44.4605 17.5292 -6.77981 
69.0934 45.6998 17.5289 -6.77975 
34.3174 23.3147 17.5152 -6.77478 
36.4911 24.5548 17.5186 -6.77576 
38.6644 25.796 17.5212 -6.7766 
40.837 27.038 17.5232 -6.77712 
43.0095 28.2804 17.5246 -6.77788 
45.1817 29.5237 17.5257 -6.77808 
47.3537 30.7673 17.5266 -6.7786 
49.526 32.0112 17.5272 -6.77887 
51.698 33.2552 17.5278 -6.77898 
53.8702 34.499 17.5282 -6.7794 
56.0425 35.743 17.5286 -6.77945 
58.2149 36.9867 17.5289 -6.7796 
60.3877 38.23 17.5292 -6.77987 
62.5609 39.4728 17.5294 -6.77981 
64.7347 40.7149 17.5295 -6.77999 
66.9089 41.9563 17.5294 -6.77996 
69.0837 43.1967 17.5292 -6.77964 
71.2593 44.436 17.5286 -6.77959 
73.4357 45.6739 17.5276 -6.77921 
38.6419 23.2835 17.5195 -6.77637 
40.8159 24.5258 17.5218 -6.77712 
42.9898 25.7688 17.5237 -6.7777 
45.1631 27.0125 17.5251 -6.77817 
47.3365 28.2566 17.5261 -6.77864 
49.5096 29.5011 17.5269 -6.77877 
51.6827 30.7456 17.5276 -6.77918 
53.8559 31.9902 17.5281 -6.77938 
56.0289 33.2347 17.5285 -6.77947 
58.2023 34.4791 17.5289 -6.77967 
60.3755 35.7231 17.5292 -6.77978 
62.5494 36.9667 17.5294 -6.77988 
64.7236 38.2097 17.5296 -6.78002 
66.8981 39.4519 17.5296 -6.77992 
69.0733 40.6934 17.5294 -6.77988 
71.249 41.9335 17.5289 -6.77978 
73.4257 43.1726 17.528 -6.77943 
75.603 44.4102 17.5267 -6.77892 
77.7813 45.6464 17.5249 -6.77835 
42.9683 23.2578 17.5218 -6.77732 
45.1429 24.5017 17.5235 -6.77793 
47.3176 25.7462 17.5249 -6.77837 
49.4917 26.9913 17.5259 -6.77863 
51.6659 28.2365 17.5268 -6.77905 
53.84 29.4815 17.5275 -6.77908 
56.0142 30.7266 17.528 -6.77942 
58.1882 31.9717 17.5285 -6.77969 
60.3623 33.2164 17.5289 -6.77959 
62.5368 34.4607 17.5292 -6.77993 
64.7115 35.7045 17.5295 -6.77985 
66.8866 36.9475 17.5296 -6.77989 
69.0621 38.1897 17.5295 -6.78006 
71.2383 39.4309 17.5291 -6.77973 
73.415 40.671 17.5284 -6.77961 
75.5925 41.9096 17.5273 -6.77913 
77.771 43.1469 17.5257 -6.77874 
79.9502 44.3826 17.5235 -6.77789 
82.1304 45.6166 17.5208 -6.77702 
47.2967 23.2364 17.5228 -6.77788 
49.4722 24.4818 17.5241 -6.77832 
51.6474 25.7275 17.5253 -6.77859 
53.8226 26.9732 17.5262 -6.7789 
55.9977 28.219 17.527 -6.77918 
58.1726 29.4645 17.5277 -6.77926 
60.3478 30.7098 17.5282 -6.77957 
62.523 31.9548 17.5287 -6.7797 
64.6983 33.1993 17.5291 -6.77976 
66.874 34.4431 17.5294 -6.77988 
69.0501 35.686 17.5294 -6.77988 
71.2267 36.9281 17.5292 -6.77986 
73.4036 38.1691 17.5287 -6.7796 
75.5815 39.4088 17.5278 -6.77935 
77.7599 40.6471 17.5264 -6.77898 
79.9393 41.8838 17.5245 -6.77831 
82.1196 43.1189 17.522 -6.7776 
84.3008 44.3522 17.519 -6.77655 
86.483 45.5837 17.5155 -6.77549 
51.6272 23.2189 17.523 -6.77802 
53.8035 24.4651 17.5243 -6.77841 
55.9796 25.7113 17.5253 -6.77871 
58.1556 26.9575 17.5263 -6.77894 
60.3317 28.2035 17.5271 -6.77928 
62.5076 29.449 17.5278 -6.77929 
64.6838 30.6941 17.5284 -6.77955 
66.8602 31.9385 17.5289 -6.77979 
69.037 33.1822 17.5292 -6.77972 
71.2139 34.4252 17.5292 -6.77984 
73.3914 35.667 17.5289 -6.7796 
75.5696 36.9078 17.5282 -6.77964 
77.7482 38.147 17.5271 -6.77918 
79.9279 39.3848 17.5254 -6.77867 
82.108 40.621 17.5232 -6.77799 
84.2891 41.8554 17.5203 -6.77715 
86.4714 43.0879 17.517 -6.77611 
88.6545 44.3185 17.5134 -6.77496 
90.8386 45.5473 17.5098 -6.7738 
55.9597 23.204 17.5231 -6.77801 
58.1369 24.4506 17.5243 -6.77846 
60.3139 25.6971 17.5254 -6.77868 
62.4908 26.9433 17.5264 -6.77892 
64.6678 28.189 17.5273 -6.77923 
66.845 29.4341 17.528 -6.77939 
69.0224 30.6786 17.5286 -6.77958 
71.2 31.9221 17.5289 -6.77958 
73.3782 33.1649 17.5289 -6.77963 
75.5565 34.4064 17.5285 -6.77965 
77.7358 35.6466 17.5277 -6.77923 
79.9153 36.8855 17.5263 -6.77901 
82.0957 38.1226 17.5243 -6.77841 
84.277 39.3581 17.5217 -6.77763 
86.459 40.5918 17.5186 -6.77665 
88.6421 41.8234 17.515 -6.77565 
90.8261 43.0531 17.5114 -6.77448 
60.2942 23.1908 17.5232 -6.77802 
62.4722 24.4376 17.5245 -6.77838 
64.6501 25.6838 17.5257 -6.77862 
66.8282 26.9296 17.5267 -6.77898 
69.0064 28.1747 17.5276 -6.77916 
71.1847 29.419 17.5282 -6.77932 
73.3635 30.6626 17.5286 -6.77965 
75.5424 31.905 17.5285 -6.77946 
77.7219 33.1462 17.528 -6.77937 
79.9018 34.3858 17.527 -6.77914 
82.0826 35.6239 17.5253 -6.77865 
84.2639 36.8606 17.5231 -6.77803 
86.446 38.0952 17.5201 -6.77728 
88.6291 39.3279 17.5167 -6.77619 
64.6307 23.1787 17.5235 -6.77792 
66.8097 24.4251 17.5249 -6.77839 
68.9886 25.6708 17.5261 -6.77859 
71.1678 26.9159 17.5271 -6.77893 
73.3472 28.1601 17.5278 -6.77931 
75.5267 29.4033 17.5282 -6.77912 
77.7068 30.6454 17.5281 -6.77946 
79.8872 31.8859 17.5275 -6.77916 
82.0682 33.1252 17.5262 -6.77893 
84.2498 34.3625 17.5243 -6.77847 
86.4321 35.5983 17.5217 -6.77765 
68.9691 23.1668 17.5241 -6.77795 
71.1493 24.4125 17.5255 -6.77844 
73.3291 25.6574 17.5266 -6.77865 
75.5096 26.9014 17.5274 -6.77893 
77.6901 28.1442 17.5278 -6.77917 
79.871 29.3857 17.5276 -6.77908 
82.0526 30.6257 17.5268 -6.77901 
84.2345 31.8643 17.5253 -6.77854 
73.3095 23.1545 17.5249 -6.77793 
75.4908 24.3992 17.5261 -6.77852 
77.6717 25.6428 17.5269 -6.77863 
79.8535 26.8851 17.5272 -6.77886 
82.0353 28.1261 17.5269 -6.77885 
77.6518 23.1409 17.5255 -6.77796 
79.8341 24.3842 17.5263 -6.77845 
38.8824 66.0528 17.5002 -6.76978 
41.0467 67.2873 17.5001 -6.76998 
43.2115 68.5211 17.5 -6.7703 
36.7066 62.3001 17.4999 -6.76974 
38.8704 63.535 17.5 -6.76996 
41.0346 64.7696 17.5002 -6.77015 
43.1992 66.0039 17.5004 -6.77044 
45.364 67.2375 17.5008 -6.77097 
47.5295 68.4704 17.5012 -6.77134 
34.5315 58.5467 17.4998 -6.76962 
36.6952 59.7822 17.4999 -6.76982 
38.8591 61.0175 17.5002 -6.77003 
41.023 62.2524 17.5006 -6.77044 
43.1873 63.4867 17.5011 -6.77092 
45.3522 64.7209 17.5018 -6.77119 
47.5175 65.9547 17.5026 -6.77174 
49.6834 67.1877 17.5036 -6.7724 
51.8502 68.42 17.5046 -6.77291 
32.3566 54.7927 17.4999 -6.76965 
34.5202 56.0285 17.5001 -6.76981 
36.6839 57.2643 17.5004 -6.77 
38.8477 58.4998 17.5008 -6.77032 
41.0118 59.7352 17.5014 -6.77067 
43.1762 60.9703 17.5022 -6.77115 
45.3408 62.2049 17.5031 -6.77175 
47.5061 63.4391 17.5042 -6.77229 
49.6721 64.673 17.5054 -6.77281 
51.8387 65.9063 17.5068 -6.77341 
54.0062 67.1387 17.5083 -6.77413 
56.1748 68.3704 17.5097 -6.77463 
30.1811 51.0391 17.5002 -6.76978 
32.345 52.2746 17.5005 -6.76983 
34.5088 53.5103 17.5008 -6.77003 
36.6727 54.7464 17.5013 -6.77028 
38.8367 55.9823 17.5019 -6.77064 
41.0007 57.2181 17.5026 -6.77111 
43.1651 58.4538 17.5036 -6.77155 
45.33 59.6892 17.5046 -6.7721 
47.4953 60.9243 17.5059 -6.77277 
49.6611 62.1588 17.5073 -6.77347 
51.8278 63.3928 17.5089 -6.77407 
53.9954 64.6264 17.5106 -6.77461 
56.1637 65.8591 17.5123 -6.7752 
58.3331 67.0909 17.5139 -6.77568 
60.5038 68.3217 17.5153 -6.77605 
28.005 47.2861 17.5006 -6.76978 
30.1691 48.5211 17.501 -6.76993 
32.3332 49.7567 17.5015 -6.77012 
34.4973 50.9924 17.502 -6.77035 
36.6614 52.2284 17.5026 -6.77067 
38.8255 53.4648 17.5033 -6.77105 
40.9897 54.7012 17.5042 -6.77148 
43.1544 55.9375 17.5052 -6.772 
45.3194 57.1737 17.5064 -6.7726 
47.4848 58.4095 17.5078 -6.77334 
49.6509 59.6451 17.5093 -6.77388 
51.8175 60.88 17.511 -6.77464 
53.9848 62.1142 17.5128 -6.77533 
56.1532 63.3479 17.5146 -6.77572 
58.3226 64.581 17.5163 -6.77629 
60.493 65.8132 17.5178 -6.77664 
62.6646 67.0442 17.5189 -6.77683 
64.8379 68.274 17.5195 -6.77676 
30.1568 46.0032 17.5022 -6.77023 
32.3211 47.2387 17.5029 -6.77042 
34.4855 48.4748 17.5036 -6.77072 
36.6499 49.711 17.5043 -6.77112 
38.8143 50.9475 17.5052 -6.77155 
40.9789 52.1844 17.5061 -6.77198 
43.1437 53.4214 17.5072 -6.77256 
45.3089 54.6583 17.5084 -6.77319 
47.4747 55.895 17.5098 -6.77376 
49.6408 57.1313 17.5114 -6.77449 
51.8075 58.3673 17.513 -6.7751 
53.9749 59.6028 17.5148 -6.77572 
56.1431 60.8374 17.5166 -6.77642 
58.3124 62.0714 17.5183 -6.77684 
60.4827 63.3047 17.5199 -6.77718 
62.6543 64.537 17.5211 -6.77733 
64.8272 65.7684 17.5218 -6.77738 
67.0014 66.9982 17.5218 -6.77716 
69.1772 68.2265 17.5212 -6.77656 
34.4732 45.9572 17.5055 -6.77121 
36.638 47.1939 17.5063 -6.7716 
38.8028 48.4309 17.5073 -6.772 
40.9678 49.668 17.5082 -6.77263 
43.133 50.9055 17.5093 -6.77314 
45.2985 52.1431 17.5106 -6.77374 
47.4643 53.3807 17.5119 -6.7743 
49.6309 54.6179 17.5134 -6.77491 
51.7979 55.8548 17.515 -6.77568 
53.9654 57.0912 17.5167 -6.77618 
56.1337 58.3272 17.5185 -6.77676 
58.3028 59.5625 17.5201 -6.77736 
60.473 60.7968 17.5216 -6.77767 
62.6445 62.0303 17.5228 -6.77792 
64.8171 63.2626 17.5235 -6.7779 
66.9911 64.494 17.5237 -6.7776 
69.1665 65.724 17.5232 -6.77716 
71.3434 66.9522 17.5219 -6.77654 
73.522 68.1788 17.5198 -6.77559 
38.7909 45.9144 17.5096 -6.77267 
40.9565 47.1522 17.5106 -6.77316 
43.1221 48.3902 17.5117 -6.77376 
45.2879 49.6283 17.5129 -6.77429 
47.4542 50.8664 17.5141 -6.77494 
49.6209 52.1046 17.5155 -6.77553 
51.7881 53.3425 17.517 -6.77601 
53.956 54.58 17.5186 -6.77665 
56.1246 55.8171 17.5201 -6.77724 
58.2938 57.0535 17.5217 -6.77766 
60.4639 58.2891 17.523 -6.77804 
62.6352 59.5239 17.5241 -6.77837 
64.8076 60.7575 17.5249 -6.77839 
66.9812 61.9899 17.5251 -6.77823 
69.1563 63.2211 17.5246 -6.77778 
71.3328 64.4508 17.5235 -6.77708 
73.5109 65.6791 17.5216 -6.77614 
75.6905 66.9056 17.519 -6.7751 
77.8717 68.1304 17.5159 -6.77404 
43.1108 45.8752 17.5141 -6.77437 
45.2773 47.1139 17.5152 -6.77491 
47.4439 48.3527 17.5164 -6.77547 
49.6108 49.5915 17.5176 -6.77608 
51.7784 50.8304 17.5189 -6.7766 
53.9466 52.0689 17.5203 -6.77712 
56.1154 53.307 17.5217 -6.77761 
58.2849 54.5446 17.523 -6.77798 
60.4552 55.7814 17.5243 -6.77847 
62.6264 57.0174 17.5253 -6.77869 
64.7986 58.2523 17.5259 -6.77868 
66.9721 59.486 17.5261 -6.77856 
69.1468 60.7185 17.5257 -6.77827 
71.3228 61.9495 17.5247 -6.77761 
73.5004 63.179 17.523 -6.77679 
75.6796 64.4069 17.5206 -6.77581 
77.8601 65.6333 17.5176 -6.77463 
80.0422 66.8581 17.5142 -6.77348 
82.2258 68.0815 17.5106 -6.7723 
47.4332 45.8396 17.5186 -6.77602 
49.6006 47.0791 17.5197 -6.77651 
51.7685 48.3185 17.5208 -6.77712 
53.9371 49.5579 17.522 -6.77754 
56.1061 50.7971 17.5232 -6.77805 
58.2759 52.0357 17.5243 -6.77843 
60.4464 53.2737 17.5253 -6.77865 
62.6176 54.5108 17.5262 -6.77883 
64.79 55.7469 17.5268 -6.77888 
66.9633 56.982 17.5269 -6.77891 
69.1378 58.2157 17.5266 -6.77857 
71.3135 59.4482 17.5256 -6.778 
73.4907 60.679 17.524 -6.77732 
75.6692 61.9082 17.5218 -6.77635 
77.8492 63.1357 17.5189 -6.7752 
80.0309 64.3618 17.5156 -6.77402 
82.2137 65.5865 17.5121 -6.77286 
84.3979 66.8099 17.5086 -6.77181 
86.5835 68.032 17.5054 -6.77098 
51.7585 45.8074 17.5225 -6.77741 
53.9273 47.0475 17.5235 -6.77802 
56.0968 48.2873 17.5245 -6.77835 
58.2669 49.5269 17.5254 -6.77867 
60.4375 50.7659 17.5263 -6.77897 
62.6089 52.0042 17.527 -6.7791 
64.7813 53.2415 17.5275 -6.77926 
66.9546 54.4776 17.5276 -6.77913 
69.129 55.7127 17.5272 -6.77879 
71.3047 56.9464 17.5263 -6.77839 
73.4813 58.1788 17.5249 -6.77768 
75.6594 59.4094 17.5227 -6.77675 
77.8391 60.6382 17.52 -6.77577 
80.0201 61.8654 17.5168 -6.77468 
82.2024 63.0913 17.5134 -6.7734 
84.3861 64.3156 17.5099 -6.77221 
86.571 65.5388 17.5065 -6.77124 
88.7569 66.7611 17.5037 -6.7705 
90.9437 67.9829 17.5015 -6.76999 
58.2575 47.0185 17.5264 -6.77897 
60.4285 48.2583 17.5271 -6.77922 
62.6002 49.4974 17.5277 -6.77938 
64.7727 50.7358 17.528 -6.77939 
66.946 51.9733 17.5281 -6.77924 
69.1203 53.2095 17.5277 -6.77909 
71.2958 54.4445 17.5269 -6.77868 
73.4724 55.678 17.5255 -6.77805 
75.6502 56.91 17.5235 -6.77719 
77.8294 58.1404 17.5209 -6.77622 
80.0098 59.369 17.5179 -6.77513 
82.1917 60.596 17.5145 -6.77396 
84.3748 61.8214 17.511 -6.77283 
86.5591 63.0455 17.5076 -6.77177 
88.7446 64.2684 17.5046 -6.77075 
90.931 65.4907 17.5022 -6.77014 
93.1179 66.7129 17.5006 -6.76978 
95.3052 67.9351 17.4999 -6.76964 
62.5912 46.991 17.5283 -6.77948 
64.7638 48.2304 17.5285 -6.77955 
66.9371 49.4688 17.5285 -6.77953 
69.1117 50.7062 17.5282 -6.77927 
71.287 51.9423 17.5274 -6.77893 
73.4634 53.1772 17.5261 -6.77834 
75.641 54.4105 17.5242 -6.77771 
77.8198 55.6421 17.5218 -6.77677 
79.9999 56.8719 17.5188 -6.77561 
82.1814 58.1 17.5155 -6.77445 
84.3641 59.3268 17.512 -6.77331 
86.5479 60.552 17.5086 -6.77213 
88.7328 61.7759 17.5055 -6.77125 
90.9187 62.9987 17.5029 -6.77055 
93.1054 64.2211 17.501 -6.76997 
95.2924 65.4434 17.5 -6.76962 
97.4796 66.666 17.5 -6.76964 
99.6669 67.8892 17.5009 -6.77 
66.9282 46.9646 17.5289 -6.77962 
69.1028 48.203 17.5286 -6.77952 
71.278 49.4402 17.5278 -6.77922 
73.4544 50.6761 17.5266 -6.77869 
75.6319 51.9105 17.5249 -6.77801 
77.8104 53.1435 17.5226 -6.77702 
79.9901 54.3746 17.5197 -6.77609 
82.1713 55.6039 17.5165 -6.77506 
84.3535 56.8316 17.5131 -6.77384 
86.537 58.0578 17.5096 -6.7726 
88.7216 59.2827 17.5063 -6.77155 
90.9071 60.5063 17.5036 -6.77071 
93.0933 61.7293 17.5015 -6.77008 
95.28 62.9519 17.5002 -6.76979 
97.4671 64.1744 17.4998 -6.76969 
99.6542 65.3974 17.5004 -6.76979 
101.841 66.6211 17.502 -6.77026 
104.028 67.8461 17.5044 -6.77094 
71.2689 46.9381 17.5282 -6.7793 
73.4452 48.175 17.5271 -6.77897 
75.6225 49.4106 17.5255 -6.77837 
77.8008 50.6446 17.5233 -6.77758 
79.9804 51.8769 17.5207 -6.77663 
82.1611 53.1074 17.5175 -6.77552 
84.3431 54.3363 17.5141 -6.77433 
86.5262 55.5635 17.5106 -6.77322 
88.7104 56.7893 17.5073 -6.77211 
90.8956 58.0136 17.5043 -6.77108 
93.0817 59.237 17.502 -6.7703 
95.2682 60.4599 17.5005 -6.76976 
97.455 61.6827 17.4998 -6.76953 
99.6419 62.9057 17.5001 -6.76965 
101.829 64.129 17.5013 -6.77003 
75.613 46.9105 17.5261 -6.77869 
77.7913 48.1455 17.5241 -6.77792 
79.9706 49.379 17.5216 -6.77709 
82.1511 50.6107 17.5186 -6.77606 
84.3328 51.8405 17.5152 -6.77489 
86.5156 53.0688 17.5117 -6.77373 
88.6995 54.2956 17.5082 -6.77257 
90.8844 55.5209 17.5052 -6.77148 
93.07 56.7449 17.5026 -6.77073 
95.2564 57.9681 17.5008 -6.77009 
97.4432 59.1908 17.4999 -6.76966 
99.6301 60.4137 17.4998 -6.76952 
79.9606 46.8809 17.5225 -6.77757 
82.1409 48.1137 17.5197 -6.77647 
84.3224 49.3448 17.5164 -6.77542 
86.505 50.574 17.5129 -6.77433 
88.6886 51.8016 17.5094 -6.7731 
90.8732 53.0277 17.5061 -6.77199 
93.0587 54.2525 17.5033 -6.77103 
95.2449 55.4762 17.5013 -6.77025 
97.4314 56.6993 17.5001 -6.76986 
84.3118 46.8487 17.5176 -6.77612 
86.4942 48.0789 17.5141 -6.7749 
88.6776 49.3076 17.5106 -6.77371 
90.8621 50.5346 17.5072 -6.77255 
93.0472 51.7599 17.5042 -6.77149 
95.2333 52.9841 17.5019 -6.77066 
97.4199 54.2074 17.5004 -6.76997 
88.6663 46.8132 17.5119 -6.77438 
90.8505 48.0411 17.5084 -6.77318 
93.0356 49.2674 17.5052 -6.77203 
95.2215 50.4922 17.5026 -6.77108 
93.0235 46.7744 17.5064 -6.77265 
51.9941 88.5358 17.4761 -6.76483 
54.1692 89.7582 17.4689 -6.76342 
56.3462 90.9782 17.4615 -6.76205 
49.7973 84.7956 17.4871 -6.767 
51.9693 86.0212 17.4817 -6.7662 
54.1425 87.2448 17.4759 -6.76515 
56.3178 88.4664 17.4698 -6.76411 
58.4952 89.6857 17.4637 -6.76285 
60.6746 90.9028 17.4577 -6.76154 
47.6063 81.0515 17.4941 -6.76865 
49.7759 82.2797 17.4905 -6.76814 
51.9467 83.5063 17.4865 -6.76746 
54.1188 84.7312 17.4821 -6.76678 
56.2927 85.9542 17.4774 -6.76597 
58.4682 87.1751 17.4726 -6.76503 
60.6459 88.3939 17.4677 -6.7639 
62.8261 89.6105 17.4628 -6.76271 
65.0084 90.8253 17.458 -6.76151 
45.4207 77.305 17.498 -6.76937 
47.5882 78.5353 17.4959 -6.76929 
49.7565 79.7641 17.4934 -6.7691 
51.9262 80.9914 17.4906 -6.76876 
54.0974 82.2174 17.4875 -6.76823 
56.27 83.4417 17.4842 -6.7677 
58.4443 84.6642 17.4806 -6.76699 
60.6205 85.8846 17.4769 -6.76615 
62.7988 87.1031 17.473 -6.76517 
64.9795 88.3198 17.469 -6.76396 
67.1627 89.5344 17.4649 -6.76274 
69.3481 90.7477 17.4605 -6.76163 
43.2389 73.5563 17.4998 -6.76968 
45.405 74.7883 17.4987 -6.76982 
47.5717 76.019 17.4973 -6.76981 
49.7393 77.2486 17.4958 -6.76982 
51.9079 78.4769 17.4941 -6.76979 
54.0779 79.7038 17.4922 -6.76967 
56.2495 80.9291 17.4901 -6.76936 
58.4228 82.153 17.4878 -6.76875 
60.5978 83.3751 17.4851 -6.76818 
62.7747 84.5955 17.4823 -6.76743 
64.9539 85.8138 17.4791 -6.76629 
67.1354 87.0305 17.4756 -6.76525 
69.3192 88.2454 17.4717 -6.76416 
71.5054 89.459 17.4677 -6.76286 
73.6936 90.6716 17.4637 -6.76197 
41.0596 69.805 17.5003 -6.76983 
43.2248 71.0386 17.4998 -6.76998 
45.3904 72.2715 17.4993 -6.7701 
47.5566 73.5029 17.4986 -6.77034 
49.7237 74.7333 17.4979 -6.77051 
51.8916 75.9625 17.4972 -6.77065 
54.0607 77.1905 17.4963 -6.77078 
56.2312 78.4172 17.4953 -6.77067 
58.4033 79.6422 17.494 -6.7705 
60.5774 80.8655 17.4924 -6.77012 
62.7533 82.0875 17.4905 -6.76926 
64.9311 83.3078 17.4882 -6.7685 
67.1112 84.5264 17.4853 -6.76759 
69.2936 85.7431 17.482 -6.76635 
71.4781 86.9582 17.4782 -6.76525 
73.6649 88.1724 17.4743 -6.76425 
75.8537 89.3858 17.4706 -6.76329 
78.0441 90.5988 17.4677 -6.76275 
45.3768 69.7543 17.4999 -6.77051 
47.5426 70.9868 17.4999 -6.77078 
49.7092 72.2182 17.4999 -6.77112 
51.8767 73.4483 17.4999 -6.77148 
54.0453 74.6774 17.4998 -6.77171 
56.215 75.9053 17.4997 -6.77185 
58.3863 77.1317 17.4994 -6.77187 
60.5593 78.3567 17.4987 -6.77167 
62.734 79.58 17.4977 -6.77128 
64.9109 80.8018 17.4961 -6.77057 
67.0898 82.0221 17.494 -6.76955 
69.2707 83.2407 17.4911 -6.76842 
71.4541 84.4576 17.4877 -6.76735 
73.6395 85.6732 17.4839 -6.76631 
75.8267 86.888 17.48 -6.76523 
78.0158 88.1022 17.4766 -6.76465 
80.2067 89.3163 17.4742 -6.76426 
82.3986 90.5311 17.4732 -6.76417 
49.6958 69.7027 17.5017 -6.77175 
51.863 70.9343 17.5023 -6.77218 
54.0311 72.1646 17.5029 -6.77255 
56.2004 73.3937 17.5035 -6.77293 
58.371 74.6215 17.5039 -6.77311 
60.5432 75.848 17.5041 -6.77302 
62.7172 77.0729 17.5038 -6.77275 
64.8929 78.2964 17.5029 -6.7723 
67.0706 79.5183 17.5013 -6.77148 
69.2506 80.7383 17.499 -6.77046 
71.4327 81.957 17.496 -6.7693 
73.6168 83.1743 17.4924 -6.7681 
75.8028 84.3903 17.4885 -6.76705 
77.9908 85.6058 17.4848 -6.76619 
80.1802 86.8209 17.4818 -6.7657 
82.371 88.0362 17.4799 -6.76554 
84.5629 89.2523 17.4795 -6.76565 
86.7551 90.47 17.4808 -6.76619 
54.0182 69.6516 17.5057 -6.77334 
56.1871 70.8821 17.5068 -6.77378 
58.3572 72.1115 17.5078 -6.77412 
60.5287 73.3393 17.5085 -6.77419 
62.702 74.5658 17.5088 -6.77411 
64.8769 75.7909 17.5085 -6.77372 
67.0537 77.0144 17.5074 -6.77297 
69.2326 78.2365 17.5056 -6.7721 
71.4134 79.4567 17.5029 -6.77113 
73.5963 80.6753 17.4996 -6.76988 
75.7813 81.8928 17.4959 -6.7687 
77.968 83.1096 17.4921 -6.76779 
80.1564 84.3257 17.4886 -6.767 
82.3461 85.5416 17.486 -6.76664 
84.5369 86.7584 17.4847 -6.76669 
86.7284 87.9761 17.4849 -6.76706 
88.9201 89.1951 17.4868 -6.76763 
91.1121 90.4163 17.4902 -6.76847 
58.3446 69.6011 17.5111 -6.77488 
60.5157 70.8307 17.5122 -6.77516 
62.6882 72.0589 17.5129 -6.77533 
64.8624 73.2855 17.513 -6.77497 
67.0384 74.5106 17.5124 -6.77443 
69.2164 75.7343 17.5109 -6.77368 
71.3962 76.9562 17.5087 -6.77248 
73.578 78.1766 17.5057 -6.77131 
75.7619 79.3957 17.5021 -6.77034 
77.9475 80.6135 17.4983 -6.76928 
80.1346 81.8307 17.4947 -6.76834 
82.3234 83.0477 17.4916 -6.76781 
84.5133 84.2647 17.4895 -6.76768 
86.7039 85.4824 17.4888 -6.76771 
88.8951 86.7016 17.4896 -6.76809 
91.0865 87.9223 17.492 -6.76892 
93.2776 89.145 17.4957 -6.7697 
95.4686 90.3699 17.5003 -6.77077 
62.676 69.5514 17.5163 -6.77596 
64.8495 70.7798 17.5167 -6.77587 
67.0248 72.0068 17.5163 -6.77557 
69.2018 73.232 17.5152 -6.77488 
71.3807 74.4554 17.5133 -6.77383 
73.5616 75.6776 17.5106 -6.77272 
75.7445 76.8981 17.5072 -6.7716 
77.929 78.1174 17.5035 -6.7703 
80.1153 79.3359 17.4998 -6.76949 
82.303 80.5536 17.4964 -6.76887 
84.4918 81.7712 17.4938 -6.76825 
86.6817 82.9893 17.4923 -6.76828 
88.8723 84.2084 17.4922 -6.76862 
91.0628 85.4288 17.4936 -6.76912 
93.2535 86.651 17.4965 -6.76989 
95.4442 87.8753 17.5004 -6.77089 
97.6342 89.102 17.505 -6.77179 
99.824 90.3311 17.5096 -6.77262 
67.0127 69.5025 17.5195 -6.77636 
69.189 70.7294 17.5186 -6.77568 
71.3671 71.9548 17.5169 -6.77493 
73.547 73.1784 17.5145 -6.77397 
75.7287 74.4004 17.5113 -6.7727 
77.9124 75.6211 17.5077 -6.77154 
80.0978 76.8408 17.504 -6.77049 
82.2845 78.0594 17.5004 -6.76957 
84.4725 79.2779 17.4975 -6.76903 
86.6616 80.4965 17.4954 -6.76889 
88.8512 81.7156 17.4946 -6.76894 
91.0414 82.9359 17.4952 -6.76924 
93.2317 84.1577 17.4972 -6.77006 
95.4217 85.3814 17.5004 -6.77086 
97.6114 86.6072 17.5045 -6.77167 
99.8008 87.8354 17.5089 -6.7727 
101.989 89.0661 17.5132 -6.77356 
104.178 90.2989 17.5169 -6.77411 
106.365 91.534 17.5197 -6.77464 
71.3549 69.4535 17.5197 -6.77568 
73.534 70.6787 17.5175 -6.77468 
75.7148 71.9025 17.5146 -6.77355 
77.8976 73.1247 17.5111 -6.77248 
80.0819 74.3455 17.5074 -6.77138 
82.2678 75.5653 17.5038 -6.77038 
84.455 76.7846 17.5006 -6.76976 
86.6432 78.0036 17.4981 -6.7693 
88.8322 79.2232 17.4967 -6.76913 
91.0217 80.4434 17.4965 -6.76946 
93.2116 81.6649 17.4978 -6.76996 
95.4012 82.888 17.5003 -6.77063 
97.5905 84.1132 17.5038 -6.77156 
99.7794 85.3406 17.5079 -6.7726 
101.968 86.5701 17.5122 -6.7734 
104.155 87.8019 17.5162 -6.77412 
106.342 89.036 17.5194 -6.77482 
108.529 90.2723 17.5217 -6.77501 
110.714 91.5106 17.5231 -6.77524 
75.7023 69.404 17.5171 -6.77438 
77.8842 70.6277 17.5138 -6.77321 
80.0676 71.8499 17.5102 -6.77202 
82.2526 73.071 17.5066 -6.7711 
84.4391 74.2911 17.5032 -6.77029 
86.6264 75.5108 17.5004 -6.76964 
88.8147 76.7307 17.4985 -6.76945 
91.0038 77.9511 17.4978 -6.76952 
93.193 79.1725 17.4983 -6.76987 
95.3822 80.3952 17.5001 -6.77048 
97.5712 81.6197 17.503 -6.77141 
99.7597 82.8462 17.5068 -6.77233 
101.948 84.0748 17.5109 -6.77311 
104.135 85.3057 17.5149 -6.77406 
106.322 86.5387 17.5185 -6.77466 
108.508 87.774 17.5213 -6.77518 
110.693 89.0113 17.5232 -6.77547 
112.878 90.2504 17.5243 -6.77558 
115.062 91.4913 17.5245 -6.7755 
80.0544 69.3541 17.5124 -6.77272 
82.2388 70.5763 17.5088 -6.77163 
84.4244 71.7973 17.5054 -6.77075 
86.6111 73.0179 17.5024 -6.77001 
88.7988 74.2384 17.5001 -6.76974 
90.9871 75.459 17.4989 -6.76963 
93.1757 76.6803 17.4988 -6.76984 
95.3646 77.9027 17.5 -6.77037 
97.5533 79.1267 17.5023 -6.77106 
99.7414 80.3524 17.5055 -6.77187 
101.929 81.5802 17.5094 -6.77275 
104.116 82.8101 17.5134 -6.77376 
106.302 84.0421 17.5172 -6.77447 
108.488 85.2764 17.5204 -6.77523 
110.673 86.5126 17.5228 -6.77553 
112.857 87.7509 17.5244 -6.77587 
115.041 88.9907 17.5252 -6.7758 
117.225 90.2322 17.5252 -6.77579 
84.4108 69.3036 17.5071 -6.7712 
86.597 70.5249 17.504 -6.77047 
88.784 71.7459 17.5015 -6.76996 
90.9717 72.9668 17.4999 -6.76967 
93.1599 74.1883 17.4993 -6.76968 
95.3483 75.4106 17.4999 -6.77014 
97.5366 76.6339 17.5016 -6.77083 
99.7245 77.859 17.5044 -6.77149 
101.912 79.0861 17.5079 -6.77242 
104.099 80.3151 17.5117 -6.77337 
106.285 81.5461 17.5156 -6.77421 
108.47 82.7793 17.519 -6.77499 
110.655 84.0145 17.5219 -6.77538 
112.839 85.2517 17.5239 -6.77597 
115.022 86.4907 17.5252 -6.776 
88.7701 69.2534 17.5027 -6.77027 
90.9573 70.4749 17.5007 -6.76979 
93.145 71.6964 17.4997 -6.76976 
95.333 72.9185 17.4998 -6.76994 
97.521 74.1415 17.501 -6.77032 
99.7088 75.3661 17.5033 -6.77107 
101.896 76.5924 17.5064 -6.77202 
104.082 77.8205 17.51 -6.77286 
106.269 79.0506 17.5138 -6.77375 
108.454 80.2826 17.5174 -6.77462 
110.638 81.5169 17.5206 -6.77528 
112.822 82.7531 17.5231 -6.7758 
93.131 69.2046 17.5001 -6.76974 
95.3186 70.4267 17.4998 -6.76979 
97.5064 71.6495 17.5006 -6.7701 
99.694 72.8735 17.5023 -6.77078 
101.881 74.0989 17.5051 -6.7715 
104.068 75.3263 17.5084 -6.77225 
106.253 76.5555 17.5121 -6.77334 
108.438 77.7865 17.5158 -6.77409 
110.623 79.0197 17.5191 -6.775 
97.4927 69.1577 17.5002 -6.7699 
99.6801 70.3812 17.5016 -6.77032 
101.867 71.606 17.5038 -6.77101 
104.054 72.8326 17.5069 -6.77186 
106.239 74.0607 17.5104 -6.77276 
108.424 75.2908 17.514 -6.77359 
101.854 69.1134 17.5028 -6.77058 
104.04 70.3391 17.5055 -6.77138 
106.226 71.5665 17.5088 -6.77215 
67.6157 114.576 17.3572 -6.74194 
65.3626 110.868 17.3623 -6.74273 
67.5594 112.072 17.3598 -6.74238 
69.7567 113.276 17.3623 -6.74276 
71.9539 114.481 17.3694 -6.74385 
63.113 107.158 17.3796 -6.74572 
65.308 108.363 17.3715 -6.74438 
67.5042 109.567 17.3671 -6.74352 
69.7011 110.771 17.3671 -6.74351 
71.8984 111.976 17.3716 -6.74427 
74.0956 113.183 17.3797 -6.74574 
76.2921 114.391 17.3902 -6.74745 
60.8702 103.445 17.4017 -6.74964 
63.0621 104.652 17.3918 -6.74783 
65.2556 105.858 17.3834 -6.74639 
67.4506 107.063 17.3777 -6.74537 
69.6468 108.268 17.3757 -6.74502 
71.8438 109.473 17.3778 -6.74537 
74.0411 110.679 17.3835 -6.74631 
76.2382 111.887 17.3918 -6.7478 
78.4349 113.097 17.4017 -6.74974 
80.6305 114.31 17.4124 -6.75166 
58.6362 99.7257 17.4232 -6.75381 
60.8239 100.937 17.4134 -6.752 
63.0137 102.146 17.4045 -6.7502 
65.2057 103.353 17.3964 -6.74866 
67.3994 104.559 17.3902 -6.74751 
69.5946 105.764 17.3868 -6.74697 
71.7907 106.969 17.3868 -6.74695 
73.9878 108.176 17.3902 -6.74749 
76.185 109.384 17.3964 -6.74868 
78.382 110.593 17.4045 -6.7502 
80.5785 111.806 17.4137 -6.75184 
82.7743 113.022 17.4234 -6.7538 
84.9689 114.241 17.4333 -6.75584 
56.4127 96.0009 17.4431 -6.75787 
58.5958 97.2159 17.4338 -6.75603 
60.7812 98.4286 17.425 -6.75434 
62.969 99.6389 17.417 -6.7527 
65.159 100.847 17.4095 -6.75118 
67.3511 102.054 17.4033 -6.74996 
69.5449 103.26 17.3991 -6.74921 
71.7402 104.467 17.3975 -6.74884 
73.9364 105.673 17.399 -6.74916 
76.1332 106.881 17.4031 -6.74997 
78.3303 108.091 17.4094 -6.75104 
80.5271 109.303 17.4172 -6.75258 
82.7236 110.518 17.4258 -6.75424 
84.9191 111.737 17.4348 -6.75599 
87.1137 112.958 17.4439 -6.7578 
89.3074 114.183 17.4527 -6.7597 
54.1989 92.271 17.4611 -6.76166 
56.3778 93.4897 17.4525 -6.7599 
58.559 94.706 17.4442 -6.75835 
60.7423 95.9199 17.4364 -6.75672 
62.9278 97.1318 17.429 -6.75513 
65.1158 98.3417 17.4222 -6.75372 
67.3062 99.5501 17.4163 -6.75252 
69.4984 100.757 17.4116 -6.75162 
71.6923 101.964 17.409 -6.7511 
73.8876 103.172 17.4088 -6.75107 
76.0838 104.38 17.4112 -6.75147 
78.2804 105.589 17.4158 -6.75235 
80.4773 106.801 17.4222 -6.7536 
82.6739 108.016 17.4298 -6.75504 
84.87 109.234 17.438 -6.75655 
87.0654 110.455 17.4464 -6.75817 
89.26 111.679 17.4547 -6.75992 
91.4535 112.906 17.4625 -6.76154 
93.6459 114.136 17.4697 -6.7632 
58.5253 92.196 17.4542 -6.76067 
60.7067 93.4114 17.4472 -6.75916 
62.8904 94.6247 17.4407 -6.75767 
65.0764 95.8361 17.4346 -6.75629 
67.2647 97.0459 17.429 -6.75508 
69.4553 98.2545 17.4242 -6.75401 
71.6478 99.4625 17.4208 -6.75335 
73.8419 100.67 17.4193 -6.75307 
76.0371 101.879 17.4201 -6.75322 
78.2332 103.089 17.4232 -6.7539 
80.4296 104.301 17.4283 -6.75484 
82.6261 105.515 17.4348 -6.75609 
84.8224 106.732 17.4422 -6.75744 
87.0183 107.953 17.45 -6.75892 
89.2134 109.176 17.4579 -6.76047 
91.4074 110.402 17.4653 -6.76187 
93.6009 111.632 17.472 -6.76331 
95.7932 112.864 17.4779 -6.76474 
97.9845 114.099 17.4829 -6.76591 
62.8564 92.1176 17.452 -6.76032 
65.0405 93.3307 17.4465 -6.75894 
67.2271 94.542 17.4413 -6.75767 
69.4158 95.7519 17.4366 -6.75651 
71.6068 96.9611 17.4327 -6.75567 
73.7995 98.17 17.4302 -6.75521 
75.9936 99.3792 17.4297 -6.75508 
78.1888 100.59 17.4313 -6.75549 
80.3847 101.801 17.4349 -6.7563 
82.5808 103.015 17.4404 -6.75727 
84.777 104.232 17.447 -6.75852 
86.9729 105.452 17.4543 -6.75992 
89.1682 106.674 17.4618 -6.76115 
91.3628 107.9 17.4689 -6.76254 
93.5567 109.129 17.4753 -6.76384 
95.7495 110.361 17.4808 -6.765 
97.9416 111.595 17.4854 -6.76601 
100.133 112.832 17.489 -6.76711 
102.323 114.071 17.4919 -6.76776 
67.193 92.0383 17.4533 -6.76026 
69.38 93.2498 17.4488 -6.75911 
71.5694 94.4603 17.4445 -6.75823 
73.7606 95.6703 17.4414 -6.75742 
75.9535 96.8803 17.4397 -6.75716 
78.1477 98.0909 17.4399 -6.75735 
80.3427 99.303 17.4422 -6.75777 
82.5383 100.517 17.4464 -6.75869 
84.7342 101.733 17.4521 -6.75978 
86.9297 102.952 17.4589 -6.76094 
89.125 104.174 17.466 -6.7622 
91.3197 105.399 17.4729 -6.7634 
93.5137 106.627 17.4792 -6.7646 
95.7071 107.858 17.4845 -6.7656 
97.8995 109.092 17.4887 -6.76647 
100.091 110.328 17.492 -6.76743 
102.282 111.566 17.4944 -6.7678 
104.472 112.806 17.4961 -6.76857 
106.661 114.048 17.4972 -6.76905 
71.5356 91.9597 17.4564 -6.76061 
73.7252 93.1709 17.4527 -6.75967 
75.917 94.3818 17.45 -6.75924 
78.1098 95.5931 17.449 -6.75917 
80.304 96.8054 17.4499 -6.75939 
82.4989 98.0192 17.4527 -6.76008 
84.6939 99.2352 17.4574 -6.761 
86.889 100.454 17.4633 -6.76208 
89.0841 101.675 17.47 -6.7633 
91.2785 102.899 17.4768 -6.76445 
93.4727 104.126 17.483 -6.76545 
95.6661 105.357 17.4883 -6.76637 
97.8589 106.589 17.4925 -6.76724 
100.051 107.825 17.4956 -6.76791 
102.242 109.063 17.4977 -6.76823 
104.432 110.302 17.499 -6.76885 
106.622 111.544 17.4996 -6.76902 
108.811 112.787 17.4999 -6.76926 
111 114.031 17.4999 -6.76962 
75.8836 91.8837 17.4605 -6.76134 
78.0754 93.0958 17.4584 -6.76092 
80.2685 94.3084 17.458 -6.76106 
82.4622 95.5225 17.4595 -6.76153 
84.6566 96.7383 17.4628 -6.76226 
86.8513 97.9563 17.4677 -6.76322 
89.0457 99.177 17.4738 -6.76436 
91.24 100.4 17.4802 -6.76547 
93.4338 101.627 17.4865 -6.76644 
95.6271 102.856 17.4919 -6.76742 
97.8197 104.088 17.4962 -6.7681 
100.012 105.323 17.4994 -6.76864 
102.203 106.56 17.5014 -6.76899 
104.394 107.799 17.5025 -6.76941 
106.584 109.04 17.5028 -6.76935 
108.773 110.282 17.5026 -6.76952 
110.962 111.526 17.5021 -6.76968 
113.151 112.772 17.5014 -6.76963 
115.338 114.018 17.5008 -6.76979 
80.236 91.8121 17.4662 -6.76266 
82.4289 93.0263 17.4664 -6.76292 
84.6224 94.2422 17.4684 -6.76344 
86.8163 95.46 17.4721 -6.76429 
89.0103 96.68 17.4773 -6.76534 
91.2041 97.9029 17.4833 -6.76634 
93.3975 99.1286 17.4894 -6.7675 
95.5903 100.357 17.4949 -6.76842 
97.7827 101.588 17.4995 -6.76894 
99.9746 102.822 17.5029 -6.7696 
102.166 104.058 17.5051 -6.76986 
104.356 105.296 17.5062 -6.77005 
106.546 106.537 17.5064 -6.77007 
108.736 107.779 17.5059 -6.77003 
110.925 109.022 17.505 -6.77 
113.114 110.267 17.5039 -6.76982 
115.302 111.513 17.5027 -6.76983 
117.49 112.76 17.5016 -6.76976 
119.677 114.007 17.5008 -6.76973 
84.5912 91.7469 17.474 -6.76466 
86.7844 92.9645 17.4765 -6.76529 
88.9777 94.1844 17.4806 -6.76618 
91.1709 95.4065 17.4859 -6.76725 
93.3638 96.6312 17.4917 -6.76835 
95.5562 97.8589 17.4972 -6.76919 
97.7483 99.0892 17.5021 -6.76994 
99.9396 100.322 17.5058 -6.77053 
102.131 101.557 17.5083 -6.77076 
104.321 102.795 17.5097 -6.77094 
106.511 104.034 17.51 -6.77092 
108.7 105.276 17.5095 -6.7708 
110.889 106.519 17.5084 -6.77064 
113.078 107.763 17.507 -6.77031 
115.266 109.009 17.5054 -6.77023 
117.454 110.255 17.5038 -6.76985 
119.641 111.502 17.5024 -6.76978 
121.828 112.75 17.5012 -6.76975 
124.015 113.999 17.5004 -6.76957 
88.9477 91.6895 17.4838 -6.76702 
91.1403 92.9109 17.4882 -6.76798 
93.3327 94.135 17.4934 -6.76898 
95.5248 95.3617 17.4988 -6.76986 
97.7162 96.591 17.5039 -6.77077 
99.907 97.823 17.508 -6.77135 
102.098 99.0573 17.5109 -6.77161 
104.288 100.294 17.5127 -6.77194 
106.477 101.533 17.5133 -6.77178 
108.666 102.773 17.513 -6.77162 
110.855 104.016 17.512 -6.77145 
113.043 105.26 17.5104 -6.77109 
115.231 106.505 17.5086 -6.77085 
117.419 107.751 17.5067 -6.77032 
119.606 108.998 17.5048 -6.77016 
121.793 110.245 17.5031 -6.76989 
123.98 111.494 17.5017 -6.76962 
126.167 112.743 17.5006 -6.76968 
128.354 113.992 17.5 -6.76961 
93.3041 91.6396 17.4947 -6.76945 
95.4955 92.8654 17.4998 -6.77038 
97.6866 94.0938 17.5049 -6.77136 
99.8771 95.3248 17.5093 -6.7719 
102.067 96.5583 17.5127 -6.77245 
104.257 97.794 17.515 -6.77275 
106.446 99.032 17.5161 -6.77268 
108.634 100.272 17.5161 -6.77257 
110.823 101.514 17.5153 -6.77234 
113.01 102.757 17.5139 -6.77192 
115.198 104.001 17.5121 -6.77155 
117.385 105.247 17.5099 -6.77112 
119.572 106.493 17.5078 -6.77078 
121.759 107.741 17.5057 -6.7703 
123.946 108.989 17.5038 -6.76994 
126.133 110.237 17.5022 -6.76985 
128.319 111.486 17.5009 -6.76961 
130.506 112.735 17.5001 -6.76953 
97.6594 91.5974 17.5052 -6.7717 
99.8493 92.8276 17.5098 -6.77228 
102.039 94.06 17.5136 -6.77313 
104.228 95.2949 17.5164 -6.77332 
106.417 96.532 17.5181 -6.77357 
108.605 97.7711 17.5187 -6.77345 
110.792 99.012 17.5183 -6.77324 
112.98 100.254 17.5172 -6.77278 
115.167 101.498 17.5155 -6.77242 
117.353 102.743 17.5134 -6.772 
119.54 103.989 17.5111 -6.77149 
121.726 105.236 17.5088 -6.77103 
123.913 106.484 17.5065 -6.77059 
126.099 107.732 17.5045 -6.77032 
128.285 108.981 17.5027 -6.76993 
102.013 91.5626 17.5138 -6.77346 
104.202 92.7966 17.5171 -6.7738 
106.39 94.0327 17.5193 -6.77423 
108.577 95.2708 17.5205 -6.77414 
110.764 96.5109 17.5206 -6.77412 
112.951 97.7527 17.5199 -6.77365 
115.137 98.9958 17.5186 -6.77337 
117.324 100.24 17.5167 -6.77283 
119.509 101.486 17.5145 -6.77232 
121.695 102.732 17.5121 -6.77186 
123.881 103.98 17.5097 -6.77138 
126.067 105.228 17.5074 -6.77098 
108.552 92.7712 17.5215 -6.77467 
110.738 94.0105 17.5222 -6.77477 
112.924 95.2514 17.5221 -6.77445 
115.11 96.4938 17.5212 -6.77428 
117.295 97.7377 17.5197 -6.77374 
119.481 98.9827 17.5177 -6.77328 
121.666 100.229 17.5155 -6.77275 
123.851 101.476 17.513 -6.77223 
112.9 92.7506 17.5235 -6.77509 
115.085 93.9923 17.5232 -6.77496 
117.27 95.2354 17.5221 -6.7746 
119.454 96.4798 17.5206 -6.77414 
121.639 97.7253 17.5186 -6.77369 
117.246 92.7336 17.524 -6.77529 
119.43 93.9773 17.5229 -6.77494 
79.8128 21.883 17.5248 -6.77774 
77.6057 18.1367 17.5209 -6.7762 
79.7896 19.3812 17.5227 -6.7768 
81.9736 20.6246 17.524 -6.77723 
84.158 21.8667 17.5247 -6.77766 
75.3946 14.3877 17.5155 -6.77441 
77.5795 15.6339 17.5179 -6.77519 
79.7639 16.8792 17.52 -6.77567 
81.9491 18.1234 17.5218 -6.77634 
84.1341 19.3661 17.523 -6.77683 
86.3194 20.6073 17.5235 -6.77707 
88.505 21.8469 17.5232 -6.77725 
73.1804 10.6368 17.5096 -6.77258 
75.3656 11.8841 17.512 -6.77324 
77.5511 13.1308 17.5145 -6.77406 
79.7364 14.3768 17.5168 -6.77448 
81.9224 15.6215 17.5189 -6.77538 
84.1078 16.865 17.5206 -6.77572 
86.294 18.107 17.5216 -6.7762 
88.4802 19.3475 17.5219 -6.77647 
90.667 20.5862 17.5212 -6.77658 
92.854 21.823 17.5195 -6.77639 
95.0415 23.0577 17.5167 -6.77591 
70.9629 6.88418 17.5043 -6.77117 
73.1488 8.13247 17.5063 -6.7715 
75.3347 9.38021 17.5086 -6.77213 
77.5209 10.6276 17.511 -6.77279 
79.707 11.8738 17.5134 -6.77332 
81.8933 13.1193 17.5156 -6.77426 
84.0795 14.3633 17.5176 -6.77452 
86.2664 15.6061 17.5191 -6.77516 
88.4532 16.8474 17.5198 -6.77554 
90.6406 18.087 17.5197 -6.77576 
92.8282 19.3249 17.5186 -6.77572 
95.0165 20.5605 17.5164 -6.7755 
97.2051 21.7938 17.513 -6.77498 
99.3943 23.0247 17.5088 -6.77415 
68.7431 3.13032 17.5008 -6.76999 
70.9294 4.37932 17.502 -6.77043 
73.1156 5.62789 17.5036 -6.77067 
75.3022 6.87613 17.5055 -6.77119 
77.489 8.12374 17.5076 -6.77172 
79.6755 9.37058 17.5098 -6.77221 
81.8625 10.6164 17.5121 -6.77299 
84.0493 11.8612 17.5142 -6.77329 
86.2366 13.1047 17.5159 -6.77412 
88.424 14.3467 17.5171 -6.77441 
90.612 15.5873 17.5175 -6.77472 
92.8003 16.826 17.5169 -6.77489 
94.989 18.0625 17.5152 -6.77484 
97.1782 19.2967 17.5124 -6.77445 
99.3679 20.5286 17.5085 -6.77374 
101.558 21.7579 17.5038 -6.77276 
103.749 22.9845 17.4987 -6.7717 
68.7088 0.6252 17.4999 -6.76964 
70.8951 1.87426 17.5005 -6.76986 
73.0815 3.12309 17.5015 -6.77001 
75.2684 4.37156 17.5029 -6.77046 
77.4551 5.61952 17.5046 -6.77086 
79.6423 6.86687 17.5065 -6.77125 
81.8297 8.11318 17.5086 -6.77181 
84.017 9.35844 17.5106 -6.77218 
86.2049 10.6025 17.5124 -6.77291 
88.3927 11.8454 17.5138 -6.77314 
90.5813 13.0868 17.5146 -6.77368 
92.77 14.3263 17.5145 -6.77381 
94.9593 15.5636 17.5133 -6.77383 
97.1491 16.7988 17.511 -6.77361 
99.3391 18.0315 17.5074 -6.773 
101.53 19.2616 17.5029 -6.77227 
103.721 20.4893 17.4977 -6.77125 
105.913 21.7142 17.4925 -6.76998 
108.105 22.9365 17.4878 -6.76884 
73.0471 0.618003 17.5002 -6.76965 
75.2337 1.86662 17.501 -6.76994 
77.4205 3.11503 17.5022 -6.77018 
79.6079 4.36256 17.5037 -6.77049 
81.7953 5.6094 17.5054 -6.77098 
83.983 6.85507 17.5071 -6.7712 
86.1711 8.0999 17.5088 -6.77173 
88.3596 9.34345 17.5102 -6.77205 
90.5483 10.5854 17.5111 -6.77246 
92.7374 11.8256 17.5113 -6.77265 
94.9273 13.0639 17.5106 -6.77274 
97.1173 14.3 17.5087 -6.77255 
99.3079 15.5335 17.5056 -6.77209 
101.499 16.7647 17.5013 -6.77147 
103.691 17.9932 17.4961 -6.77057 
105.883 19.219 17.4905 -6.76932 
108.076 20.442 17.4851 -6.76818 
110.269 21.6625 17.4806 -6.76703 
112.461 22.8811 17.4774 -6.76594 
77.3855 0.61001 17.5006 -6.76975 
79.5726 1.85785 17.5015 -6.76998 
81.7598 3.10496 17.5027 -6.7703 
83.9476 4.35121 17.504 -6.77039 
86.1358 5.5966 17.5053 -6.77091 
88.3243 6.84058 17.5066 -6.77103 
90.5133 8.08322 17.5074 -6.77127 
92.7029 9.3242 17.5077 -6.77152 
94.8928 10.5633 17.5072 -6.77159 
97.0832 11.8001 17.5057 -6.77132 
99.2744 13.0347 17.5029 -6.77104 
101.466 14.2667 17.499 -6.77048 
103.658 15.4962 17.494 -6.76952 
105.851 16.7229 17.4882 -6.76854 
108.044 17.9468 17.4823 -6.76738 
110.237 19.1679 17.4769 -6.76609 
112.431 20.3864 17.4726 -6.76501 
114.625 21.6029 17.4699 -6.76401 
116.818 22.8178 17.4689 -6.76343 
81.724 0.600129 17.5007 -6.76975 
83.9115 1.84674 17.5015 -6.76998 
86.0994 3.09245 17.5024 -6.77024 
88.2877 4.33707 17.5032 -6.77009 
90.4769 5.58025 17.5038 -6.77048 
92.6665 6.8219 17.504 -6.77045 
94.8564 8.0616 17.5035 -6.7704 
97.047 9.29935 17.5021 -6.7702 
99.2385 10.5348 17.4996 -6.7699 
101.43 11.7678 17.496 -6.76932 
103.623 12.9982 17.4911 -6.76847 
105.816 14.2258 17.4853 -6.76756 
108.009 15.4505 17.4791 -6.76641 
110.203 16.6722 17.473 -6.76513 
112.398 17.8912 17.4677 -6.76395 
114.592 19.108 17.4637 -6.76285 
116.786 20.3226 17.4615 -6.762 
118.979 21.5357 17.4611 -6.76157 
121.172 22.748 17.4625 -6.76162 
86.0623 0.587716 17.5001 -6.7697 
88.2505 1.83282 17.5004 -6.76961 
90.4393 3.0765 17.5006 -6.76978 
92.6284 4.31862 17.5004 -6.76961 
94.8185 5.55906 17.4998 -6.7694 
97.0091 6.7976 17.4983 -6.7692 
99.2004 8.03389 17.4959 -6.76877 
101.392 9.26777 17.4924 -6.76814 
103.585 10.499 17.4877 -6.76742 
105.778 11.7275 17.482 -6.76641 
107.972 12.9529 17.4756 -6.76522 
110.167 14.1752 17.469 -6.76401 
112.361 15.3948 17.4628 -6.76273 
114.556 16.6119 17.4577 -6.7616 
116.751 17.8267 17.4542 -6.76064 
118.945 19.0397 17.4525 -6.75999 
121.139 20.2512 17.4527 -6.75972 
123.331 21.4621 17.4547 -6.75981 
125.522 22.6732 17.4579 -6.76051 
90.4009 0.571884 17.4981 -6.7693 
92.5896 1.81458 17.4975 -6.76897 
94.7794 3.05562 17.4964 -6.76878 
96.9697 4.29478 17.4946 -6.76834 
99.1607 5.53186 17.4921 -6.76781 
101.353 6.7665 17.4885 -6.76713 
103.545 7.99868 17.4839 -6.76624 
105.738 9.22785 17.4782 -6.76534 
107.932 10.454 17.4717 -6.76406 
110.127 11.6772 17.4648 -6.76275 
112.322 12.8973 17.4581 -6.76152 
114.517 14.1147 17.452 -6.76023 
116.713 15.3296 17.4473 -6.75917 
118.908 16.5425 17.4442 -6.75836 
121.102 17.7538 17.4431 -6.75781 
123.296 18.964 17.4439 -6.75789 
125.489 20.1739 17.4464 -6.75821 
127.679 21.384 17.4501 -6.75886 
129.867 22.5949 17.4544 -6.75997 
94.7394 0.551122 17.4938 -6.76835 
96.9292 1.79088 17.4916 -6.76781 
99.1198 3.02866 17.4887 -6.76708 
101.311 4.26407 17.4848 -6.76624 
103.503 5.49701 17.4801 -6.76528 
105.696 6.72693 17.4743 -6.76422 
107.89 7.95402 17.4676 -6.76287 
110.085 9.1779 17.4606 -6.76163 
112.28 10.3988 17.4533 -6.76018 
114.476 11.6166 17.4465 -6.75888 
116.672 12.8318 17.4407 -6.75773 
118.868 14.0446 17.4363 -6.75676 
121.063 15.2554 17.4338 -6.75612 
123.258 16.4651 17.4333 -6.7558 
125.452 17.674 17.4348 -6.75597 
127.644 18.883 17.438 -6.75652 
129.834 20.0925 17.4422 -6.75746 
132.022 21.3031 17.447 -6.75856 
134.207 22.5153 17.4521 -6.75976 
99.078 0.52428 17.486 -6.7667 
101.269 1.76041 17.4818 -6.76573 
103.46 2.99399 17.4767 -6.76461 
105.653 4.22479 17.4706 -6.7633 
107.846 5.45268 17.4638 -6.76191 
110.041 6.67741 17.4564 -6.76061 
112.236 7.89905 17.4487 -6.75903 
114.432 9.11748 17.4414 -6.75767 
116.628 10.3329 17.4345 -6.75631 
118.825 11.5457 17.429 -6.75514 
121.021 12.7564 17.4251 -6.7544 
123.216 13.9655 17.4231 -6.75389 
125.411 15.1737 17.4235 -6.75379 
127.604 16.3816 17.4258 -6.75421 
129.796 17.5899 17.4297 -6.755 
131.986 18.7991 17.4348 -6.75603 
134.173 20.0096 17.4403 -6.75731 
136.358 21.2219 17.4464 -6.75871 
138.541 22.4363 17.4528 -6.76013 
103.416 0.489705 17.4742 -6.76416 
105.608 1.72126 17.4677 -6.76284 
107.801 2.94992 17.4605 -6.76127 
109.995 4.17552 17.4526 -6.75965 
112.19 5.39775 17.4446 -6.75809 
114.385 6.61696 17.4366 -6.75657 
116.582 7.83305 17.4289 -6.75506 
118.778 9.04602 17.4223 -6.75375 
120.975 10.2565 17.4169 -6.75264 
123.171 11.4651 17.4135 -6.75196 
125.367 12.6729 17.4124 -6.7517 
127.562 13.88 17.4136 -6.75195 
129.755 15.087 17.4172 -6.75256 
131.947 16.2947 17.4222 -6.75354 
134.136 17.5039 17.4282 -6.75482 
136.323 18.7147 17.435 -6.75624 
138.508 19.9275 17.4422 -6.75784 
140.69 21.1425 17.4499 -6.75947 
142.87 22.3602 17.458 -6.76107 
107.755 0.44576 17.4583 -6.76101 
109.948 1.67202 17.4501 -6.75913 
112.142 2.89517 17.4414 -6.75747 
114.337 4.11511 17.4326 -6.75577 
116.533 5.33165 17.4242 -6.75406 
118.729 6.54501 17.4163 -6.75249 
120.926 7.75584 17.4095 -6.75118 
123.123 8.96437 17.4045 -6.75019 
125.32 10.1713 17.4017 -6.74968 
127.516 11.3776 17.4018 -6.74961 
129.71 12.584 17.4045 -6.75011 
131.903 13.7905 17.4093 -6.75111 
134.095 14.9981 17.4159 -6.75239 
136.284 16.2075 17.4232 -6.75385 
138.47 17.4189 17.4313 -6.75544 
140.655 18.6325 17.4399 -6.75732 
142.837 19.8486 17.449 -6.75917 
112.094 0.391024 17.4396 -6.75726 
114.287 1.61167 17.4302 -6.75517 
116.483 2.82878 17.4208 -6.75336 
118.679 4.04302 17.4117 -6.75162 
120.875 5.25412 17.4033 -6.75005 
123.073 6.4626 17.3964 -6.74864 
125.27 7.66953 17.3918 -6.74781 
127.466 8.87529 17.3902 -6.74757 
129.662 10.0806 17.3918 -6.74788 
131.856 11.2862 17.3964 -6.74859 
134.05 12.4927 17.4031 -6.74992 
136.241 13.7006 17.4111 -6.75145 
138.43 14.9105 17.4202 -6.75327 
140.616 16.1229 17.4296 -6.75515 
116.432 0.324749 17.4192 -6.75304 
118.627 1.53939 17.409 -6.75114 
120.823 2.75099 17.3991 -6.74914 
123.02 3.96026 17.3902 -6.74762 
125.217 5.16721 17.3834 -6.7464 
127.414 6.37249 17.3797 -6.74572 
129.611 7.57721 17.3797 -6.74573 
131.807 8.78188 17.3835 -6.74635 
134.001 9.98731 17.3902 -6.74754 
136.194 11.1941 17.3989 -6.74911 
138.385 12.4027 17.4088 -6.75108 
120.77 0.246769 17.3975 -6.74883 
122.967 1.45634 17.3868 -6.74699 
125.163 2.66359 17.3777 -6.74529 
127.36 3.8692 17.3715 -6.74426 
129.558 5.07362 17.3694 -6.74392 
131.754 6.27757 17.3716 -6.74434 
133.95 7.48222 17.3778 -6.74536 
136.144 8.68791 17.3868 -6.74695 
125.108 0.159132 17.3757 -6.74492 
127.306 1.36485 17.3671 -6.74352 
129.503 2.56939 17.3623 -6.74272 
131.7 3.77328 17.3623 -6.7427 
133.896 4.97722 17.3671 -6.74353 
129.447 0.0648045 17.3598 -6.74243 
131.644 1.26863 17.3572 -6.74186 
93.011 44.2812 17.5078 -6.77326 
95.1966 45.5075 17.5046 -6.77215 
90.8131 40.5587 17.513 -6.77511 
92.998 41.7876 17.5093 -6.77398 
95.1836 43.0148 17.5059 -6.77274 
97.37 44.2403 17.5031 -6.77173 
99.5571 45.4641 17.5011 -6.77078 
88.6153 36.8322 17.5184 -6.77678 
90.7994 38.0639 17.5148 -6.7758 
92.9842 39.2937 17.511 -6.77457 
95.1701 40.5217 17.5073 -6.77341 
97.3565 41.7478 17.5042 -6.77225 
99.5435 42.9723 17.5018 -6.7713 
101.731 44.1956 17.5004 -6.77056 
103.919 45.4178 17.5001 -6.77003 
86.4171 33.1012 17.523 -6.77806 
88.6005 34.3359 17.5201 -6.77734 
90.7846 35.5687 17.5166 -6.7763 
92.9698 36.7994 17.5128 -6.77518 
95.1557 38.0281 17.5089 -6.77408 
97.342 39.255 17.5054 -6.77289 
99.5293 40.4802 17.5026 -6.7718 
101.717 41.7036 17.5008 -6.77091 
103.905 42.9259 17.5 -6.77019 
106.093 44.1477 17.5003 -6.7699 
108.28 45.3691 17.5016 -6.76979 
84.2178 29.3656 17.5259 -6.77869 
86.4009 30.6033 17.5241 -6.77834 
88.5845 31.8392 17.5216 -6.77763 
90.769 33.0731 17.5183 -6.7768 
92.9542 34.3047 17.5145 -6.7759 
95.14 35.5343 17.5106 -6.77467 
97.3268 36.762 17.5068 -6.77349 
99.5142 37.9877 17.5036 -6.7723 
101.702 39.2116 17.5012 -6.77127 
103.89 40.4341 17.4999 -6.77052 
106.078 41.6557 17.4998 -6.76993 
108.266 42.8767 17.5008 -6.76974 
110.454 44.0978 17.5027 -6.76976 
112.641 45.319 17.5054 -6.77015 
82.0165 25.6261 17.5266 -6.77846 
84.1997 26.8663 17.5261 -6.77859 
86.383 28.105 17.5249 -6.77833 
88.5673 29.342 17.5228 -6.77795 
90.7519 30.5768 17.5199 -6.77718 
92.9372 31.8095 17.5163 -6.77625 
95.1235 33.0401 17.5123 -6.77518 
97.3104 34.2685 17.5083 -6.77405 
99.4979 35.495 17.5046 -6.77285 
101.686 36.7195 17.5017 -6.77165 
103.874 37.9424 17.4999 -6.77082 
106.063 39.1639 17.4993 -6.77016 
108.251 40.3847 17.4998 -6.76966 
110.44 41.6052 17.5014 -6.76962 
112.627 42.8255 17.5039 -6.76984 
114.813 44.0464 17.507 -6.77032 
116.999 45.2684 17.5104 -6.77106 
81.9961 23.1255 17.5256 -6.77796 
84.1797 24.3668 17.5257 -6.77823 
86.3638 25.6063 17.5251 -6.77817 
88.5484 26.8441 17.5235 -6.77789 
90.7333 28.08 17.5211 -6.77736 
92.9191 29.3139 17.5178 -6.77666 
95.1055 30.5454 17.5139 -6.77571 
97.2927 31.7747 17.5097 -6.77459 
99.4804 33.002 17.5057 -6.77334 
101.669 34.2273 17.5023 -6.77223 
103.857 35.4506 17.4999 -6.77122 
106.046 36.6723 17.4986 -6.77031 
108.235 37.8931 17.4987 -6.76977 
110.424 39.1131 17.4999 -6.76958 
112.612 40.3328 17.5021 -6.76962 
114.799 41.5527 17.505 -6.76989 
116.985 42.7731 17.5084 -6.77062 
119.17 43.9949 17.512 -6.77141 
121.353 45.2183 17.5154 -6.77221 
86.3427 23.1071 17.5246 -6.77773 
88.5276 24.3459 17.5237 -6.77769 
90.7132 25.5827 17.5218 -6.77741 
92.8993 26.8175 17.5189 -6.77686 
95.0861 28.0501 17.5153 -6.776 
97.2734 29.2804 17.5111 -6.77495 
99.4613 30.5086 17.5068 -6.77377 
101.65 31.7345 17.5029 -6.77263 
103.839 32.9584 17.4999 -6.77147 
106.028 34.1805 17.4979 -6.77048 
108.218 35.4011 17.4973 -6.76984 
110.407 36.6208 17.498 -6.76943 
112.596 37.8402 17.4999 -6.76927 
114.784 39.0593 17.5026 -6.76951 
116.971 40.2788 17.5059 -6.77003 
119.156 41.4992 17.5095 -6.77075 
121.34 42.7207 17.513 -6.77168 
123.523 43.9438 17.5161 -6.77259 
125.703 45.1687 17.5187 -6.77338 
90.6911 23.0848 17.5218 -6.77712 
92.8777 24.3205 17.5195 -6.77672 
95.0647 25.5541 17.5163 -6.7761 
97.2524 26.7855 17.5122 -6.77512 
99.4409 28.0145 17.5078 -6.77411 
101.63 29.2413 17.5035 -6.77293 
103.819 30.4659 17.4998 -6.7717 
106.009 31.6884 17.4972 -6.7707 
108.199 32.9091 17.4958 -6.76988 
110.389 34.1287 17.4959 -6.7693 
112.578 35.3474 17.4972 -6.769 
114.767 36.5658 17.4996 -6.76914 
116.955 37.7845 17.5028 -6.76947 
119.141 39.0037 17.5064 -6.77001 
121.326 40.2239 17.51 -6.77091 
123.509 41.4454 17.5133 -6.77183 
125.691 42.6684 17.5161 -6.77271 
127.87 43.8931 17.5181 -6.77354 
130.048 45.1196 17.5193 -6.77408 
97.2298 24.2901 17.5129 -6.77517 
99.4186 25.52 17.5085 -6.77426 
101.608 26.7476 17.5039 -6.77312 
103.798 27.9728 17.4997 -6.77187 
105.988 29.1958 17.4963 -6.77077 
108.178 30.4168 17.4941 -6.76981 
110.369 31.6364 17.4934 -6.76895 
112.559 32.8548 17.4941 -6.76861 
114.748 34.0726 17.4961 -6.76857 
116.937 35.2903 17.499 -6.76875 
119.124 36.5083 17.5025 -6.76941 
121.31 37.7273 17.5062 -6.77008 
123.495 38.9474 17.5097 -6.77089 
125.677 40.1687 17.5127 -6.77184 
127.858 41.3918 17.515 -6.77275 
130.036 42.6163 17.5164 -6.77346 
132.213 43.8427 17.5171 -6.77385 
134.388 45.0708 17.5169 -6.7741 
101.584 24.2531 17.5041 -6.773 
103.774 25.479 17.4994 -6.77189 
105.965 26.7025 17.4952 -6.77073 
108.156 27.924 17.4922 -6.76958 
110.347 29.1436 17.4906 -6.76871 
112.538 30.3618 17.4905 -6.76816 
114.728 31.5791 17.4919 -6.76783 
116.918 32.7961 17.4944 -6.76787 
119.106 34.0132 17.4977 -6.76841 
121.293 35.2308 17.5014 -6.76909 
123.478 36.4494 17.5051 -6.76989 
125.661 37.6692 17.5083 -6.77086 
127.843 38.8906 17.5109 -6.77165 
130.022 40.1135 17.5127 -6.77236 
132.2 41.3382 17.5136 -6.77305 
134.376 42.5643 17.5138 -6.77347 
136.55 43.7922 17.5132 -6.77345 
138.722 45.0215 17.5122 -6.77335 
105.94 24.2087 17.494 -6.77046 
108.132 25.4306 17.4901 -6.76928 
110.323 26.6503 17.4875 -6.76831 
112.515 27.8685 17.4865 -6.76753 
114.706 29.0855 17.4871 -6.76705 
116.897 30.3016 17.489 -6.76708 
119.086 31.5177 17.492 -6.76729 
121.274 32.7343 17.4956 -6.76772 
123.46 33.9515 17.4994 -6.76868 
125.644 35.1699 17.5029 -6.76963 
127.826 36.3895 17.5058 -6.77052 
130.007 37.6107 17.508 -6.77136 
132.186 38.8337 17.5093 -6.77199 
134.362 40.0584 17.5098 -6.7724 
136.537 41.2844 17.5096 -6.77268 
138.71 42.5119 17.509 -6.77281 
140.881 43.741 17.5079 -6.77249 
143.051 44.9713 17.5068 -6.7722 
110.297 24.1567 17.4842 -6.76767 
112.489 25.3749 17.4821 -6.7668 
114.681 26.5916 17.4817 -6.76618 
116.873 27.8071 17.4829 -6.76593 
119.063 29.0222 17.4854 -6.76607 
121.252 30.2375 17.4887 -6.7665 
123.44 31.4535 17.4925 -6.76723 
125.625 32.6704 17.4962 -6.76798 
127.809 33.8885 17.4995 -6.76899 
129.99 35.1081 17.5021 -6.77003 
132.169 36.3294 17.5039 -6.77074 
134.347 37.5523 17.5049 -6.77124 
136.522 38.7767 17.5052 -6.77164 
138.696 40.0028 17.505 -6.77179 
140.868 41.2301 17.5045 -6.7718 
143.038 42.459 17.5038 -6.77162 
145.208 43.6893 17.503 -6.77132 
147.376 44.9204 17.5023 -6.77101 
114.654 24.0975 17.4759 -6.76524 
116.847 25.3127 17.4761 -6.76476 
119.038 26.5269 17.4779 -6.76465 
121.228 27.7409 17.4808 -6.76505 
123.417 28.9555 17.4845 -6.76559 
125.604 30.1708 17.4883 -6.76637 
127.788 31.3872 17.4919 -6.76736 
129.971 32.6053 17.4949 -6.76827 
132.152 33.825 17.4972 -6.7692 
134.33 35.0462 17.4989 -6.76998 
136.506 36.2691 17.4998 -6.77047 
138.681 37.4934 17.5003 -6.77071 
140.853 38.7194 17.5004 -6.77082 
143.024 39.9468 17.5004 -6.7709 
145.194 41.1756 17.5003 -6.77074 
147.363 42.4058 17.5001 -6.7705 
149.53 43.6369 17.5 -6.7703 
151.696 44.869 17.4999 -6.77009 
119.01 24.0314 17.4697 -6.76318 
121.201 25.2445 17.472 -6.76331 
123.391 26.4577 17.4753 -6.76383 
125.579 27.6714 17.4792 -6.76452 
127.766 28.8862 17.483 -6.76552 
129.95 30.1024 17.4864 -6.76651 
132.131 31.3203 17.4894 -6.76736 
134.311 32.54 17.4917 -6.76823 
136.488 33.7613 17.4934 -6.76897 
138.664 34.984 17.4947 -6.7695 
140.837 36.2084 17.4957 -6.7698 
143.009 37.4345 17.4965 -6.76988 
145.179 38.662 17.4972 -6.76999 
147.348 39.8909 17.4978 -6.77 
149.516 41.1211 17.4983 -6.76994 
151.683 42.3525 17.4988 -6.76979 
153.849 43.5848 17.4993 -6.7697 
156.014 44.8177 17.4997 -6.76976 
123.363 23.96 17.4653 -6.76187 
125.552 25.1723 17.4689 -6.76253 
127.74 26.3854 17.4729 -6.76345 
129.925 27.5997 17.4768 -6.76442 
132.109 28.8157 17.4802 -6.76548 
134.29 30.0335 17.4833 -6.76642 
136.468 31.2531 17.4859 -6.76719 
138.645 32.4746 17.4882 -6.76784 
140.819 33.6975 17.4902 -6.76854 
142.992 34.922 17.492 -6.76894 
145.163 36.1484 17.4936 -6.76906 
147.333 37.3762 17.4952 -6.76933 
149.501 38.6054 17.4965 -6.76945 
151.668 39.8358 17.4978 -6.76952 
153.835 41.0676 17.4989 -6.7696 
156.001 42.3004 17.4999 -6.76967 
127.711 23.8847 17.4618 -6.76126 
129.898 25.0973 17.466 -6.76213 
132.083 26.3113 17.47 -6.76334 
134.265 27.5272 17.4738 -6.76439 
136.445 28.7451 17.4773 -6.76528 
138.623 29.9647 17.4806 -6.76621 
140.799 31.1863 17.4838 -6.76694 
142.973 32.4098 17.4868 -6.76753 
145.145 33.6347 17.4896 -6.76825 
147.315 34.8613 17.4922 -6.76864 
149.484 36.0897 17.4946 -6.76883 
151.653 37.3193 17.4967 -6.76926 
153.82 38.5504 17.4985 -6.76949 
132.054 23.8072 17.4588 -6.76102 
134.238 25.0211 17.4633 -6.76205 
136.419 26.237 17.4678 -6.76326 
138.599 27.455 17.4721 -6.76435 
140.776 28.6751 17.4765 -6.76525 
142.951 29.8972 17.4808 -6.76616 
145.124 31.121 17.4849 -6.76702 
147.296 32.3467 17.4888 -6.76772 
149.466 33.5739 17.4923 -6.7683 
151.635 34.8028 17.4954 -6.76884 
136.391 23.7293 17.4573 -6.76104 
138.572 24.9455 17.4628 -6.76225 
140.75 26.164 17.4684 -6.76347 
142.927 27.3846 17.474 -6.76468 
145.102 28.6074 17.4795 -6.76563 
147.275 29.832 17.4847 -6.76662 
149.446 31.0583 17.4895 -6.76766 
140.722 23.6531 17.4594 -6.76147 
142.9 24.8723 17.4664 -6.76288 
145.076 26.0937 17.4732 -6.76428 
147.251 27.3172 17.4799 -6.76549 
145.048 23.5804 17.4662 -6.76262 
104.015 65.3534 17.5034 -6.77056 
106.201 66.5791 17.5062 -6.77128 
108.386 67.8064 17.5094 -6.77208 
101.817 61.637 17.5008 -6.76965 
104.003 62.8609 17.5025 -6.77015 
106.189 64.0859 17.5051 -6.77089 
108.374 65.3123 17.5082 -6.77169 
110.559 66.5404 17.5116 -6.77263 
112.742 67.7701 17.515 -6.77344 
99.6182 57.9221 17.4998 -6.76962 
101.805 59.145 17.5004 -6.76964 
103.992 60.3684 17.5019 -6.76993 
106.178 61.5928 17.5042 -6.77047 
108.363 62.8185 17.5071 -6.77124 
110.548 64.0457 17.5103 -6.77208 
112.731 65.2744 17.5137 -6.77301 
114.914 66.5048 17.5171 -6.77394 
117.095 67.7371 17.52 -6.77477 
99.6066 55.4303 17.4998 -6.76954 
101.793 56.6532 17.5001 -6.76949 
103.98 57.8764 17.5013 -6.76976 
106.166 59.1 17.5034 -6.77023 
108.352 60.3248 17.5061 -6.77087 
110.537 61.551 17.5092 -6.77166 
112.72 62.7788 17.5126 -6.77254 
114.903 64.0083 17.516 -6.77347 
117.085 65.2395 17.519 -6.77442 
119.265 66.4722 17.5217 -6.7751 
121.445 67.7069 17.5239 -6.77582 
97.4079 51.7158 17.5008 -6.77031 
99.5947 52.9388 17.4999 -6.76983 
101.782 54.1615 17.5 -6.7696 
103.968 55.3842 17.5009 -6.76955 
106.155 56.6075 17.5027 -6.76988 
108.341 57.8316 17.5052 -6.77053 
110.526 59.0568 17.5083 -6.77125 
112.71 60.2835 17.5116 -6.77215 
114.893 61.5118 17.5149 -6.77312 
117.075 62.7417 17.5181 -6.77391 
119.255 63.9736 17.5209 -6.77475 
121.435 65.2071 17.5232 -6.77549 
123.613 66.4422 17.525 -6.77592 
125.791 67.6787 17.5263 -6.77648 
95.2092 48 17.5036 -6.77157 
97.3956 49.2242 17.5014 -6.77073 
99.5825 50.4475 17.5002 -6.77012 
101.769 51.6701 17.4999 -6.76976 
103.956 52.8925 17.5006 -6.76964 
106.143 54.1152 17.5022 -6.76982 
108.329 55.3385 17.5045 -6.77025 
110.515 56.5628 17.5074 -6.77091 
112.699 57.7886 17.5106 -6.77177 
114.882 59.0157 17.514 -6.77255 
117.065 60.2445 17.5172 -6.77348 
119.246 61.475 17.5201 -6.77447 
121.425 62.7073 17.5226 -6.77517 
123.604 63.9413 17.5245 -6.77576 
125.781 65.1769 17.5259 -6.77613 
127.958 66.4138 17.5268 -6.77663 
130.133 67.6518 17.5273 -6.77671 
97.3831 46.7323 17.5022 -6.77116 
99.5699 47.9558 17.5006 -6.7704 
101.757 49.1785 17.5 -6.76985 
103.944 50.401 17.5004 -6.76962 
106.131 51.6234 17.5017 -6.76973 
108.318 52.846 17.5038 -6.77002 
110.504 54.0694 17.5065 -6.77066 
112.688 55.294 17.5097 -6.77141 
114.872 56.5201 17.513 -6.77217 
117.055 57.7477 17.5163 -6.77315 
119.236 58.9769 17.5194 -6.77405 
121.416 60.2078 17.522 -6.77481 
123.595 61.4406 17.524 -6.77549 
125.772 62.6751 17.5255 -6.77607 
127.949 63.9109 17.5265 -6.77636 
130.124 65.148 17.527 -6.77656 
132.299 66.3863 17.5272 -6.77674 
134.472 67.6256 17.5271 -6.77674 
101.744 46.687 17.5002 -6.77019 
103.932 47.9094 17.5002 -6.7698 
106.119 49.1314 17.5012 -6.76963 
108.306 50.3537 17.5031 -6.76984 
110.492 51.5765 17.5057 -6.77034 
112.677 52.8 17.5088 -6.77104 
114.861 54.0249 17.5121 -6.77184 
117.044 55.2513 17.5155 -6.7728 
119.226 56.4793 17.5186 -6.77368 
121.406 57.709 17.5213 -6.77448 
123.586 58.9403 17.5235 -6.77527 
125.763 60.1734 17.5251 -6.77585 
127.94 61.4081 17.5262 -6.77614 
130.116 62.6441 17.5267 -6.77652 
132.29 63.8814 17.5268 -6.77655 
134.463 65.1196 17.5267 -6.77663 
136.636 66.3587 17.5263 -6.77661 
138.808 67.5984 17.5257 -6.77635 
106.106 46.6396 17.5008 -6.76978 
108.293 47.8615 17.5024 -6.76983 
110.48 49.0834 17.5048 -6.7701 
112.666 50.3062 17.5078 -6.77061 
114.85 51.5302 17.5111 -6.77147 
117.034 52.7554 17.5145 -6.7724 
119.216 53.9821 17.5177 -6.77324 
121.397 55.2104 17.5206 -6.77418 
123.576 56.4404 17.5229 -6.77499 
125.754 57.6722 17.5246 -6.77553 
127.931 58.9055 17.5257 -6.77611 
130.107 60.1402 17.5263 -6.77635 
132.281 61.3763 17.5264 -6.77652 
134.455 62.6135 17.5262 -6.77643 
136.627 63.8517 17.5256 -6.77631 
138.799 65.0905 17.525 -6.77626 
140.969 66.3299 17.5242 -6.776 
143.14 67.5698 17.5234 -6.77576 
110.467 46.5906 17.5038 -6.76996 
112.654 47.8125 17.5067 -6.77053 
114.839 49.0353 17.5099 -6.77119 
117.023 50.2596 17.5134 -6.77189 
119.206 51.4853 17.5167 -6.77278 
121.387 52.7124 17.5197 -6.77382 
123.567 53.9409 17.5221 -6.77469 
125.745 55.1712 17.524 -6.77532 
127.922 56.4031 17.5252 -6.77577 
130.098 57.6366 17.5258 -6.77614 
132.272 58.8713 17.5259 -6.77629 
134.446 60.1073 17.5256 -6.77634 
136.618 61.3443 17.5249 -6.77626 
138.79 62.5823 17.5241 -6.77595 
140.961 63.8208 17.5231 -6.77572 
143.13 65.0598 17.5221 -6.77549 
145.3 66.2992 17.521 -6.77512 
147.468 67.5389 17.52 -6.77478 
149.637 68.7788 17.519 -6.77442 
114.826 46.5408 17.5086 -6.77083 
117.011 47.7639 17.512 -6.7716 
119.195 48.9882 17.5155 -6.77246 
121.377 50.2141 17.5186 -6.7733 
123.557 51.4416 17.5212 -6.77405 
125.736 52.6706 17.5232 -6.7749 
127.913 53.9011 17.5245 -6.77559 
130.089 55.1332 17.5252 -6.77589 
132.264 56.3665 17.5252 -6.77605 
134.437 57.6012 17.5248 -6.7762 
136.61 58.837 17.5241 -6.77599 
138.781 60.0738 17.5231 -6.77581 
140.951 61.3114 17.5219 -6.77555 
143.121 62.5496 17.5207 -6.77507 
145.29 63.788 17.5194 -6.77479 
147.459 65.0268 17.5182 -6.77439 
149.626 66.2659 17.517 -6.77387 
151.794 67.5051 17.516 -6.77349 
153.961 68.7442 17.5149 -6.77304 
119.183 46.4915 17.5139 -6.77198 
121.365 47.7161 17.5172 -6.77294 
123.546 48.9421 17.5199 -6.77375 
125.726 50.1697 17.5221 -6.77456 
127.904 51.3992 17.5235 -6.77508 
130.08 52.6299 17.5243 -6.77552 
132.255 53.862 17.5244 -6.77593 
134.428 55.0953 17.5239 -6.77582 
136.601 56.3297 17.5231 -6.77577 
138.772 57.5654 17.5219 -6.77559 
140.943 58.8018 17.5206 -6.77524 
143.112 60.0389 17.5191 -6.77489 
145.281 61.2765 17.5177 -6.77437 
147.449 62.5145 17.5163 -6.77396 
149.616 63.7527 17.515 -6.77348 
151.783 64.991 17.5138 -6.77303 
153.95 66.2295 17.5126 -6.77259 
156.116 67.4678 17.5116 -6.77212 
158.282 68.7059 17.5106 -6.77175 
123.535 46.4429 17.5183 -6.77322 
125.715 47.6692 17.5206 -6.7741 
127.893 48.897 17.5222 -6.77468 
130.07 50.1264 17.5231 -6.77517 
132.245 51.3574 17.5232 -6.77542 
134.419 52.5895 17.5228 -6.77556 
136.592 53.8226 17.5219 -6.77556 
138.763 55.0569 17.5206 -6.77529 
140.933 56.2921 17.5191 -6.77494 
143.103 57.5281 17.5175 -6.77455 
145.271 58.7647 17.5159 -6.77408 
147.439 60.0017 17.5144 -6.77356 
149.606 61.239 17.5129 -6.77303 
151.773 62.4767 17.5116 -6.77251 
153.939 63.7145 17.5103 -6.7721 
156.105 64.9521 17.5092 -6.77166 
158.27 66.1897 17.5083 -6.77127 
160.435 67.427 17.5074 -6.77095 
162.601 68.664 17.5065 -6.77063 
127.882 46.395 17.5205 -6.7742 
130.06 47.6231 17.5215 -6.77482 
132.235 48.8525 17.5217 -6.77508 
134.41 50.0833 17.5213 -6.77512 
136.582 51.3155 17.5204 -6.77513 
138.754 52.5484 17.519 -6.775 
140.924 53.7824 17.5174 -6.77459 
143.094 55.0171 17.5158 -6.77416 
145.262 56.2526 17.514 -6.77371 
147.429 57.4887 17.5124 -6.7731 
149.596 58.7251 17.5108 -6.77266 
151.763 59.9619 17.5094 -6.77216 
153.929 61.199 17.5082 -6.77159 
156.094 62.4362 17.5071 -6.77125 
158.259 63.6733 17.5061 -6.77088 
160.424 64.9101 17.5052 -6.77056 
162.588 66.1465 17.5045 -6.7703 
164.753 67.3828 17.5038 -6.77002 
166.918 68.6187 17.5031 -6.76991 
132.225 46.3477 17.5197 -6.77454 
134.399 47.5772 17.5194 -6.77478 
136.572 48.8078 17.5185 -6.7747 
138.744 50.0397 17.5172 -6.77441 
140.915 51.2725 17.5156 -6.77419 
143.084 52.5061 17.5138 -6.77384 
145.252 53.7404 17.5121 -6.77322 
147.42 54.9753 17.5104 -6.77279 
149.586 56.211 17.5088 -6.7722 
151.752 57.447 17.5074 -6.77172 
153.918 58.6833 17.5062 -6.77132 
156.083 59.9198 17.5051 -6.77081 
158.248 61.1564 17.5042 -6.77048 
160.413 62.3929 17.5034 -6.77012 
162.577 63.6291 17.5027 -6.76992 
164.741 64.8649 17.5022 -6.76986 
166.905 66.1006 17.5017 -6.76963 
169.069 67.3359 17.5012 -6.76968 
171.234 68.5708 17.5008 -6.76978 
136.562 46.3002 17.5161 -6.77419 
138.733 47.5307 17.5149 -6.77406 
140.904 48.7623 17.5134 -6.77369 
143.074 49.9948 17.5117 -6.77331 
145.242 51.2281 17.51 -6.77283 
147.41 52.4621 17.5084 -6.77238 
149.576 53.6966 17.5069 -6.7719 
151.742 54.9318 17.5055 -6.77133 
153.908 56.1674 17.5044 -6.77097 
156.073 57.4033 17.5034 -6.77054 
158.237 58.6392 17.5025 -6.77019 
160.401 59.8752 17.5019 -6.76992 
162.566 61.1114 17.5013 -6.76966 
164.729 62.3472 17.5009 -6.76965 
166.893 63.5826 17.5006 -6.76964 
169.057 64.8179 17.5004 -6.76967 
140.893 46.2519 17.5109 -6.77324 
143.063 47.4832 17.5094 -6.7728 
145.231 48.7154 17.5079 -6.7724 
147.399 49.9485 17.5064 -6.77191 
149.566 51.1822 17.5051 -6.77148 
151.732 52.4164 17.5039 -6.77108 
153.897 53.6512 17.5028 -6.77065 
156.062 54.8863 17.502 -6.77026 
158.226 56.1219 17.5013 -6.7699 
160.39 57.3575 17.5008 -6.76976 
162.554 58.5933 17.5004 -6.76962 
164.718 59.8292 17.5001 -6.76945 
166.882 61.0648 17.5 -6.76957 
145.22 46.2026 17.5055 -6.77192 
147.388 47.4346 17.5044 -6.77153 
149.555 48.6674 17.5033 -6.77108 
151.721 49.9009 17.5023 -6.7707 
153.886 51.1349 17.5016 -6.77035 
156.05 52.3693 17.5009 -6.77006 
158.215 53.6042 17.5004 -6.76984 
160.379 54.8397 17.5001 -6.76958 
162.543 56.0752 17.4998 -6.76956 
164.707 57.3109 17.4998 -6.76959 
149.543 46.1524 17.5016 -6.77072 
151.709 47.385 17.501 -6.77044 
153.874 48.6183 17.5006 -6.77006 
156.039 49.8524 17.5002 -6.76984 
158.204 51.0868 17.5 -6.76976 
160.368 52.3216 17.4998 -6.76965 
162.532 53.5571 17.4998 -6.76952 
153.862 46.1016 17.4998 -6.76993 
156.027 47.335 17.4998 -6.76977 
158.192 48.5693 17.4999 -6.76962 
160.356 49.8039 17.5 -6.76967 
158.179 46.0516 17.5001 -6.76974 
119.408 91.4751 17.5246 -6.77558 
117.205 87.7313 17.5258 -6.77622 
119.387 88.9733 17.5257 -6.77601 
121.569 90.2166 17.5251 -6.77579 
123.751 91.4611 17.524 -6.77556 
115.005 83.9911 17.5249 -6.77601 
117.187 85.2307 17.5259 -6.77636 
119.369 86.4718 17.5263 -6.77633 
121.55 87.7144 17.5262 -6.77619 
123.731 88.9581 17.5255 -6.77606 
125.912 90.2028 17.5245 -6.77567 
128.092 91.4485 17.5232 -6.7755 
112.806 80.2548 17.5219 -6.77551 
114.989 81.4919 17.5241 -6.77615 
117.17 82.7306 17.5256 -6.77633 
119.352 83.9708 17.5264 -6.77637 
121.533 85.2123 17.5267 -6.77653 
123.713 86.4554 17.5265 -6.77641 
125.893 87.6995 17.5259 -6.77623 
128.073 88.9444 17.525 -6.77607 
130.252 90.1902 17.5239 -6.77565 
132.432 91.4367 17.5225 -6.77545 
110.608 76.5229 17.5175 -6.77456 
112.792 77.7569 17.5206 -6.77524 
114.974 78.993 17.5231 -6.77586 
117.156 80.2306 17.5249 -6.77611 
119.337 81.47 17.5262 -6.77657 
121.517 82.7108 17.5268 -6.77659 
123.697 83.9529 17.527 -6.77659 
125.876 85.1962 17.5268 -6.77662 
128.055 86.4404 17.5263 -6.77637 
130.234 87.6857 17.5255 -6.77622 
132.412 88.9314 17.5245 -6.77601 
134.591 90.1778 17.5233 -6.7757 
136.769 91.4247 17.5221 -6.77548 
108.411 72.7956 17.5124 -6.77321 
110.595 74.0265 17.5159 -6.77414 
112.778 75.2595 17.5192 -6.77484 
114.96 76.4944 17.5219 -6.77549 
117.142 77.7312 17.5241 -6.77597 
119.322 78.9695 17.5256 -6.77646 
121.502 80.2094 17.5267 -6.77659 
123.682 81.4507 17.5272 -6.77679 
125.86 82.6932 17.5273 -6.77679 
128.039 83.9368 17.5271 -6.77654 
130.217 85.1811 17.5266 -6.77672 
132.395 86.4263 17.526 -6.77642 
134.572 87.672 17.5251 -6.77617 
136.75 88.9183 17.5242 -6.77606 
138.927 90.165 17.5231 -6.77565 
141.105 91.4117 17.5219 -6.77564 
106.213 69.0726 17.5074 -6.77175 
108.398 70.3008 17.5108 -6.77264 
110.582 71.5306 17.5144 -6.77342 
112.766 72.7625 17.5177 -6.77441 
114.948 73.9963 17.5207 -6.77515 
117.129 75.232 17.5231 -6.77583 
119.309 76.4693 17.525 -6.77611 
121.489 77.7083 17.5263 -6.7766 
123.668 78.9486 17.5271 -6.77672 
125.846 80.1903 17.5275 -6.77678 
128.024 81.4331 17.5275 -6.77691 
130.201 82.6768 17.5274 -6.77675 
132.379 83.9211 17.527 -6.7767 
134.555 85.1661 17.5264 -6.77663 
136.732 86.412 17.5257 -6.77633 
138.909 87.658 17.525 -6.77623 
141.085 88.9043 17.5241 -6.77611 
143.262 90.1508 17.5231 -6.7757 
145.439 91.3974 17.5219 -6.77565 
110.57 69.0354 17.5129 -6.77306 
112.754 70.2661 17.5163 -6.774 
114.936 71.4988 17.5194 -6.77474 
117.117 72.7332 17.5221 -6.77547 
119.297 73.9695 17.5242 -6.77604 
121.477 75.2075 17.5257 -6.77646 
123.656 76.4468 17.5268 -6.77659 
125.834 77.6876 17.5274 -6.7769 
128.011 78.9295 17.5277 -6.777 
130.188 80.1723 17.5277 -6.77688 
132.364 81.4161 17.5276 -6.77694 
134.54 82.6605 17.5272 -6.77678 
136.716 83.9054 17.5268 -6.77663 
138.892 85.1509 17.5263 -6.7767 
141.067 86.3967 17.5256 -6.77634 
143.243 87.6427 17.5249 -6.77615 
145.419 88.8887 17.5241 -6.77616 
147.594 90.1348 17.5231 -6.77571 
149.77 91.3807 17.5219 -6.77551 
114.924 69.0016 17.5182 -6.77444 
117.106 70.235 17.521 -6.77513 
119.286 71.4702 17.5233 -6.77573 
121.465 72.7069 17.5251 -6.77615 
123.644 73.9453 17.5264 -6.77657 
125.822 75.185 17.5272 -6.77691 
127.999 76.4259 17.5277 -6.77683 
130.175 77.668 17.5279 -6.77693 
132.351 78.9109 17.5279 -6.77704 
134.526 80.1547 17.5277 -6.77681 
136.701 81.3989 17.5274 -6.77685 
138.877 82.6438 17.5271 -6.7768 
141.051 83.8891 17.5267 -6.77652 
143.226 85.1344 17.5262 -6.77658 
145.4 86.3797 17.5256 -6.77635 
147.575 87.6253 17.5248 -6.77606 
149.75 88.8708 17.5239 -6.7759 
151.925 90.1159 17.5228 -6.77551 
154.1 91.3605 17.5213 -6.77523 
119.275 68.9712 17.5225 -6.77544 
121.455 70.2069 17.5245 -6.776 
123.633 71.444 17.526 -6.77657 
125.811 72.6826 17.527 -6.77661 
127.987 73.9226 17.5276 -6.77689 
130.164 75.1637 17.5279 -6.77701 
132.339 76.4058 17.528 -6.7769 
134.514 77.6488 17.5279 -6.77695 
136.688 78.8924 17.5277 -6.77699 
138.863 80.1365 17.5275 -6.77684 
141.036 81.3812 17.5272 -6.77665 
143.21 82.6258 17.5268 -6.77669 
145.384 83.8707 17.5264 -6.77644 
147.557 85.1155 17.5259 -6.77632 
149.731 86.3603 17.5252 -6.77611 
151.905 87.6051 17.5244 -6.77577 
154.079 88.8493 17.5232 -6.77544 
156.253 90.093 17.5217 -6.77509 
158.427 91.3361 17.5197 -6.77458 
123.623 68.943 17.5255 -6.77619 
125.8 70.1807 17.5266 -6.77653 
127.977 71.4195 17.5274 -6.7768 
130.153 72.6595 17.5277 -6.77696 
132.328 73.9009 17.5279 -6.77689 
134.502 75.1428 17.5279 -6.77701 
136.676 76.3856 17.5277 -6.77697 
138.85 77.6291 17.5275 -6.77671 
141.023 78.873 17.5273 -6.7768 
143.196 80.1172 17.527 -6.77663 
145.369 81.3614 17.5267 -6.77646 
147.541 82.6054 17.5263 -6.77638 
149.714 83.8497 17.5258 -6.77611 
151.886 85.0939 17.5252 -6.77588 
154.059 86.3377 17.5243 -6.77558 
156.232 87.5809 17.5231 -6.77517 
158.405 88.8235 17.5215 -6.77479 
160.579 90.0654 17.5193 -6.77411 
162.753 91.3062 17.5164 -6.77339 
127.967 68.9166 17.5271 -6.77668 
130.143 70.1558 17.5275 -6.77685 
132.317 71.3959 17.5277 -6.77697 
134.492 72.637 17.5277 -6.77695 
136.665 73.8789 17.5276 -6.7769 
138.838 75.1215 17.5274 -6.77673 
141.011 76.3646 17.5271 -6.77674 
143.183 77.6081 17.5268 -6.77656 
145.355 78.8517 17.5265 -6.77632 
147.527 80.0952 17.5262 -6.77624 
149.698 81.3388 17.5257 -6.77606 
151.87 82.5821 17.5252 -6.77583 
154.042 83.8256 17.5245 -6.77546 
156.214 85.0684 17.5235 -6.77514 
158.385 86.3104 17.5222 -6.77475 
160.558 87.5519 17.5205 -6.77415 
162.73 88.7923 17.5181 -6.77361 
164.903 90.0317 17.515 -6.77272 
167.076 91.2699 17.5109 -6.77162 
132.308 68.8911 17.5275 -6.77685 
134.482 70.1313 17.5274 -6.77687 
136.655 71.3722 17.5272 -6.77671 
138.827 72.6138 17.527 -6.77684 
141 73.856 17.5266 -6.7766 
143.171 75.0987 17.5263 -6.77631 
145.343 76.3417 17.5259 -6.77624 
147.513 77.5846 17.5255 -6.77603 
149.684 78.8274 17.5251 -6.77581 
151.855 80.0703 17.5246 -6.77556 
154.026 81.3129 17.524 -6.77533 
156.196 82.5552 17.5232 -6.77497 
158.367 83.7969 17.5221 -6.77449 
160.538 85.0377 17.5206 -6.77404 
162.709 86.2779 17.5187 -6.77344 
164.88 87.517 17.5161 -6.77269 
167.052 88.7549 17.5127 -6.7719 
169.225 89.9914 17.5083 -6.77087 
171.398 91.2263 17.5029 -6.7695 
136.645 68.8655 17.5268 -6.7767 
138.817 70.1061 17.5264 -6.77662 
140.989 71.3474 17.526 -6.77642 
143.16 72.5892 17.5255 -6.77619 
145.331 73.8312 17.525 -6.77604 
147.501 75.0736 17.5245 -6.77571 
149.671 76.3159 17.524 -6.77546 
151.841 77.558 17.5235 -6.77529 
154.011 78.7999 17.5229 -6.77494 
156.18 80.0416 17.5221 -6.7746 
158.35 81.2828 17.5212 -6.77417 
160.52 82.5232 17.5199 -6.77375 
162.69 83.7629 17.5183 -6.77319 
164.86 85.0016 17.5161 -6.77252 
167.03 86.2393 17.5133 -6.77189 
169.201 87.4757 17.5097 -6.77092 
171.373 88.7105 17.5051 -6.76988 
173.545 89.9437 17.4994 -6.76863 
175.719 91.1751 17.4925 -6.76717 
140.979 68.8388 17.5251 -6.77623 
143.15 70.0794 17.5245 -6.77607 
145.32 71.3208 17.5239 -6.77573 
147.49 72.5623 17.5232 -6.77546 
149.659 73.8038 17.5226 -6.77516 
151.828 75.0453 17.522 -6.77485 
153.997 76.2866 17.5213 -6.77455 
156.166 77.5275 17.5206 -6.77417 
158.334 78.7681 17.5197 -6.77379 
160.503 80.0082 17.5186 -6.77335 
162.672 81.2474 17.5172 -6.77283 
164.841 82.4859 17.5154 -6.77229 
167.01 83.7233 17.513 -6.77166 
169.18 84.9594 17.51 -6.77095 
171.35 86.1941 17.5062 -6.77007 
173.521 87.4274 17.5014 -6.76906 
175.693 88.659 17.4956 -6.76782 
177.865 89.8888 17.4887 -6.76651 
180.039 91.1161 17.4808 -6.76507 
145.309 68.8101 17.5225 -6.77548 
147.479 70.0506 17.5217 -6.77511 
149.648 71.2915 17.5209 -6.77478 
151.816 72.5322 17.5201 -6.77441 
153.984 73.7726 17.5194 -6.77405 
156.152 75.0129 17.5186 -6.77366 
158.32 76.253 17.5177 -6.77324 
160.488 77.4926 17.5167 -6.77285 
162.656 78.7315 17.5155 -6.77238 
164.824 79.9697 17.5139 -6.77196 
166.992 81.2067 17.512 -6.7714 
169.16 82.4427 17.5095 -6.77071 
171.329 83.6774 17.5064 -6.77017 
173.498 84.9106 17.5025 -6.76935 
175.669 86.1423 17.4977 -6.76835 
177.84 87.3725 17.492 -6.76722 
180.012 88.6007 17.4854 -6.76609 
182.186 89.8265 17.4779 -6.76469 
184.361 91.0501 17.4697 -6.76317 
151.805 70.0187 17.5181 -6.77394 
153.972 71.2586 17.5172 -6.77348 
156.14 72.4982 17.5163 -6.77321 
158.307 73.7376 17.5155 -6.77278 
160.473 74.9766 17.5145 -6.7723 
162.64 76.2152 17.5134 -6.772 
164.808 77.453 17.5121 -6.77154 
166.975 78.6898 17.5104 -6.7711 
169.142 79.9256 17.5084 -6.77061 
171.31 81.1601 17.5059 -6.77006 
173.478 82.3934 17.5028 -6.76947 
175.647 83.6254 17.499 -6.76875 
177.817 84.8557 17.4944 -6.76802 
179.988 86.0845 17.489 -6.76695 
182.16 87.3112 17.4829 -6.7659 
156.127 69.9831 17.514 -6.7726 
158.294 71.2218 17.5131 -6.77222 
160.46 72.4603 17.5121 -6.77187 
162.626 73.6984 17.5111 -6.77149 
164.793 74.9358 17.5099 -6.7711 
166.959 76.1725 17.5086 -6.77074 
169.126 77.4081 17.507 -6.77039 
171.292 78.6426 17.505 -6.76993 
173.46 79.8761 17.5026 -6.76949 
175.627 81.1081 17.4996 -6.76913 
177.796 82.3389 17.4961 -6.76855 
179.965 83.568 17.4919 -6.76782 
160.448 69.9437 17.5097 -6.7714 
162.613 71.1813 17.5088 -6.77104 
164.779 72.4184 17.5078 -6.77075 
166.944 73.6548 17.5067 -6.77038 
169.11 74.8904 17.5054 -6.77013 
171.276 76.125 17.5039 -6.76987 
173.443 77.3584 17.5021 -6.7696 
175.609 78.5909 17.4999 -6.76932 
177.777 79.822 17.4972 -6.76901 
164.766 69.9007 17.5057 -6.77033 
166.93 71.1367 17.5048 -6.77017 
169.096 72.3722 17.5038 -6.76994 
171.261 73.607 17.5027 -6.76967 
173.427 74.8409 17.5014 -6.76971 
175.593 76.0736 17.4999 -6.76956 
169.082 69.854 17.5024 -6.76978 
171.247 71.0888 17.5016 -6.7698 
173.412 72.3231 17.5008 -6.76972 
132.692 113.985 17.4998 -6.76961 
130.471 110.23 17.5013 -6.7697 
132.658 111.479 17.5004 -6.76966 
134.844 112.729 17.4998 -6.76952 
137.03 113.978 17.4998 -6.76962 
128.252 106.476 17.5052 -6.77047 
130.438 107.725 17.5034 -6.7702 
132.624 108.974 17.5019 -6.76994 
134.81 110.223 17.5008 -6.76966 
136.996 111.473 17.5001 -6.76971 
139.182 112.722 17.4998 -6.76953 
141.368 113.97 17.5 -6.76969 
126.036 102.723 17.5106 -6.77174 
128.221 103.971 17.5083 -6.77128 
130.406 105.22 17.5061 -6.7709 
132.591 106.469 17.5041 -6.77052 
134.776 107.718 17.5025 -6.77013 
136.962 108.967 17.5013 -6.77 
139.147 110.216 17.5004 -6.76975 
141.333 111.465 17.5 -6.76974 
143.52 112.713 17.4999 -6.76965 
145.706 113.962 17.5001 -6.76975 
123.823 98.9716 17.5163 -6.77317 
126.007 100.219 17.514 -6.77255 
128.191 101.466 17.5116 -6.77219 
130.376 102.715 17.5092 -6.77163 
132.56 103.963 17.5071 -6.77126 
134.744 105.212 17.5051 -6.77082 
136.929 106.461 17.5034 -6.77058 
139.114 107.71 17.502 -6.77018 
141.299 108.959 17.5009 -6.77006 
143.485 110.208 17.5002 -6.76986 
145.671 111.456 17.4998 -6.76975 
147.857 112.704 17.4997 -6.76973 
150.045 113.95 17.4999 -6.76973 
121.613 95.2221 17.5213 -6.77459 
123.797 96.4679 17.5194 -6.77403 
125.98 97.7145 17.5172 -6.77352 
128.163 98.9617 17.5149 -6.77309 
130.347 100.21 17.5126 -6.77249 
132.53 101.458 17.5103 -6.77211 
134.714 102.707 17.5082 -6.77165 
136.897 103.955 17.5062 -6.77138 
139.081 105.204 17.5044 -6.77084 
141.266 106.453 17.5028 -6.77066 
143.451 107.702 17.5016 -6.77031 
145.636 108.95 17.5006 -6.7701 
147.822 110.198 17.4998 -6.76997 
150.008 111.445 17.4993 -6.7697 
152.195 112.691 17.4989 -6.76967 
154.382 113.937 17.4985 -6.76942 
121.59 92.7192 17.5235 -6.7753 
123.773 93.9644 17.522 -6.7748 
125.955 95.2104 17.5201 -6.77444 
128.138 96.4572 17.5181 -6.77398 
130.32 97.7047 17.516 -6.77342 
132.503 98.9527 17.5137 -6.77305 
134.685 100.201 17.5116 -6.77255 
136.868 101.449 17.5094 -6.77213 
139.051 102.698 17.5074 -6.77173 
141.234 103.947 17.5055 -6.77139 
143.418 105.195 17.5038 -6.77104 
145.602 106.443 17.5023 -6.7707 
147.787 107.691 17.501 -6.77041 
149.972 108.939 17.4999 -6.77006 
152.158 110.185 17.4988 -6.76999 
154.345 111.431 17.4978 -6.7694 
156.532 112.675 17.4967 -6.76928 
158.72 113.918 17.4954 -6.76873 
125.932 92.7065 17.5226 -6.77512 
128.114 93.9528 17.5209 -6.77479 
130.295 95.1997 17.519 -6.77444 
132.477 96.4473 17.517 -6.77384 
134.658 97.6953 17.515 -6.77352 
136.84 98.9435 17.5129 -6.77303 
139.022 100.192 17.5108 -6.77265 
141.204 101.44 17.5088 -6.7722 
143.387 102.688 17.5069 -6.7719 
145.57 103.937 17.5051 -6.77138 
147.754 105.184 17.5033 -6.7712 
149.938 106.432 17.5016 -6.77065 
152.122 107.678 17.5 -6.77044 
154.308 108.924 17.4983 -6.76981 
156.494 110.169 17.4965 -6.7695 
158.681 111.412 17.4946 -6.76886 
160.869 112.654 17.4923 -6.76829 
163.058 113.895 17.4895 -6.76759 
130.273 92.6949 17.5217 -6.77514 
132.453 93.942 17.52 -6.77461 
134.634 95.1896 17.5182 -6.77451 
136.814 96.4373 17.5163 -6.77392 
138.995 97.6852 17.5144 -6.77354 
141.176 98.9333 17.5124 -6.77311 
143.358 100.181 17.5104 -6.77283 
145.54 101.429 17.5084 -6.77221 
147.722 102.677 17.5064 -6.77211 
149.905 103.924 17.5044 -6.77135 
152.088 105.171 17.5023 -6.77116 
154.272 106.417 17.5001 -6.77052 
156.457 107.662 17.4978 -6.76996 
158.643 108.906 17.4952 -6.76927 
160.829 110.148 17.4922 -6.7686 
163.017 111.389 17.4888 -6.76768 
165.206 112.628 17.4847 -6.7667 
167.395 113.864 17.4799 -6.76558 
134.611 92.6837 17.521 -6.77523 
136.791 93.931 17.5194 -6.77473 
138.971 95.1786 17.5177 -6.77446 
141.15 96.4264 17.5159 -6.77405 
143.331 97.674 17.514 -6.77372 
145.511 98.9219 17.5121 -6.77318 
147.692 100.169 17.51 -6.77297 
149.873 101.416 17.5079 -6.77223 
152.056 102.663 17.5055 -6.77209 
154.238 103.909 17.503 -6.77128 
156.422 105.154 17.5003 -6.77072 
158.606 106.398 17.4972 -6.76997 
160.791 107.641 17.4936 -6.76911 
162.977 108.882 17.4896 -6.76818 
165.164 110.121 17.4849 -6.76706 
167.352 111.358 17.4795 -6.76568 
169.542 112.593 17.4733 -6.76422 
171.733 113.825 17.4662 -6.76265 
138.948 92.6718 17.5207 -6.77512 
141.127 93.9191 17.5192 -6.77493 
143.306 95.1666 17.5175 -6.7745 
145.485 96.4141 17.5158 -6.77412 
147.665 97.6613 17.5138 -6.77382 
149.844 98.9081 17.5117 -6.77321 
152.025 100.155 17.5094 -6.77294 
154.206 101.4 17.5068 -6.77219 
156.388 102.645 17.5038 -6.77166 
158.57 103.889 17.5004 -6.77081 
160.754 105.132 17.4965 -6.76989 
162.939 106.373 17.492 -6.76884 
165.124 107.613 17.4868 -6.76767 
167.311 108.851 17.4808 -6.7662 
169.499 110.086 17.474 -6.76462 
171.688 111.319 17.4663 -6.76295 
173.878 112.549 17.458 -6.76101 
176.07 113.776 17.4491 -6.75903 
143.283 92.6589 17.5206 -6.77521 
145.46 93.9058 17.5191 -6.77497 
147.639 95.1528 17.5174 -6.7746 
149.818 96.3995 17.5156 -6.77416 
151.997 97.6456 17.5134 -6.77373 
154.176 98.8912 17.5109 -6.77317 
156.356 100.136 17.5079 -6.77259 
158.537 101.38 17.5045 -6.77174 
160.719 102.623 17.5004 -6.77086 
162.902 103.864 17.4957 -6.76971 
165.086 105.104 17.4902 -6.76849 
167.271 106.342 17.4838 -6.767 
169.457 107.578 17.4765 -6.76528 
171.644 108.812 17.4684 -6.76355 
173.833 110.042 17.4595 -6.76141 
176.023 111.27 17.4498 -6.75939 
178.214 112.494 17.4399 -6.75738 
180.407 113.716 17.4297 -6.75508 
147.616 92.6441 17.5206 -6.77519 
149.793 93.8903 17.519 -6.77496 
151.97 95.1361 17.5171 -6.77452 
154.148 96.3815 17.5149 -6.77402 
156.327 97.6262 17.5122 -6.77344 
158.506 98.87 17.5089 -6.77268 
160.686 100.113 17.505 -6.77178 
162.867 101.354 17.5003 -6.7708 
165.049 102.594 17.4947 -6.76941 
167.232 103.833 17.4882 -6.7679 
169.416 105.069 17.4806 -6.76626 
171.602 106.303 17.4722 -6.76434 
173.788 107.534 17.4628 -6.76219 
175.977 108.762 17.4528 -6.76011 
178.166 109.987 17.4422 -6.75777 
180.358 111.209 17.4312 -6.7555 
182.55 112.428 17.4201 -6.75327 
184.744 113.644 17.4088 -6.75108 
151.947 92.6262 17.5204 -6.77508 
154.123 93.8713 17.5185 -6.77478 
156.3 95.1157 17.5161 -6.77418 
158.478 96.3593 17.5132 -6.77349 
160.656 97.602 17.5096 -6.7727 
162.835 98.8435 17.5052 -6.77162 
165.015 100.083 17.4998 -6.77039 
167.196 101.322 17.4934 -6.76901 
169.378 102.558 17.4859 -6.76724 
171.561 103.792 17.4773 -6.76533 
173.746 105.024 17.4677 -6.76324 
175.932 106.253 17.4574 -6.76101 
178.12 107.479 17.4463 -6.75861 
180.309 108.702 17.435 -6.75627 
182.5 109.921 17.4232 -6.75395 
184.693 111.137 17.4112 -6.75148 
186.887 112.35 17.3989 -6.74911 
189.082 113.56 17.3868 -6.74702 
156.275 92.6046 17.5194 -6.77472 
158.451 93.8481 17.5169 -6.77413 
160.628 95.0905 17.5138 -6.77343 
162.805 96.3317 17.5098 -6.77236 
164.983 97.5716 17.5049 -6.7713 
167.162 98.8102 17.4988 -6.76992 
169.342 100.047 17.4917 -6.76824 
171.523 101.281 17.4833 -6.76644 
173.706 102.513 17.4738 -6.76442 
175.89 103.743 17.4633 -6.76204 
178.075 104.969 17.4521 -6.7597 
180.263 106.193 17.4404 -6.75732 
182.451 107.413 17.4282 -6.7548 
184.642 108.63 17.4158 -6.75234 
186.834 109.844 17.4031 -6.75001 
189.028 111.054 17.3902 -6.74756 
191.223 112.263 17.3778 -6.74525 
193.419 113.469 17.3671 -6.74352 
160.602 92.5782 17.5171 -6.77389 
162.778 93.8193 17.5136 -6.77299 
164.954 95.0591 17.5093 -6.77199 
167.131 96.2976 17.5039 -6.77069 
169.309 97.5344 17.4972 -6.76922 
171.488 98.769 17.4894 -6.76744 
173.668 100.001 17.4802 -6.76551 
175.85 101.231 17.47 -6.76326 
178.033 102.458 17.4589 -6.76096 
180.218 103.683 17.447 -6.75856 
182.405 104.904 17.4347 -6.75603 
184.593 106.122 17.4223 -6.75361 
186.783 107.336 17.4094 -6.75108 
188.975 108.548 17.3964 -6.74859 
191.169 109.757 17.3835 -6.7464 
193.364 110.963 17.3716 -6.74428 
195.56 112.169 17.3623 -6.7427 
197.757 113.373 17.3572 -6.74186 
164.927 92.5459 17.5127 -6.77251 
167.102 93.784 17.508 -6.77129 
169.279 95.0209 17.5021 -6.76992 
171.456 96.2558 17.4949 -6.76835 
173.634 97.4884 17.4865 -6.76649 
175.813 98.7185 17.4767 -6.76445 
177.994 99.9461 17.466 -6.76226 
180.176 101.171 17.4543 -6.75985 
182.36 102.393 17.4422 -6.75743 
184.547 103.612 17.4298 -6.75504 
186.735 104.828 17.4171 -6.75254 
188.925 106.04 17.4045 -6.75013 
191.117 107.25 17.3918 -6.74781 
193.31 108.458 17.3798 -6.74577 
195.505 109.663 17.3694 -6.74388 
169.25 92.5065 17.5058 -6.77054 
171.426 93.7415 17.4995 -6.76901 
173.602 94.9744 17.4919 -6.76736 
175.779 96.2049 17.483 -6.7655 
177.957 97.4329 17.4729 -6.76344 
180.137 98.6584 17.4618 -6.76121 
182.319 99.8814 17.4501 -6.75893 
184.503 101.101 17.4379 -6.75661 
186.689 102.318 17.4258 -6.75419 
188.877 103.532 17.4137 -6.7519 
191.067 104.743 17.4017 -6.74966 
193.258 105.951 17.3902 -6.74756 
173.572 92.4595 17.4962 -6.76803 
175.747 93.6904 17.4883 -6.76642 
177.924 94.919 17.4791 -6.76453 
180.102 96.145 17.4689 -6.76254 
182.281 97.3684 17.4579 -6.76048 
184.463 98.5893 17.4464 -6.75817 
186.646 99.8073 17.4348 -6.75601 
188.832 101.022 17.4234 -6.75383 
191.019 102.235 17.4124 -6.75172 
177.893 92.4042 17.4845 -6.76558 
180.069 93.6311 17.4753 -6.76375 
182.247 94.8552 17.4653 -6.76193 
184.426 96.0766 17.4547 -6.75988 
186.607 97.2956 17.4439 -6.75784 
188.79 98.5119 17.4333 -6.75581 
182.215 92.3412 17.472 -6.7633 
184.392 93.5636 17.4625 -6.76152 
186.571 94.7835 17.4527 -6.75976 
