24.764081632653063 22.332857142857144 22.29673469387755 30.606326530612243
23.990816326530613 26.404285714285713 26.402040816326533 23.20285714285714
25.20142857142857 25.32326530612245 25.32326530612245 24.15204081632653
25.305714285714288 24.76183673469388 24.76183673469388 25.17061224489796
25.040408163265305 24.875714285714285 24.875714285714285 25.208163265306123
25.041632653061225 24.946734693877552 24.946734693877552 25.064897959183675
25.069795918367348 24.935102040816325 24.935102040816325 25.06
25.08326530612245 24.917959183673467 24.917959183673467 25.080816326530613
25.066122448979595 24.917346938775513 24.917346938775513 25.099183673469387
25.066122448979595 24.917346938775513 24.917346938775513 25.099183673469387
25.067346938775508 24.919795918367345 24.919795918367345 25.093061224489794
25.068571428571428 24.917959183673467 24.917959183673467 25.095510204081634
25.068571428571428 24.917346938775513 24.917346938775513 25.096734693877554
25.069795918367348 24.916122448979593 24.916122448979593 25.097959183673467
25.067346938775508 24.91857142857143 24.91857142857143 25.095510204081634
25.068571428571428 24.917346938775513 24.917346938775513 25.096734693877554
25.068571428571428 24.916122448979593 24.916122448979593 25.099183673469387
25.067346938775508 24.916122448979593 24.916122448979593 25.100408163265307
25.066122448979595 24.91673469387755 24.91673469387755 25.100408163265307
25.066122448979595 24.917346938775513 24.917346938775513 25.099183673469387
25.068571428571428 24.916122448979593 24.916122448979593 25.099183673469387
25.066122448979595 24.91673469387755 24.91673469387755 25.100408163265307
25.066122448979595 24.916122448979593 24.916122448979593 25.101632653061223
25.066122448979595 24.916122448979593 24.916122448979593 25.101632653061223
25.066122448979595 24.916122448979593 24.916122448979593 25.101632653061223
25.066122448979595 24.916122448979593 24.916122448979593 25.101632653061223
25.066122448979595 24.916122448979593 24.916122448979593 25.101632653061223
25.066122448979595 24.916122448979593 24.916122448979593 25.101632653061223
25.066122448979595 24.916122448979593 24.916122448979593 25.101632653061223
25.066122448979595 24.916122448979593 24.916122448979593 25.101632653061223
