24.789591836734694 22.316734693877553 22.200408163265305 30.69326530612245
24.111020408163263 26.44204081632653 26.188367346938772 23.25857142857143
25.53265306122449 25.43061224489796 24.870408163265306 24.166326530612245
25.848571428571425 24.944285714285712 24.057142857142857 25.15
25.83020408163265 25.12795918367347 23.87408163265306 25.167755102040818
26.154489795918366 25.30428571428571 23.54591836734694 24.99530612244898
26.58285714285714 25.415714285714287 23.078163265306124 24.92326530612245
27.023061224489798 25.522244897959183 22.549795918367348 24.90489795918367
27.51469387755102 25.675306122448983 22.001224489795916 24.808775510204082
28.06795918367347 25.83755102040816 21.392040816326528 24.702448979591836
28.68551020408163 26.00224489795918 20.72714285714286 24.585102040816327
29.357551020408163 26.188367346938772 20.015102040816327 24.438979591836734
30.08877551020408 26.373265306122452 19.29204081632653 24.24591836734694
30.88673469387755 26.5765306122449 18.527551020408165 24.009183673469387
31.717142857142854 26.783877551020407 17.735714285714284 23.76326530612245
32.6130612244898 26.983469387755104 16.939183673469387 23.464285714285715
33.54 27.176326530612243 16.130408163265304 23.15326530612245
34.5104081632653 27.375510204081632 15.335714285714285 22.778367346938776
35.498775510204084 27.561836734693877 14.54408163265306 22.39530612244898
36.51938775510204 27.755918367346936 13.759183673469389 21.96551020408163
37.55897959183673 27.924489795918365 12.99877551020408 21.517755102040816
38.610408163265305 28.062244897959182 12.265714285714285 21.061632653061224
39.67142857142857 28.215714285714288 11.555102040816328 20.55775510204082
40.71714285714286 28.32612244897959 10.884285714285715 20.072448979591837
41.75918367346939 28.449183673469385 10.24 19.551632653061223
42.76 28.538367346938777 9.636122448979592 19.065510204081633
43.83163265306123 28.568571428571428 9.054081632653062 18.545714285714286
44.909795918367344 28.532244897959185 8.529591836734694 18.028367346938776
45.93918367346939 28.495714285714286 8.023469387755101 17.541632653061225
46.93714285714285 28.417551020408162 7.568163265306123 17.077142857142857
