1.005770000000000003e-17 2.522049999999999919e-17 7.463030000000000263e-18 6.598210000000000576e-17 3.245949999999999896e-17 -1.783139999999999896e-17 -1.189280000000000038e-17 4.141970000000000156e-17 3.156299999999999760e-17 7.851639999999999615e-18 1.647960000000000089e-18 9.806189999999999741e-18 -2.639770000000000014e-18 3.779819999999999968e-18 1.859029999999999883e-17 1.044320000000000002e-17 -1.853069999999999897e-19 1.187760000000000065e-17 5.178099999999999895e-17
-9.324000000000000343e-02 -1.443099999999999938e-01 -1.777100000000000068e-01 -1.893299999999999983e-01 -1.777199999999999891e-01 -1.443099999999999938e-01 -9.324000000000000343e-02 -3.066999999999999935e-02 3.595999999999999891e-02 9.876000000000000056e-02 1.501899999999999902e-01 1.839200000000000002e-01 1.956600000000000006e-01 1.839200000000000002e-01 1.501699999999999979e-01 9.875000000000000444e-02 3.595999999999999891e-02 -3.065999999999999975e-02 -9.327000000000000568e-02
-1.536299999999999888e-01 -2.364400000000000113e-01 -2.906400000000000095e-01 -3.095100000000000073e-01 -2.906500000000000195e-01 -2.364300000000000013e-01 -1.536299999999999888e-01 -5.226999999999999702e-02 5.553999999999999909e-02 1.570400000000000129e-01 2.400700000000000056e-01 2.944899999999999740e-01 3.134199999999999764e-01 2.944899999999999740e-01 2.400400000000000034e-01 1.570100000000000107e-01 5.553999999999999909e-02 -5.224000000000000171e-02 -1.536700000000000010e-01
-1.570400000000000129e-01 -2.400700000000000056e-01 -2.944800000000000195e-01 -3.134199999999999764e-01 -2.944800000000000195e-01 -2.400700000000000056e-01 -1.570400000000000129e-01 -5.553000000000000297e-02 5.226999999999999702e-02 1.536299999999999888e-01 2.364400000000000113e-01 2.906500000000000195e-01 3.095100000000000073e-01 2.906500000000000195e-01 2.363999999999999990e-01 1.535999999999999865e-01 5.226999999999999702e-02 -5.550999999999999684e-02 -1.570799999999999974e-01
-9.876000000000000056e-02 -1.501899999999999902e-01 -1.839200000000000002e-01 -1.956600000000000006e-01 -1.839200000000000002e-01 -1.501899999999999902e-01 -9.876000000000000056e-02 -3.595000000000000279e-02 3.066999999999999935e-02 9.324000000000000343e-02 1.443099999999999938e-01 1.777199999999999891e-01 1.893299999999999983e-01 1.777199999999999891e-01 1.442900000000000016e-01 9.322999999999999343e-02 3.066999999999999935e-02 -3.593999999999999972e-02 -9.879000000000000281e-02
2.099770000000000037e-17 -1.454360000000000017e-17 7.360780000000000672e-18 -6.215179999999999619e-18 2.170840000000000152e-18 1.947749999999999901e-18 1.793130000000000103e-18 -2.181409999999999858e-17 -2.058720000000000089e-17 2.672800000000000138e-17 8.291299999999999746e-19 3.015400000000000148e-18 1.124160000000000033e-17 4.675809999999999774e-17 -1.736679999999999914e-17 -4.917499999999999911e-17 6.910939999999999682e-18 -1.102399999999999927e-17 1.049670000000000093e-18
9.876000000000000056e-02 1.501899999999999902e-01 1.839200000000000002e-01 1.956600000000000006e-01 1.839200000000000002e-01 1.501899999999999902e-01 9.876000000000000056e-02 3.595000000000000279e-02 -3.066999999999999935e-02 -9.324000000000000343e-02 -1.443099999999999938e-01 -1.777199999999999891e-01 -1.893299999999999983e-01 -1.777199999999999891e-01 -1.442900000000000016e-01 -9.322999999999999343e-02 -3.066999999999999935e-02 3.593999999999999972e-02 9.879000000000000281e-02
1.570400000000000129e-01 2.400700000000000056e-01 2.944800000000000195e-01 3.134199999999999764e-01 2.944800000000000195e-01 2.400700000000000056e-01 1.570400000000000129e-01 5.553000000000000297e-02 -5.226999999999999702e-02 -1.536299999999999888e-01 -2.364400000000000113e-01 -2.906500000000000195e-01 -3.095100000000000073e-01 -2.906500000000000195e-01 -2.363999999999999990e-01 -1.535999999999999865e-01 -5.226999999999999702e-02 5.550999999999999684e-02 1.570799999999999974e-01
1.536299999999999888e-01 2.364400000000000113e-01 2.906400000000000095e-01 3.095100000000000073e-01 2.906500000000000195e-01 2.364300000000000013e-01 1.536299999999999888e-01 5.226999999999999702e-02 -5.553999999999999909e-02 -1.570400000000000129e-01 -2.400700000000000056e-01 -2.944899999999999740e-01 -3.134199999999999764e-01 -2.944899999999999740e-01 -2.400400000000000034e-01 -1.570100000000000107e-01 -5.553999999999999909e-02 5.224000000000000171e-02 1.536700000000000010e-01
9.324000000000000343e-02 1.443099999999999938e-01 1.777100000000000068e-01 1.893299999999999983e-01 1.777199999999999891e-01 1.443099999999999938e-01 9.324000000000000343e-02 3.066999999999999935e-02 -3.595999999999999891e-02 -9.876000000000000056e-02 -1.501899999999999902e-01 -1.839200000000000002e-01 -1.956600000000000006e-01 -1.839200000000000002e-01 -1.501699999999999979e-01 -9.875000000000000444e-02 -3.595999999999999891e-02 3.065999999999999975e-02 9.327000000000000568e-02
1.005770000000000003e-17 2.522049999999999919e-17 7.463030000000000263e-18 6.598210000000000576e-17 3.245949999999999896e-17 -1.783139999999999896e-17 -1.189280000000000038e-17 4.141970000000000156e-17 3.156299999999999760e-17 7.851639999999999615e-18 1.647960000000000089e-18 9.806189999999999741e-18 -2.639770000000000014e-18 3.779819999999999968e-18 1.859029999999999883e-17 1.044320000000000002e-17 -1.853069999999999897e-19 1.187760000000000065e-17 5.178099999999999895e-17
