0,0,7e-09
0,0.096225,-5e-09
0,0.19245,0
0,0.28868,-2e-09
0,0.3849,1e-09
0,0.48113,2e-08
0,0.57735,-6e-09
0,0.67358,-9e-09
0,0.7698,0
0,0.86603,1e-09
0,0.96225,1e-09
0,1.0585,-6e-09
0,1.1547,3e-09
0,1.2509,1.5e-08
0,1.3472,5e-09
0,1.4434,1.1e-08
0,1.5396,1e-09
0,1.6358,3e-09
0,1.7321,3.1e-08
0.1,0,-0.084573
0.1,0.096225,-0.13141
0.1,0.19245,-0.16973
0.1,0.28868,-0.18806
0.1,0.3849,-0.18126
0.1,0.48113,-0.14896
0.1,0.57735,-0.097094
0.1,0.67358,-0.032872
0.1,0.7698,0.035294
0.1,0.86603,0.098323
0.1,0.96225,0.14895
0.1,1.0585,0.18372
0.1,1.1547,0.19659
0.1,1.2509,0.18466
0.1,1.3472,0.14849
0.1,1.4434,0.095382
0.1,1.5396,0.032934
0.1,1.6358,-0.029589
0.1,1.7321,-0.08485
0.2,0,-0.14467
0.2,0.096225,-0.22653
0.2,0.19245,-0.28783
0.2,0.28868,-0.30852
0.2,0.3849,-0.29465
0.2,0.48113,-0.24121
0.2,0.57735,-0.15671
0.2,0.67358,-0.053241
0.2,0.7698,0.054469
0.2,0.86603,0.15355
0.2,0.96225,0.23454
0.2,1.0585,0.29127
0.2,1.1547,0.31383
0.2,1.2509,0.29694
0.2,1.3472,0.24149
0.2,1.4434,0.15647
0.2,1.5396,0.053953
0.2,1.6358,-0.05069
0.2,1.7321,-0.14433
0.3,0,-0.15347
0.3,0.096225,-0.23495
0.3,0.19245,-0.2912
0.3,0.28868,-0.31376
0.3,0.3849,-0.29668
0.3,0.48113,-0.24146
0.3,0.57735,-0.15642
0.3,0.67358,-0.053532
0.3,0.7698,0.050537
0.3,0.86603,0.14445
0.3,0.96225,0.2253
0.3,1.0585,0.28291
0.3,1.1547,0.30841
0.3,1.2509,0.29467
0.3,1.3472,0.24119
0.3,1.4434,0.15679
0.3,1.5396,0.053217
0.3,1.6358,-0.054493
0.3,1.7321,-0.15357
0.4,0,-0.098333
0.4,0.096225,-0.14896
0.4,0.19245,-0.18372
0.4,0.28868,-0.19657
0.4,0.3849,-0.18463
0.4,0.48113,-0.14852
0.4,0.57735,-0.095421
0.4,0.67358,-0.032792
0.4,0.7698,0.029612
0.4,0.86603,0.084196
0.4,0.96225,0.13138
0.4,1.0585,0.16959
0.4,1.1547,0.18804
0.4,1.2509,0.1812
0.4,1.3472,0.14891
0.4,1.4434,0.097038
0.4,1.5396,0.032867
0.4,1.6358,-0.035303
0.4,1.7321,-0.098393
0.5,0,-1.0082e-10
0.5,0.096225,2.5754e-10
0.5,0.19245,-5.5471e-09
0.5,0.28868,1.3689e-09
0.5,0.3849,1.389e-08
0.5,0.48113,4.4633e-09
0.5,0.57735,1.5759e-08
0.5,0.67358,-2.0128e-10
0.5,0.7698,-1.9805e-09
0.5,0.86603,1.9624e-08
0.5,0.96225,-2.6699e-09
0.5,1.0585,4.9514e-09
0.5,1.1547,3.3311e-09
0.5,1.2509,5.3307e-09
0.5,1.3472,2.4422e-08
0.5,1.4434,1.4641e-09
0.5,1.5396,-5.8929e-09
0.5,1.6358,1.8922e-09
0.5,1.7321,2.7876e-09
0.6,0,0.098404
0.6,0.096225,0.14895
0.6,0.19245,0.18375
0.6,0.28868,0.19656
0.6,0.3849,0.18464
0.6,0.48113,0.14853
0.6,0.57735,0.095952
0.6,0.67358,0.032785
0.6,0.7698,-0.029627
0.6,0.86603,-0.085119
0.6,0.96225,-0.13166
0.6,1.0585,-0.17016
0.6,1.1547,-0.18833
0.6,1.2509,-0.18119
0.6,1.3472,-0.1489
0.6,1.4434,-0.097023
0.6,1.5396,-0.032882
0.6,1.6358,0.035308
0.6,1.7321,0.09831
0.7,0,0.15368
0.7,0.096225,0.23463
0.7,0.19245,0.29121
0.7,0.28868,0.31375
0.7,0.3849,0.29669
0.7,0.48113,0.24147
0.7,0.57735,0.15648
0.7,0.67358,0.053696
0.7,0.7698,-0.050679
0.7,0.86603,-0.14436
0.7,0.96225,-0.22496
0.7,1.0585,-0.28361
0.7,1.1547,-0.30862
0.7,1.2509,-0.29468
0.7,1.3472,-0.24117
0.7,1.4434,-0.15668
0.7,1.5396,-0.053234
0.7,1.6358,0.05447
0.7,1.7321,0.15394
0.8,0,0.14441
0.8,0.096225,0.22522
0.8,0.19245,0.28309
0.8,0.28868,0.30842
0.8,0.3849,0.2947
0.8,0.48113,0.24123
0.8,0.57735,0.1567
0.8,0.67358,0.053238
0.8,0.7698,-0.054451
0.8,0.86603,-0.15457
0.8,0.96225,-0.23462
0.8,1.0585,-0.29121
0.8,1.1547,-0.31384
0.8,1.2509,-0.29687
0.8,1.3472,-0.24161
0.8,1.4434,-0.15644
0.8,1.5396,-0.05354
0.8,1.6358,0.051151
0.8,1.7321,0.14449
0.9,0,0.084221
0.9,0.096225,0.1312
0.9,0.19245,0.16949
0.9,0.28868,0.18881
0.9,0.3849,0.18117
0.9,0.48113,0.14895
0.9,0.57735,0.097059
0.9,0.67358,0.032863
0.9,0.7698,-0.035288
0.9,0.86603,-0.098301
0.9,0.96225,-0.14897
0.9,1.0585,-0.18379
0.9,1.1547,-0.19663
0.9,1.2509,-0.18464
0.9,1.3472,-0.14849
0.9,1.4434,-0.095489
0.9,1.5396,-0.032788
0.9,1.6358,0.029597
0.9,1.7321,0.085108
1,0,8.4282e-09
1,0.096225,-9.506e-09
1,0.19245,1.4724e-09
1,0.28868,1.4031e-09
1,0.3849,2.3591e-09
1,0.48113,2.2904e-08
1,0.57735,-3.866e-09
1,0.67358,-1.2952e-08
1,0.7698,9.5955e-10
1,0.86603,2.5528e-09
1,0.96225,-7.2286e-10
1,1.0585,-5.6011e-09
1,1.1547,1.881e-09
1,1.2509,1.4369e-08
1,1.3472,5.1065e-09
1,1.4434,8.8336e-09
1,1.5396,2.1564e-09
1,1.6358,6.4431e-09
1,1.7321,2.6615e-08
