0,0,0.58814
0,0.096225,0.57152
0,0.19245,0.52071
0,0.28868,0.4274
0,0.3849,0.29374
0,0.48113,0.14373
0,0.57735,1.7e-08
0,0.67358,-0.11721
0,0.7698,-0.1926
0,0.86603,-0.2174
0,0.96225,-0.19258
0,1.0585,-0.11721
0,1.1547,-2.6e-08
0,1.2509,0.14376
0,1.3472,0.29371
0,1.4434,0.42741
0,1.5396,0.52073
0,1.6358,0.57142
0,1.7321,0.58715
0.1,0,0.52024
0.1,0.096225,0.50624
0.1,0.19245,0.46521
0.1,0.28868,0.38751
0.1,0.3849,0.27927
0.1,0.48113,0.15813
0.1,0.57735,0.041998
0.1,0.67358,-0.052376
0.1,0.7698,-0.1127
0.1,0.86603,-0.13298
0.1,0.96225,-0.1127
0.1,1.0585,-0.052378
0.1,1.1547,0.041999
0.1,1.2509,0.15812
0.1,1.3472,0.27922
0.1,1.4434,0.38751
0.1,1.5396,0.46581
0.1,1.6358,0.50667
0.1,1.7321,0.52004
0.2,0,0.33436
0.2,0.096225,0.33064
0.2,0.19245,0.31491
0.2,0.28868,0.28221
0.2,0.3849,0.24063
0.2,0.48113,0.19424
0.2,0.57735,0.1503
0.2,0.67358,0.114
0.2,0.7698,0.090986
0.2,0.86603,0.083062
0.2,0.96225,0.090986
0.2,1.0585,0.11401
0.2,1.1547,0.1503
0.2,1.2509,0.19432
0.2,1.3472,0.24065
0.2,1.4434,0.28218
0.2,1.5396,0.31333
0.2,1.6358,0.33006
0.2,1.7321,0.33416
0.3,0,0.083047
0.3,0.096225,0.091045
0.3,0.19245,0.114
0.3,0.28868,0.15028
0.3,0.3849,0.19422
0.3,0.48113,0.24066
0.3,0.57735,0.28215
0.3,0.67358,0.31291
0.3,0.7698,0.32989
0.3,0.86603,0.33422
0.3,0.96225,0.33011
0.3,1.0585,0.31294
0.3,1.1547,0.28217
0.3,1.2509,0.24063
0.3,1.3472,0.19423
0.3,1.4434,0.15031
0.3,1.5396,0.11399
0.3,1.6358,0.091029
0.3,1.7321,0.083054
0.4,0,-0.13301
0.4,0.096225,-0.11269
0.4,0.19245,-0.052377
0.4,0.28868,0.041999
0.4,0.3849,0.15811
0.4,0.48113,0.27924
0.4,0.57735,0.38756
0.4,0.67358,0.46529
0.4,0.7698,0.50628
0.4,0.86603,0.51955
0.4,0.96225,0.50621
0.4,1.0585,0.46511
0.4,1.1547,0.3875
0.4,1.2509,0.27925
0.4,1.3472,0.15811
0.4,1.4434,0.041999
0.4,1.5396,-0.052377
0.4,1.6358,-0.1127
0.4,1.7321,-0.13304
0.5,0,-0.21745
0.5,0.096225,-0.1926
0.5,0.19245,-0.11721
0.5,0.28868,-1.0526e-08
0.5,0.3849,0.14375
0.5,0.48113,0.29367
0.5,0.57735,0.42741
0.5,0.67358,0.52084
0.5,0.7698,0.57121
0.5,0.86603,0.58841
0.5,0.96225,0.57035
0.5,1.0585,0.52096
0.5,1.1547,0.4274
0.5,1.2509,0.29367
0.5,1.3472,0.14374
0.5,1.4434,3.2347e-08
0.5,1.5396,-0.11721
0.5,1.6358,-0.19262
0.5,1.7321,-0.2174
0.6,0,-0.13303
0.6,0.096225,-0.11269
0.6,0.19245,-0.052379
0.6,0.28868,0.041996
0.6,0.3849,0.15812
0.6,0.48113,0.27923
0.6,0.57735,0.38821
0.6,0.67358,0.46515
0.6,0.7698,0.50651
0.6,0.86603,0.52055
0.6,0.96225,0.50655
0.6,1.0585,0.4656
0.6,1.1547,0.38771
0.6,1.2509,0.27923
0.6,1.3472,0.15811
0.6,1.4434,0.041999
0.6,1.5396,-0.05238
0.6,1.6358,-0.11271
0.6,1.7321,-0.13298
0.7,0,0.083081
0.7,0.096225,0.090972
0.7,0.19245,0.114
0.7,0.28868,0.15027
0.7,0.3849,0.19423
0.7,0.48113,0.24065
0.7,0.57735,0.28218
0.7,0.67358,0.31328
0.7,0.7698,0.33009
0.7,0.86603,0.33416
0.7,0.96225,0.32997
0.7,1.0585,0.31322
0.7,1.1547,0.28223
0.7,1.2509,0.24066
0.7,1.3472,0.19424
0.7,1.4434,0.15028
0.7,1.5396,0.114
0.7,1.6358,0.090989
0.7,1.7321,0.08314
0.8,0,0.3342
0.8,0.096225,0.33007
0.8,0.19245,0.31303
0.8,0.28868,0.28218
0.8,0.3849,0.24064
0.8,0.48113,0.19426
0.8,0.57735,0.15028
0.8,0.67358,0.114
0.8,0.7698,0.090979
0.8,0.86603,0.083265
0.8,0.96225,0.090988
0.8,1.0585,0.11401
0.8,1.1547,0.1503
0.8,1.2509,0.19427
0.8,1.3472,0.24065
0.8,1.4434,0.28218
0.8,1.5396,0.31311
0.8,1.6358,0.33098
0.8,1.7321,0.33424
0.9,0,0.51996
0.9,0.096225,0.50605
0.9,0.19245,0.46502
0.9,0.28868,0.38803
0.9,0.3849,0.27922
0.9,0.48113,0.15813
0.9,0.57735,0.041992
0.9,0.67358,-0.052376
0.9,0.7698,-0.11269
0.9,0.86603,-0.13298
0.9,0.96225,-0.1127
0.9,1.0585,-0.052382
0.9,1.1547,0.041995
0.9,1.2509,0.15812
0.9,1.3472,0.27922
0.9,1.4434,0.3876
0.9,1.5396,0.46522
0.9,1.6358,0.5066
0.9,1.7321,0.51994
1,0,0.58839
1,0.096225,0.57162
1,0.19245,0.52125
1,0.28868,0.42751
1,0.3849,0.29368
1,0.48113,0.14374
1,0.57735,1.5892e-08
1,0.67358,-0.1172
1,0.7698,-0.1926
1,0.86603,-0.21747
1,0.96225,-0.19261
1,1.0585,-0.11721
1,1.1547,-2.7285e-08
1,1.2509,0.14374
1,1.3472,0.29369
1,1.4434,0.4276
1,1.5396,0.52079
1,1.6358,0.57191
1,1.7321,0.58782
