4.04412E-19
5.89067E-18
8.61355E-18
-5.59871E-18
3.17959E-17
-4.09972E-18
9.92485E-17
5.26596E-17
3.73983E-18
7.10891E-18
-4.69606E-17
5.95466E-17
-1.17913E-16
-4.19313E-17
1.24679E-17
-1.13008E-17
-4.46184E-18
1.6889E-18
-6.74239E-18
0.24588
0.23112
0.18874
0.1241
0.04518
-0.03857
-0.11719
-0.18138
-0.22336
-0.23796
-0.22336
-0.18136
-0.1172
-0.03858
0.04522
0.12412
0.18874
0.23111
0.24588
0.39387
0.37007
0.3017
0.19734
0.06979
-0.06571
-0.19308
-0.29716
-0.36527
-0.38898
-0.36528
-0.29713
-0.19308
-0.06574
0.06986
0.19738
0.3017
0.37006
0.39387
0.38898
0.36528
0.29715
0.19307
0.0657
-0.0698
-0.19735
-0.30171
-0.37007
-0.39387
-0.37007
-0.30168
-0.19735
-0.06983
0.06577
0.19311
0.29715
0.36526
0.38898
0.23796
0.22336
0.18138
0.11719
0.03856
-0.04518
-0.1241
-0.18874
-0.23112
-0.24588
-0.23112
-0.18873
-0.12411
-0.0452
0.0386
0.11721
0.18138
0.22335
0.23796
-1.12344E-17
-2.28576E-17
-6.49781E-18
-8.77922E-17
4.36918E-17
-6.04134E-18
-2.63462E-17
6.75107E-18
2.90261E-18
-3.07227E-18
5.46386E-18
4.5759E-18
-7.93367E-18
1.78887E-17
-2.07632E-17
-2.10524E-19
-4.19711E-17
-1.96833E-17
-7.23563E-17
-0.23796
-0.22336
-0.18138
-0.11719
-0.03856
0.04518
0.1241
0.18874
0.23112
0.24588
0.23112
0.18873
0.12411
0.0452
-0.0386
-0.11721
-0.18138
-0.22335
-0.23796
-0.38898
-0.36528
-0.29715
-0.19307
-0.0657
0.0698
0.19735
0.30171
0.37007
0.39387
0.37007
0.30168
0.19735
0.06983
-0.06577
-0.19311
-0.29715
-0.36526
-0.38898
-0.39387
-0.37007
-0.3017
-0.19734
-0.06979
0.06571
0.19308
0.29716
0.36527
0.38898
0.36528
0.29713
0.19308
0.06574
-0.06986
-0.19738
-0.3017
-0.37006
-0.39387
-0.24588
-0.23112
-0.18874
-0.1241
-0.04518
0.03857
0.11719
0.18138
0.22336
0.23796
0.22336
0.18136
0.1172
0.03858
-0.04522
-0.12412
-0.18874
-0.23111
-0.24588
4.04412E-19
5.89067E-18
8.61355E-18
-5.59871E-18
3.17959E-17
-4.09972E-18
9.92485E-17
5.26596E-17
3.73983E-18
7.10891E-18
-4.69606E-17
5.95466E-17
-1.17913E-16
-4.19313E-17
1.24679E-17
-1.13008E-17
-4.46184E-18
1.6889E-18
-6.74239E-18