1.12236E-16
-0.08306
-0.13648
-0.1549
-0.13648
-0.08305
-2.66432E-7
0.10404
0.21758
0.32721
0.41884
0.47984
0.50123
0.47984
0.41881
0.32718
0.21758
0.10406
-4.86857E-5
0.02924
-0.03726
-0.07988
-0.09454
-0.07988
-0.03726
0.02924
0.11296
0.20482
0.29396
0.36878
0.41873
0.43627
0.41873
0.36875
0.29394
0.20482
0.11298
0.0292
0.1078
0.08475
0.07055
0.06577
0.07055
0.08475
0.1078
0.13824
0.17333
0.20891
0.23985
0.261
0.26852
0.261
0.23983
0.2089
0.17333
0.13825
0.10779
0.20891
0.23985
0.261
0.26852
0.261
0.23984
0.20891
0.17332
0.13824
0.1078
0.08475
0.07055
0.06577
0.07055
0.08476
0.10781
0.13824
0.17332
0.20893
0.29396
0.36878
0.41872
0.43627
0.41872
0.36878
0.29396
0.20481
0.11296
0.02924
-0.03726
-0.07989
-0.09454
-0.07989
-0.03724
0.02926
0.11295
0.20479
0.294
0.32721
0.41885
0.47982
0.50123
0.47982
0.41884
0.32721
0.21758
0.10403
-4.5491E-6
-0.08306
-0.13649
-0.1549
-0.13649
-0.08302
2.40785E-5
0.10403
0.21755
0.32726
0.29396
0.36878
0.41872
0.43627
0.41872
0.36878
0.29396
0.20481
0.11296
0.02924
-0.03726
-0.07989
-0.09454
-0.07989
-0.03724
0.02926
0.11295
0.20479
0.294
0.20891
0.23985
0.261
0.26852
0.261
0.23984
0.20891
0.17332
0.13824
0.1078
0.08475
0.07055
0.06577
0.07055
0.08476
0.10781
0.13824
0.17332
0.20893
0.1078
0.08475
0.07055
0.06577
0.07055
0.08475
0.1078
0.13824
0.17333
0.20891
0.23985
0.261
0.26852
0.261
0.23983
0.2089
0.17333
0.13825
0.10779
0.02924
-0.03726
-0.07988
-0.09454
-0.07988
-0.03726
0.02924
0.11296
0.20482
0.29396
0.36878
0.41873
0.43627
0.41873
0.36875
0.29394
0.20482
0.11298
0.0292
1.12236E-16
-0.08306
-0.13648
-0.1549
-0.13648
-0.08305
-2.66432E-7
0.10404
0.21758
0.32721
0.41884
0.47984
0.50123
0.47984
0.41881
0.32718
0.21758
0.10406
-4.86857E-5