0.000000000000000000e+00 9.622500000000000497e-02 1.924500000000000099e-01 2.886799999999999922e-01 3.849000000000000199e-01 4.811300000000000021e-01 5.773500000000000298e-01 6.735799999999999566e-01 7.698000000000000398e-01 8.660299999999999665e-01 9.622500000000000497e-01 1.058499999999999996e+00 1.154700000000000060e+00 1.250899999999999901e+00 1.347199999999999953e+00 1.443400000000000016e+00 1.539600000000000080e+00 1.635799999999999921e+00 1.732099999999999973e+00
0.000000000000000000e+00 9.622500000000000497e-02 1.924500000000000099e-01 2.886799999999999922e-01 3.849000000000000199e-01 4.811300000000000021e-01 5.773500000000000298e-01 6.735799999999999566e-01 7.698000000000000398e-01 8.660299999999999665e-01 9.622500000000000497e-01 1.058499999999999996e+00 1.154700000000000060e+00 1.250899999999999901e+00 1.347199999999999953e+00 1.443400000000000016e+00 1.539600000000000080e+00 1.635799999999999921e+00 1.732099999999999973e+00
0.000000000000000000e+00 9.622500000000000497e-02 1.924500000000000099e-01 2.886799999999999922e-01 3.849000000000000199e-01 4.811300000000000021e-01 5.773500000000000298e-01 6.735799999999999566e-01 7.698000000000000398e-01 8.660299999999999665e-01 9.622500000000000497e-01 1.058499999999999996e+00 1.154700000000000060e+00 1.250899999999999901e+00 1.347199999999999953e+00 1.443400000000000016e+00 1.539600000000000080e+00 1.635799999999999921e+00 1.732099999999999973e+00
0.000000000000000000e+00 9.622500000000000497e-02 1.924500000000000099e-01 2.886799999999999922e-01 3.849000000000000199e-01 4.811300000000000021e-01 5.773500000000000298e-01 6.735799999999999566e-01 7.698000000000000398e-01 8.660299999999999665e-01 9.622500000000000497e-01 1.058499999999999996e+00 1.154700000000000060e+00 1.250899999999999901e+00 1.347199999999999953e+00 1.443400000000000016e+00 1.539600000000000080e+00 1.635799999999999921e+00 1.732099999999999973e+00
0.000000000000000000e+00 9.622500000000000497e-02 1.924500000000000099e-01 2.886799999999999922e-01 3.849000000000000199e-01 4.811300000000000021e-01 5.773500000000000298e-01 6.735799999999999566e-01 7.698000000000000398e-01 8.660299999999999665e-01 9.622500000000000497e-01 1.058499999999999996e+00 1.154700000000000060e+00 1.250899999999999901e+00 1.347199999999999953e+00 1.443400000000000016e+00 1.539600000000000080e+00 1.635799999999999921e+00 1.732099999999999973e+00
0.000000000000000000e+00 9.622500000000000497e-02 1.924500000000000099e-01 2.886799999999999922e-01 3.849000000000000199e-01 4.811300000000000021e-01 5.773500000000000298e-01 6.735799999999999566e-01 7.698000000000000398e-01 8.660299999999999665e-01 9.622500000000000497e-01 1.058499999999999996e+00 1.154700000000000060e+00 1.250899999999999901e+00 1.347199999999999953e+00 1.443400000000000016e+00 1.539600000000000080e+00 1.635799999999999921e+00 1.732099999999999973e+00
0.000000000000000000e+00 9.622500000000000497e-02 1.924500000000000099e-01 2.886799999999999922e-01 3.849000000000000199e-01 4.811300000000000021e-01 5.773500000000000298e-01 6.735799999999999566e-01 7.698000000000000398e-01 8.660299999999999665e-01 9.622500000000000497e-01 1.058499999999999996e+00 1.154700000000000060e+00 1.250899999999999901e+00 1.347199999999999953e+00 1.443400000000000016e+00 1.539600000000000080e+00 1.635799999999999921e+00 1.732099999999999973e+00
0.000000000000000000e+00 9.622500000000000497e-02 1.924500000000000099e-01 2.886799999999999922e-01 3.849000000000000199e-01 4.811300000000000021e-01 5.773500000000000298e-01 6.735799999999999566e-01 7.698000000000000398e-01 8.660299999999999665e-01 9.622500000000000497e-01 1.058499999999999996e+00 1.154700000000000060e+00 1.250899999999999901e+00 1.347199999999999953e+00 1.443400000000000016e+00 1.539600000000000080e+00 1.635799999999999921e+00 1.732099999999999973e+00
0.000000000000000000e+00 9.622500000000000497e-02 1.924500000000000099e-01 2.886799999999999922e-01 3.849000000000000199e-01 4.811300000000000021e-01 5.773500000000000298e-01 6.735799999999999566e-01 7.698000000000000398e-01 8.660299999999999665e-01 9.622500000000000497e-01 1.058499999999999996e+00 1.154700000000000060e+00 1.250899999999999901e+00 1.347199999999999953e+00 1.443400000000000016e+00 1.539600000000000080e+00 1.635799999999999921e+00 1.732099999999999973e+00
0.000000000000000000e+00 9.622500000000000497e-02 1.924500000000000099e-01 2.886799999999999922e-01 3.849000000000000199e-01 4.811300000000000021e-01 5.773500000000000298e-01 6.735799999999999566e-01 7.698000000000000398e-01 8.660299999999999665e-01 9.622500000000000497e-01 1.058499999999999996e+00 1.154700000000000060e+00 1.250899999999999901e+00 1.347199999999999953e+00 1.443400000000000016e+00 1.539600000000000080e+00 1.635799999999999921e+00 1.732099999999999973e+00
0.000000000000000000e+00 9.622500000000000497e-02 1.924500000000000099e-01 2.886799999999999922e-01 3.849000000000000199e-01 4.811300000000000021e-01 5.773500000000000298e-01 6.735799999999999566e-01 7.698000000000000398e-01 8.660299999999999665e-01 9.622500000000000497e-01 1.058499999999999996e+00 1.154700000000000060e+00 1.250899999999999901e+00 1.347199999999999953e+00 1.443400000000000016e+00 1.539600000000000080e+00 1.635799999999999921e+00 1.732099999999999973e+00
