24.660175000000002 22.407175 22.450875 30.481775 5.0550806522369385
23.674275 26.621850000000002 26.624025 23.07985 4.956787347793579
24.4832 25.737525 25.740275 24.038999999999998 5.116177320480347
24.175125 25.391025 25.387900000000002 25.04595 5.274170637130737
23.503125 25.75115 25.749899999999997 24.995825 5.34349799156189
22.9438 26.145625 26.146649999999998 24.763925 5.035188674926758
22.270075 26.539475000000003 26.54025 24.650199999999998 5.356753587722778
21.53585 26.9574 26.95905 24.5477 5.606938123703003
20.763275 27.418625000000002 27.419874999999998 24.398225 5.568276643753052
19.893549999999998 27.95355 27.9552 24.1977 5.66951060295105
18.9348 28.56035 28.563100000000002 23.94175 6.0099523067474365
17.971275000000002 29.191925 29.193425 23.643375 6.459028959274292
16.9875 29.860874999999997 29.861925 23.2897 7.023112773895264
15.99595 30.559324999999998 30.5603 22.884425 7.616786479949951
15.013499999999999 31.2786 31.2801 22.4278 8.432159185409546
14.05545 32.00825 32.009425 21.926875000000003 9.390628576278687
13.13415 32.73805 32.73965 21.38815 10.59225869178772
12.2659 33.458475 33.46 20.815624999999997 12.157909870147705
11.44435 34.161875 34.164875 20.2289 13.410587072372437
10.683325 34.844025 34.846975 19.625675 15.073110342025757
9.978275 35.498475 35.4967 19.02655 17.35225224494934
9.315375 36.1223 36.12545 18.436875 19.76973819732666
8.688825 36.726925 36.729275 17.854975 22.321820974349976
8.1427 37.266349999999996 37.26995 17.321 25.460288286209106
7.5783000000000005 37.847975 37.8491 16.724625 43.19566631317139
6.943125 38.487 38.490625 16.079250000000002 33.916691303253174
6.598875 38.876975 38.87625 15.6479 36.858006715774536
6.1922749999999995 39.206775 39.2097 15.391250000000001 41.633692264556885
5.778125 39.647775 39.649075 14.925025 46.72474265098572
5.438325 40.040975 40.04385 14.476849999999999 67.93746161460876
